3236 408 341
366 165 -1 0
365 165 -1 0
369 164 -1 0
368 164 -1 0
367 164 -1 0
366 164 -1 0
365 164 -1 0
364 164 -1 0
363 164 -1 0
362 164 -1 0
370 163 -1 0
369 163 -1 0
368 163 -1 0
367 163 -1 0
366 163 -1 0
365 163 -1 0
364 163 -1 0
363 163 -1 0
362 163 -1 0
361 163 -1 0
370 162 -1 0
369 162 -1 0
368 162 -1 0
367 162 -1 0
366 162 -1 0
365 162 -1 0
364 162 -1 0
363 162 -1 0
362 162 -1 0
361 162 -1 0
370 161 -1 0
369 161 -1 0
368 161 -1 0
367 161 -1 0
366 161 -1 0
365 161 -1 0
364 161 -1 0
363 161 -1 0
362 161 -1 0
361 161 -1 0
371 160 -1 0
370 160 -1 0
369 160 -1 0
368 160 -1 0
367 160 -1 0
366 160 -1 0
365 160 -1 0
364 160 -1 0
363 160 -1 0
362 160 -1 0
361 160 -1 0
360 160 -1 0
371 159 -1 0
370 159 -1 0
369 159 -1 0
368 159 -1 0
367 159 -1 0
366 159 -1 0
365 159 -1 0
364 159 -1 0
363 159 -1 0
362 159 -1 0
361 159 -1 0
370 158 -1 0
369 158 -1 0
368 158 -1 0
367 158 -1 0
366 158 -1 0
365 158 -1 0
364 158 -1 0
363 158 -1 0
362 158 -1 0
361 158 -1 0
371 157 -1 0
370 157 -1 0
369 157 -1 0
368 157 -1 0
367 157 -1 0
366 157 -1 0
365 157 -1 0
364 157 -1 0
363 157 -1 0
362 157 -1 0
361 157 -1 0
371 156 -1 0
370 156 -1 0
369 156 -1 0
368 156 -1 0
367 156 -1 0
366 156 -1 0
365 156 -1 0
364 156 -1 0
363 156 -1 0
362 156 -1 0
361 156 -1 0
371 155 -1 0
370 155 -1 0
369 155 -1 0
368 155 -1 0
367 155 -1 0
366 155 -1 0
365 155 -1 0
364 155 -1 0
363 155 -1 0
362 155 -1 0
361 155 -1 0
371 154 -1 0
370 154 -1 0
369 154 -1 0
368 154 -1 0
367 154 -1 0
366 154 -1 0
365 154 -1 0
364 154 -1 0
363 154 -1 0
362 154 -1 0
361 154 -1 0
370 153 -1 0
369 153 -1 0
368 153 -1 0
367 153 -1 0
366 153 -1 0
365 153 -1 0
364 153 -1 0
363 153 -1 0
362 153 -1 0
371 152 -1 0
370 152 -1 0
369 152 -1 0
368 152 -1 0
367 152 -1 0
366 152 -1 0
365 152 -1 0
364 152 -1 0
363 152 -1 0
362 152 -1 0
361 152 -1 0
371 151 -1 0
370 151 -1 0
369 151 -1 0
368 151 -1 0
367 151 -1 0
366 151 -1 0
365 151 -1 0
364 151 -1 0
363 151 -1 0
362 151 -1 0
361 151 -1 0
370 150 -1 0
369 150 -1 0
368 150 -1 0
367 150 -1 0
366 150 -1 0
365 150 -1 0
364 150 -1 0
363 150 -1 0
362 150 -1 0
371 149 -1 0
370 149 -1 0
369 149 -1 0
368 149 -1 0
367 149 -1 0
366 149 -1 0
365 149 -1 0
364 149 -1 0
363 149 -1 0
362 149 -1 0
361 149 -1 0
371 148 -1 0
370 148 -1 0
369 148 -1 0
368 148 -1 0
367 148 -1 0
366 148 -1 0
365 148 -1 0
364 148 -1 0
363 148 -1 0
362 148 -1 0
361 148 -1 0
371 147 -1 0
370 147 -1 0
369 147 -1 0
368 147 -1 0
367 147 -1 0
366 147 -1 0
365 147 -1 0
364 147 -1 0
363 147 -1 0
362 147 -1 0
371 146 -1 0
370 146 -1 0
369 146 -1 0
368 146 -1 0
367 146 -1 0
366 146 -1 0
365 146 -1 0
364 146 -1 0
363 146 -1 0
362 146 -1 0
372 145 -1 0
371 145 -1 0
370 145 -1 0
369 145 -1 0
368 145 -1 0
367 145 -1 0
366 145 -1 0
365 145 -1 0
364 145 -1 0
363 145 -1 0
362 145 -1 0
304 145 -1 0
303 145 -1 0
302 145 -1 0
371 144 -1 0
370 144 -1 0
369 144 -1 0
368 144 -1 0
367 144 -1 0
366 144 -1 0
365 144 -1 0
364 144 -1 0
363 144 -1 0
307 144 -1 0
306 144 -1 0
305 144 -1 0
304 144 -1 0
303 144 -1 0
302 144 -1 0
301 144 -1 0
300 144 -1 0
299 144 -1 0
371 143 -1 0
370 143 -1 0
369 143 -1 0
368 143 -1 0
367 143 -1 0
366 143 -1 0
365 143 -1 0
364 143 -1 0
363 143 -1 0
308 143 -1 0
307 143 -1 0
306 143 -1 0
305 143 -1 0
304 143 -1 0
303 143 -1 0
302 143 -1 0
301 143 -1 0
300 143 -1 0
299 143 -1 0
298 143 -1 0
371 142 -1 0
370 142 -1 0
369 142 -1 0
368 142 -1 0
367 142 -1 0
366 142 -1 0
365 142 -1 0
364 142 -1 0
363 142 -1 0
308 142 -1 0
307 142 -1 0
306 142 -1 0
305 142 -1 0
304 142 -1 0
303 142 -1 0
302 142 -1 0
301 142 -1 0
300 142 -1 0
299 142 -1 0
298 142 -1 0
297 142 -1 0
371 141 -1 0
370 141 -1 0
369 141 -1 0
368 141 -1 0
367 141 -1 0
366 141 -1 0
365 141 -1 0
364 141 -1 0
363 141 -1 0
308 141 -1 0
307 141 -1 0
306 141 -1 0
305 141 -1 0
304 141 -1 0
303 141 -1 0
302 141 -1 0
301 141 -1 0
300 141 -1 0
299 141 -1 0
298 141 -1 0
297 141 -1 0
296 141 -1 0
371 140 -1 0
370 140 -1 0
369 140 -1 0
368 140 -1 0
367 140 -1 0
366 140 -1 0
365 140 -1 0
364 140 -1 0
363 140 -1 0
309 140 -1 0
308 140 -1 0
307 140 -1 0
306 140 -1 0
305 140 -1 0
304 140 -1 0
303 140 -1 0
302 140 -1 0
301 140 -1 0
300 140 -1 0
299 140 -1 0
298 140 -1 0
297 140 -1 0
296 140 -1 0
295 140 -1 0
372 139 -1 0
371 139 -1 0
370 139 -1 0
369 139 -1 0
368 139 -1 0
367 139 -1 0
366 139 -1 0
365 139 -1 0
364 139 -1 0
363 139 -1 0
362 139 -1 0
308 139 -1 0
307 139 -1 0
306 139 -1 0
305 139 -1 0
304 139 -1 0
303 139 -1 0
302 139 -1 0
301 139 -1 0
300 139 -1 0
299 139 -1 0
298 139 -1 0
297 139 -1 0
296 139 -1 0
295 139 -1 0
294 139 -1 0
372 138 -1 0
371 138 -1 0
370 138 -1 0
369 138 -1 0
368 138 -1 0
367 138 -1 0
366 138 -1 0
365 138 -1 0
364 138 -1 0
363 138 -1 0
362 138 -1 0
308 138 -1 0
307 138 -1 0
306 138 -1 0
305 138 -1 0
304 138 -1 0
303 138 -1 0
302 138 -1 0
301 138 -1 0
300 138 -1 0
299 138 -1 0
298 138 -1 0
297 138 -1 0
296 138 -1 0
295 138 -1 0
294 138 -1 0
371 137 -1 0
370 137 -1 0
369 137 -1 0
368 137 -1 0
367 137 -1 0
366 137 -1 0
365 137 -1 0
364 137 -1 0
363 137 -1 0
308 137 -1 0
307 137 -1 0
306 137 -1 0
305 137 -1 0
304 137 -1 0
303 137 -1 0
302 137 -1 0
301 137 -1 0
300 137 -1 0
299 137 -1 0
298 137 -1 0
297 137 -1 0
296 137 -1 0
295 137 -1 0
294 137 -1 0
371 136 -1 0
370 136 -1 0
369 136 -1 0
368 136 -1 0
367 136 -1 0
366 136 -1 0
365 136 -1 0
364 136 -1 0
363 136 -1 0
307 136 -1 0
306 136 -1 0
305 136 -1 0
304 136 -1 0
303 136 -1 0
302 136 -1 0
301 136 -1 0
300 136 -1 0
299 136 -1 0
298 136 -1 0
297 136 -1 0
296 136 -1 0
295 136 -1 0
294 136 -1 0
293 136 -1 0
371 135 -1 0
370 135 -1 0
369 135 -1 0
368 135 -1 0
367 135 -1 0
366 135 -1 0
365 135 -1 0
364 135 -1 0
363 135 -1 0
304 135 -1 0
303 135 -1 0
302 135 -1 0
301 135 -1 0
300 135 -1 0
299 135 -1 0
298 135 -1 0
297 135 -1 0
296 135 -1 0
295 135 -1 0
294 135 -1 0
293 135 -1 0
292 135 -1 0
372 134 -1 0
371 134 -1 0
370 134 -1 0
369 134 -1 0
368 134 -1 0
367 134 -1 0
366 134 -1 0
365 134 -1 0
364 134 -1 0
363 134 -1 0
362 134 -1 0
303 134 -1 0
302 134 -1 0
301 134 -1 0
300 134 -1 0
299 134 -1 0
298 134 -1 0
297 134 -1 0
296 134 -1 0
295 134 -1 0
294 134 -1 0
293 134 -1 0
292 134 -1 0
371 133 -1 0
370 133 -1 0
369 133 -1 0
368 133 -1 0
367 133 -1 0
366 133 -1 0
365 133 -1 0
364 133 -1 0
363 133 -1 0
302 133 -1 0
301 133 -1 0
300 133 -1 0
299 133 -1 0
298 133 -1 0
297 133 -1 0
296 133 -1 0
295 133 -1 0
294 133 -1 0
293 133 -1 0
292 133 -1 0
291 133 -1 0
371 132 -1 0
370 132 -1 0
369 132 -1 0
368 132 -1 0
367 132 -1 0
366 132 -1 0
365 132 -1 0
364 132 -1 0
363 132 -1 0
302 132 -1 0
301 132 -1 0
300 132 -1 0
299 132 -1 0
298 132 -1 0
297 132 -1 0
296 132 -1 0
295 132 -1 0
294 132 -1 0
293 132 -1 0
292 132 -1 0
291 132 -1 0
371 131 -1 0
370 131 -1 0
369 131 -1 0
368 131 -1 0
367 131 -1 0
366 131 -1 0
365 131 -1 0
364 131 -1 0
363 131 -1 0
302 131 -1 0
301 131 -1 0
300 131 -1 0
299 131 -1 0
298 131 -1 0
297 131 -1 0
296 131 -1 0
295 131 -1 0
294 131 -1 0
293 131 -1 0
292 131 -1 0
291 131 -1 0
290 131 -1 0
372 130 -1 0
371 130 -1 0
370 130 -1 0
369 130 -1 0
368 130 -1 0
367 130 -1 0
366 130 -1 0
365 130 -1 0
364 130 -1 0
363 130 -1 0
362 130 -1 0
301 130 -1 0
300 130 -1 0
299 130 -1 0
298 130 -1 0
297 130 -1 0
296 130 -1 0
295 130 -1 0
294 130 -1 0
293 130 -1 0
292 130 -1 0
291 130 -1 0
290 130 -1 0
372 129 -1 0
371 129 -1 0
370 129 -1 0
369 129 -1 0
368 129 -1 0
367 129 -1 0
366 129 -1 0
365 129 -1 0
364 129 -1 0
363 129 -1 0
362 129 -1 0
301 129 -1 0
300 129 -1 0
299 129 -1 0
298 129 -1 0
297 129 -1 0
296 129 -1 0
295 129 -1 0
294 129 -1 0
293 129 -1 0
292 129 -1 0
291 129 -1 0
290 129 -1 0
371 128 -1 0
370 128 -1 0
369 128 -1 0
368 128 -1 0
367 128 -1 0
366 128 -1 0
365 128 -1 0
364 128 -1 0
363 128 -1 0
300 128 -1 0
299 128 -1 0
298 128 -1 0
297 128 -1 0
296 128 -1 0
295 128 -1 0
294 128 -1 0
293 128 -1 0
292 128 -1 0
291 128 -1 0
290 128 -1 0
289 128 -1 0
371 127 -1 0
370 127 -1 0
369 127 -1 0
368 127 -1 0
367 127 -1 0
366 127 -1 0
365 127 -1 0
364 127 -1 0
363 127 -1 0
299 127 -1 0
298 127 -1 0
297 127 -1 0
296 127 -1 0
295 127 -1 0
294 127 -1 0
293 127 -1 0
292 127 -1 0
291 127 -1 0
290 127 -1 0
289 127 -1 0
371 126 -1 0
370 126 -1 0
369 126 -1 0
368 126 -1 0
367 126 -1 0
366 126 -1 0
365 126 -1 0
364 126 -1 0
363 126 -1 0
299 126 -1 0
298 126 -1 0
297 126 -1 0
296 126 -1 0
295 126 -1 0
294 126 -1 0
293 126 -1 0
292 126 -1 0
291 126 -1 0
290 126 -1 0
289 126 -1 0
371 125 -1 0
370 125 -1 0
369 125 -1 0
368 125 -1 0
367 125 -1 0
366 125 -1 0
365 125 -1 0
364 125 -1 0
363 125 -1 0
298 125 -1 0
297 125 -1 0
296 125 -1 0
295 125 -1 0
294 125 -1 0
293 125 -1 0
292 125 -1 0
291 125 -1 0
290 125 -1 0
289 125 -1 0
288 125 -1 0
372 124 -1 0
371 124 -1 0
370 124 -1 0
369 124 -1 0
368 124 -1 0
367 124 -1 0
366 124 -1 0
365 124 -1 0
364 124 -1 0
363 124 -1 0
362 124 -1 0
298 124 -1 0
297 124 -1 0
296 124 -1 0
295 124 -1 0
294 124 -1 0
293 124 -1 0
292 124 -1 0
291 124 -1 0
290 124 -1 0
289 124 -1 0
288 124 -1 0
371 123 -1 0
370 123 -1 0
369 123 -1 0
368 123 -1 0
367 123 -1 0
366 123 -1 0
365 123 -1 0
364 123 -1 0
363 123 -1 0
298 123 -1 0
297 123 -1 0
296 123 -1 0
295 123 -1 0
294 123 -1 0
293 123 -1 0
292 123 -1 0
291 123 -1 0
290 123 -1 0
289 123 -1 0
288 123 -1 0
287 123 -1 0
371 122 -1 0
370 122 -1 0
369 122 -1 0
368 122 -1 0
367 122 -1 0
366 122 -1 0
365 122 -1 0
364 122 -1 0
363 122 -1 0
297 122 -1 0
296 122 -1 0
295 122 -1 0
294 122 -1 0
293 122 -1 0
292 122 -1 0
291 122 -1 0
290 122 -1 0
289 122 -1 0
288 122 -1 0
287 122 -1 0
286 122 -1 0
285 122 -1 0
372 121 -1 0
371 121 -1 0
370 121 -1 0
369 121 -1 0
368 121 -1 0
367 121 -1 0
366 121 -1 0
365 121 -1 0
364 121 -1 0
363 121 -1 0
297 121 -1 0
296 121 -1 0
295 121 -1 0
294 121 -1 0
293 121 -1 0
292 121 -1 0
291 121 -1 0
290 121 -1 0
289 121 -1 0
288 121 -1 0
287 121 -1 0
286 121 -1 0
285 121 -1 0
284 121 -1 0
372 120 -1 0
371 120 -1 0
370 120 -1 0
369 120 -1 0
368 120 -1 0
367 120 -1 0
366 120 -1 0
365 120 -1 0
364 120 -1 0
296 120 -1 0
295 120 -1 0
294 120 -1 0
293 120 -1 0
292 120 -1 0
291 120 -1 0
290 120 -1 0
289 120 -1 0
288 120 -1 0
287 120 -1 0
286 120 -1 0
285 120 -1 0
284 120 -1 0
372 119 -1 0
371 119 -1 0
370 119 -1 0
369 119 -1 0
368 119 -1 0
367 119 -1 0
366 119 -1 0
365 119 -1 0
364 119 -1 0
296 119 -1 0
295 119 -1 0
294 119 -1 0
293 119 -1 0
292 119 -1 0
291 119 -1 0
290 119 -1 0
289 119 -1 0
288 119 -1 0
287 119 -1 0
286 119 -1 0
285 119 -1 0
284 119 -1 0
283 119 -1 0
373 118 -1 0
372 118 -1 0
371 118 -1 0
370 118 -1 0
369 118 -1 0
368 118 -1 0
367 118 -1 0
366 118 -1 0
365 118 -1 0
364 118 -1 0
363 118 -1 0
295 118 -1 0
294 118 -1 0
293 118 -1 0
292 118 -1 0
291 118 -1 0
290 118 -1 0
289 118 -1 0
288 118 -1 0
287 118 -1 0
286 118 -1 0
285 118 -1 0
284 118 -1 0
283 118 -1 0
374 117 -1 0
373 117 -1 0
372 117 -1 0
371 117 -1 0
370 117 -1 0
369 117 -1 0
368 117 -1 0
367 117 -1 0
366 117 -1 0
365 117 -1 0
364 117 -1 0
295 117 -1 0
294 117 -1 0
293 117 -1 0
292 117 -1 0
291 117 -1 0
290 117 -1 0
289 117 -1 0
288 117 -1 0
287 117 -1 0
286 117 -1 0
285 117 -1 0
284 117 -1 0
283 117 -1 0
282 117 -1 0
374 116 -1 0
373 116 -1 0
372 116 -1 0
371 116 -1 0
370 116 -1 0
369 116 -1 0
368 116 -1 0
367 116 -1 0
366 116 -1 0
365 116 -1 0
364 116 -1 0
294 116 -1 0
293 116 -1 0
292 116 -1 0
291 116 -1 0
290 116 -1 0
289 116 -1 0
288 116 -1 0
287 116 -1 0
286 116 -1 0
285 116 -1 0
284 116 -1 0
283 116 -1 0
282 116 -1 0
281 116 -1 0
374 115 -1 0
373 115 -1 0
372 115 -1 0
371 115 -1 0
370 115 -1 0
369 115 -1 0
368 115 -1 0
367 115 -1 0
366 115 -1 0
365 115 -1 0
364 115 -1 0
293 115 -1 0
292 115 -1 0
291 115 -1 0
290 115 -1 0
289 115 -1 0
288 115 -1 0
287 115 -1 0
286 115 -1 0
285 115 -1 0
284 115 -1 0
283 115 -1 0
282 115 -1 0
281 115 -1 0
280 115 -1 0
375 114 -1 0
374 114 -1 0
373 114 -1 0
372 114 -1 0
371 114 -1 0
370 114 -1 0
369 114 -1 0
368 114 -1 0
367 114 -1 0
366 114 -1 0
365 114 -1 0
292 114 -1 0
291 114 -1 0
290 114 -1 0
289 114 -1 0
288 114 -1 0
287 114 -1 0
286 114 -1 0
285 114 -1 0
284 114 -1 0
283 114 -1 0
282 114 -1 0
281 114 -1 0
280 114 -1 0
279 114 -1 0
374 113 -1 0
373 113 -1 0
372 113 -1 0
371 113 -1 0
370 113 -1 0
369 113 -1 0
368 113 -1 0
367 113 -1 0
366 113 -1 0
291 113 -1 0
290 113 -1 0
289 113 -1 0
288 113 -1 0
287 113 -1 0
286 113 -1 0
285 113 -1 0
284 113 -1 0
283 113 -1 0
282 113 -1 0
281 113 -1 0
280 113 -1 0
279 113 -1 0
374 112 -1 0
373 112 -1 0
372 112 -1 0
371 112 -1 0
370 112 -1 0
369 112 -1 0
368 112 -1 0
367 112 -1 0
366 112 -1 0
291 112 -1 0
290 112 -1 0
289 112 -1 0
288 112 -1 0
287 112 -1 0
286 112 -1 0
285 112 -1 0
284 112 -1 0
283 112 -1 0
282 112 -1 0
281 112 -1 0
280 112 -1 0
279 112 -1 0
278 112 -1 0
375 111 -1 0
374 111 -1 0
373 111 -1 0
372 111 -1 0
371 111 -1 0
370 111 -1 0
369 111 -1 0
368 111 -1 0
367 111 -1 0
366 111 -1 0
290 111 -1 0
289 111 -1 0
288 111 -1 0
287 111 -1 0
286 111 -1 0
285 111 -1 0
284 111 -1 0
283 111 -1 0
282 111 -1 0
281 111 -1 0
280 111 -1 0
279 111 -1 0
278 111 -1 0
376 110 -1 0
375 110 -1 0
374 110 -1 0
373 110 -1 0
372 110 -1 0
371 110 -1 0
370 110 -1 0
369 110 -1 0
368 110 -1 0
367 110 -1 0
289 110 -1 0
288 110 -1 0
287 110 -1 0
286 110 -1 0
285 110 -1 0
284 110 -1 0
283 110 -1 0
282 110 -1 0
281 110 -1 0
280 110 -1 0
279 110 -1 0
278 110 -1 0
277 110 -1 0
376 109 -1 0
375 109 -1 0
374 109 -1 0
373 109 -1 0
372 109 -1 0
371 109 -1 0
370 109 -1 0
369 109 -1 0
368 109 -1 0
288 109 -1 0
287 109 -1 0
286 109 -1 0
285 109 -1 0
284 109 -1 0
283 109 -1 0
282 109 -1 0
281 109 -1 0
280 109 -1 0
279 109 -1 0
278 109 -1 0
277 109 -1 0
276 109 -1 0
376 108 -1 0
375 108 -1 0
374 108 -1 0
373 108 -1 0
372 108 -1 0
371 108 -1 0
370 108 -1 0
369 108 -1 0
368 108 -1 0
287 108 -1 0
286 108 -1 0
285 108 -1 0
284 108 -1 0
283 108 -1 0
282 108 -1 0
281 108 -1 0
280 108 -1 0
279 108 -1 0
278 108 -1 0
277 108 -1 0
276 108 -1 0
377 107 -1 0
376 107 -1 0
375 107 -1 0
374 107 -1 0
373 107 -1 0
372 107 -1 0
371 107 -1 0
370 107 -1 0
369 107 -1 0
368 107 -1 0
367 107 -1 0
287 107 -1 0
286 107 -1 0
285 107 -1 0
284 107 -1 0
283 107 -1 0
282 107 -1 0
281 107 -1 0
280 107 -1 0
279 107 -1 0
278 107 -1 0
277 107 -1 0
276 107 -1 0
376 106 -1 0
375 106 -1 0
374 106 -1 0
373 106 -1 0
372 106 -1 0
371 106 -1 0
370 106 -1 0
369 106 -1 0
368 106 -1 0
286 106 -1 0
285 106 -1 0
284 106 -1 0
283 106 -1 0
282 106 -1 0
281 106 -1 0
280 106 -1 0
279 106 -1 0
278 106 -1 0
277 106 -1 0
276 106 -1 0
275 106 -1 0
376 105 -1 0
375 105 -1 0
374 105 -1 0
373 105 -1 0
372 105 -1 0
371 105 -1 0
370 105 -1 0
369 105 -1 0
368 105 -1 0
285 105 -1 0
284 105 -1 0
283 105 -1 0
282 105 -1 0
281 105 -1 0
280 105 -1 0
279 105 -1 0
278 105 -1 0
277 105 -1 0
276 105 -1 0
275 105 -1 0
274 105 -1 0
376 104 -1 0
375 104 -1 0
374 104 -1 0
373 104 -1 0
372 104 -1 0
371 104 -1 0
370 104 -1 0
369 104 -1 0
368 104 -1 0
284 104 -1 0
283 104 -1 0
282 104 -1 0
281 104 -1 0
280 104 -1 0
279 104 -1 0
278 104 -1 0
277 104 -1 0
276 104 -1 0
275 104 -1 0
274 104 -1 0
273 104 -1 0
376 103 -1 0
375 103 -1 0
374 103 -1 0
373 103 -1 0
372 103 -1 0
371 103 -1 0
370 103 -1 0
369 103 -1 0
368 103 -1 0
284 103 -1 0
283 103 -1 0
282 103 -1 0
281 103 -1 0
280 103 -1 0
279 103 -1 0
278 103 -1 0
277 103 -1 0
276 103 -1 0
275 103 -1 0
274 103 -1 0
273 103 -1 0
272 103 -1 0
376 102 -1 0
375 102 -1 0
374 102 -1 0
373 102 -1 0
372 102 -1 0
371 102 -1 0
370 102 -1 0
369 102 -1 0
368 102 -1 0
283 102 -1 0
282 102 -1 0
281 102 -1 0
280 102 -1 0
279 102 -1 0
278 102 -1 0
277 102 -1 0
276 102 -1 0
275 102 -1 0
274 102 -1 0
273 102 -1 0
272 102 -1 0
376 101 -1 0
375 101 -1 0
374 101 -1 0
373 101 -1 0
372 101 -1 0
371 101 -1 0
370 101 -1 0
369 101 -1 0
368 101 -1 0
282 101 -1 0
281 101 -1 0
280 101 -1 0
279 101 -1 0
278 101 -1 0
277 101 -1 0
276 101 -1 0
275 101 -1 0
274 101 -1 0
273 101 -1 0
272 101 -1 0
271 101 -1 0
377 100 -1 0
376 100 -1 0
375 100 -1 0
374 100 -1 0
373 100 -1 0
372 100 -1 0
371 100 -1 0
370 100 -1 0
369 100 -1 0
368 100 -1 0
367 100 -1 0
282 100 -1 0
281 100 -1 0
280 100 -1 0
279 100 -1 0
278 100 -1 0
277 100 -1 0
276 100 -1 0
275 100 -1 0
274 100 -1 0
273 100 -1 0
272 100 -1 0
271 100 -1 0
376 99 -1 0
375 99 -1 0
374 99 -1 0
373 99 -1 0
372 99 -1 0
371 99 -1 0
370 99 -1 0
369 99 -1 0
368 99 -1 0
282 99 -1 0
281 99 -1 0
280 99 -1 0
279 99 -1 0
278 99 -1 0
277 99 -1 0
276 99 -1 0
275 99 -1 0
274 99 -1 0
273 99 -1 0
272 99 -1 0
271 99 -1 0
270 99 -1 0
269 99 -1 0
376 98 -1 0
375 98 -1 0
374 98 -1 0
373 98 -1 0
372 98 -1 0
371 98 -1 0
370 98 -1 0
369 98 -1 0
368 98 -1 0
281 98 -1 0
280 98 -1 0
279 98 -1 0
278 98 -1 0
277 98 -1 0
276 98 -1 0
275 98 -1 0
274 98 -1 0
273 98 -1 0
272 98 -1 0
271 98 -1 0
270 98 -1 0
269 98 -1 0
268 98 -1 0
376 97 -1 0
375 97 -1 0
374 97 -1 0
373 97 -1 0
372 97 -1 0
371 97 -1 0
370 97 -1 0
369 97 -1 0
368 97 -1 0
280 97 -1 0
279 97 -1 0
278 97 -1 0
277 97 -1 0
276 97 -1 0
275 97 -1 0
274 97 -1 0
273 97 -1 0
272 97 -1 0
271 97 -1 0
270 97 -1 0
269 97 -1 0
268 97 -1 0
376 96 -1 0
375 96 -1 0
374 96 -1 0
373 96 -1 0
372 96 -1 0
371 96 -1 0
370 96 -1 0
369 96 -1 0
279 96 -1 0
278 96 -1 0
277 96 -1 0
276 96 -1 0
275 96 -1 0
274 96 -1 0
273 96 -1 0
272 96 -1 0
271 96 -1 0
270 96 -1 0
269 96 -1 0
268 96 -1 0
267 96 -1 0
377 95 -1 0
376 95 -1 0
375 95 -1 0
374 95 -1 0
373 95 -1 0
372 95 -1 0
371 95 -1 0
370 95 -1 0
369 95 -1 0
279 95 -1 0
278 95 -1 0
277 95 -1 0
276 95 -1 0
275 95 -1 0
274 95 -1 0
273 95 -1 0
272 95 -1 0
271 95 -1 0
270 95 -1 0
269 95 -1 0
268 95 -1 0
267 95 -1 0
377 94 -1 0
376 94 -1 0
375 94 -1 0
374 94 -1 0
373 94 -1 0
372 94 -1 0
371 94 -1 0
370 94 -1 0
369 94 -1 0
279 94 -1 0
278 94 -1 0
277 94 -1 0
276 94 -1 0
275 94 -1 0
274 94 -1 0
273 94 -1 0
272 94 -1 0
271 94 -1 0
270 94 -1 0
269 94 -1 0
268 94 -1 0
267 94 -1 0
377 93 -1 0
376 93 -1 0
375 93 -1 0
374 93 -1 0
373 93 -1 0
372 93 -1 0
371 93 -1 0
370 93 -1 0
369 93 -1 0
278 93 -1 0
277 93 -1 0
276 93 -1 0
275 93 -1 0
274 93 -1 0
273 93 -1 0
272 93 -1 0
271 93 -1 0
270 93 -1 0
269 93 -1 0
268 93 -1 0
267 93 -1 0
266 93 -1 0
265 93 -1 0
378 92 -1 0
377 92 -1 0
376 92 -1 0
375 92 -1 0
374 92 -1 0
373 92 -1 0
372 92 -1 0
371 92 -1 0
370 92 -1 0
369 92 -1 0
368 92 -1 0
276 92 -1 0
275 92 -1 0
274 92 -1 0
273 92 -1 0
272 92 -1 0
271 92 -1 0
270 92 -1 0
269 92 -1 0
268 92 -1 0
267 92 -1 0
266 92 -1 0
265 92 -1 0
264 92 -1 0
377 91 -1 0
376 91 -1 0
375 91 -1 0
374 91 -1 0
373 91 -1 0
372 91 -1 0
371 91 -1 0
370 91 -1 0
369 91 -1 0
275 91 -1 0
274 91 -1 0
273 91 -1 0
272 91 -1 0
271 91 -1 0
270 91 -1 0
269 91 -1 0
268 91 -1 0
267 91 -1 0
266 91 -1 0
265 91 -1 0
264 91 -1 0
377 90 -1 0
376 90 -1 0
375 90 -1 0
374 90 -1 0
373 90 -1 0
372 90 -1 0
371 90 -1 0
370 90 -1 0
369 90 -1 0
275 90 -1 0
274 90 -1 0
273 90 -1 0
272 90 -1 0
271 90 -1 0
270 90 -1 0
269 90 -1 0
268 90 -1 0
267 90 -1 0
266 90 -1 0
265 90 -1 0
264 90 -1 0
378 89 -1 0
377 89 -1 0
376 89 -1 0
375 89 -1 0
374 89 -1 0
373 89 -1 0
372 89 -1 0
371 89 -1 0
370 89 -1 0
369 89 -1 0
274 89 -1 0
273 89 -1 0
272 89 -1 0
271 89 -1 0
270 89 -1 0
269 89 -1 0
268 89 -1 0
267 89 -1 0
266 89 -1 0
265 89 -1 0
264 89 -1 0
263 89 -1 0
378 88 -1 0
377 88 -1 0
376 88 -1 0
375 88 -1 0
374 88 -1 0
373 88 -1 0
372 88 -1 0
371 88 -1 0
370 88 -1 0
272 88 -1 0
271 88 -1 0
270 88 -1 0
269 88 -1 0
268 88 -1 0
267 88 -1 0
266 88 -1 0
265 88 -1 0
264 88 -1 0
263 88 -1 0
378 87 -1 0
377 87 -1 0
376 87 -1 0
375 87 -1 0
374 87 -1 0
373 87 -1 0
372 87 -1 0
371 87 -1 0
370 87 -1 0
272 87 -1 0
271 87 -1 0
270 87 -1 0
269 87 -1 0
268 87 -1 0
267 87 -1 0
266 87 -1 0
265 87 -1 0
264 87 -1 0
263 87 -1 0
379 86 -1 0
378 86 -1 0
377 86 -1 0
376 86 -1 0
375 86 -1 0
374 86 -1 0
373 86 -1 0
372 86 -1 0
371 86 -1 0
370 86 -1 0
369 86 -1 0
272 86 -1 0
271 86 -1 0
270 86 -1 0
269 86 -1 0
268 86 -1 0
267 86 -1 0
266 86 -1 0
265 86 -1 0
264 86 -1 0
263 86 -1 0
262 86 -1 0
261 86 -1 0
378 85 -1 0
377 85 -1 0
376 85 -1 0
375 85 -1 0
374 85 -1 0
373 85 -1 0
372 85 -1 0
371 85 -1 0
370 85 -1 0
271 85 -1 0
270 85 -1 0
269 85 -1 0
268 85 -1 0
267 85 -1 0
266 85 -1 0
265 85 -1 0
264 85 -1 0
263 85 -1 0
262 85 -1 0
261 85 -1 0
260 85 -1 0
378 84 -1 0
377 84 -1 0
376 84 -1 0
375 84 -1 0
374 84 -1 0
373 84 -1 0
372 84 -1 0
371 84 -1 0
370 84 -1 0
271 84 -1 0
270 84 -1 0
269 84 -1 0
268 84 -1 0
267 84 -1 0
266 84 -1 0
265 84 -1 0
264 84 -1 0
263 84 -1 0
262 84 -1 0
261 84 -1 0
260 84 -1 0
259 84 -1 0
378 83 -1 0
377 83 -1 0
376 83 -1 0
375 83 -1 0
374 83 -1 0
373 83 -1 0
372 83 -1 0
371 83 -1 0
370 83 -1 0
271 83 -1 0
270 83 -1 0
269 83 -1 0
268 83 -1 0
267 83 -1 0
266 83 -1 0
265 83 -1 0
264 83 -1 0
263 83 -1 0
262 83 -1 0
261 83 -1 0
260 83 -1 0
259 83 -1 0
258 83 -1 0
378 82 -1 0
377 82 -1 0
376 82 -1 0
375 82 -1 0
374 82 -1 0
373 82 -1 0
372 82 -1 0
371 82 -1 0
370 82 -1 0
270 82 -1 0
269 82 -1 0
268 82 -1 0
267 82 -1 0
266 82 -1 0
265 82 -1 0
264 82 -1 0
263 82 -1 0
262 82 -1 0
261 82 -1 0
260 82 -1 0
259 82 -1 0
258 82 -1 0
257 82 -1 0
379 81 -1 0
378 81 -1 0
377 81 -1 0
376 81 -1 0
375 81 -1 0
374 81 -1 0
373 81 -1 0
372 81 -1 0
371 81 -1 0
370 81 -1 0
369 81 -1 0
268 81 -1 0
267 81 -1 0
266 81 -1 0
265 81 -1 0
264 81 -1 0
263 81 -1 0
262 81 -1 0
261 81 -1 0
260 81 -1 0
259 81 -1 0
258 81 -1 0
257 81 -1 0
256 81 -1 0
380 80 -1 0
379 80 -1 0
378 80 -1 0
377 80 -1 0
376 80 -1 0
375 80 -1 0
374 80 -1 0
373 80 -1 0
372 80 -1 0
371 80 -1 0
370 80 -1 0
268 80 -1 0
267 80 -1 0
266 80 -1 0
265 80 -1 0
264 80 -1 0
263 80 -1 0
262 80 -1 0
261 80 -1 0
260 80 -1 0
259 80 -1 0
258 80 -1 0
257 80 -1 0
256 80 -1 0
255 80 -1 0
380 79 -1 0
379 79 -1 0
378 79 -1 0
377 79 -1 0
376 79 -1 0
375 79 -1 0
374 79 -1 0
373 79 -1 0
372 79 -1 0
371 79 -1 0
370 79 -1 0
268 79 -1 0
267 79 -1 0
266 79 -1 0
265 79 -1 0
264 79 -1 0
263 79 -1 0
262 79 -1 0
261 79 -1 0
260 79 -1 0
259 79 -1 0
258 79 -1 0
257 79 -1 0
256 79 -1 0
255 79 -1 0
380 78 -1 0
379 78 -1 0
378 78 -1 0
377 78 -1 0
376 78 -1 0
375 78 -1 0
374 78 -1 0
373 78 -1 0
372 78 -1 0
371 78 -1 0
370 78 -1 0
267 78 -1 0
266 78 -1 0
265 78 -1 0
264 78 -1 0
263 78 -1 0
262 78 -1 0
261 78 -1 0
260 78 -1 0
259 78 -1 0
258 78 -1 0
257 78 -1 0
256 78 -1 0
255 78 -1 0
254 78 -1 0
253 78 -1 0
381 77 -1 0
380 77 -1 0
379 77 -1 0
378 77 -1 0
377 77 -1 0
376 77 -1 0
375 77 -1 0
374 77 -1 0
373 77 -1 0
372 77 -1 0
371 77 -1 0
266 77 -1 0
265 77 -1 0
264 77 -1 0
263 77 -1 0
262 77 -1 0
261 77 -1 0
260 77 -1 0
259 77 -1 0
258 77 -1 0
257 77 -1 0
256 77 -1 0
255 77 -1 0
254 77 -1 0
253 77 -1 0
252 77 -1 0
380 76 -1 0
379 76 -1 0
378 76 -1 0
377 76 -1 0
376 76 -1 0
375 76 -1 0
374 76 -1 0
373 76 -1 0
372 76 -1 0
265 76 -1 0
264 76 -1 0
263 76 -1 0
262 76 -1 0
261 76 -1 0
260 76 -1 0
259 76 -1 0
258 76 -1 0
257 76 -1 0
256 76 -1 0
255 76 -1 0
254 76 -1 0
253 76 -1 0
252 76 -1 0
380 75 -1 0
379 75 -1 0
378 75 -1 0
377 75 -1 0
376 75 -1 0
375 75 -1 0
374 75 -1 0
373 75 -1 0
372 75 -1 0
264 75 -1 0
263 75 -1 0
262 75 -1 0
261 75 -1 0
260 75 -1 0
259 75 -1 0
258 75 -1 0
257 75 -1 0
256 75 -1 0
255 75 -1 0
254 75 -1 0
253 75 -1 0
252 75 -1 0
251 75 -1 0
250 75 -1 0
380 74 -1 0
379 74 -1 0
378 74 -1 0
377 74 -1 0
376 74 -1 0
375 74 -1 0
374 74 -1 0
373 74 -1 0
372 74 -1 0
263 74 -1 0
262 74 -1 0
261 74 -1 0
260 74 -1 0
259 74 -1 0
258 74 -1 0
257 74 -1 0
256 74 -1 0
255 74 -1 0
254 74 -1 0
253 74 -1 0
252 74 -1 0
251 74 -1 0
250 74 -1 0
249 74 -1 0
381 73 -1 0
380 73 -1 0
379 73 -1 0
378 73 -1 0
377 73 -1 0
376 73 -1 0
375 73 -1 0
374 73 -1 0
373 73 -1 0
262 73 -1 0
261 73 -1 0
260 73 -1 0
259 73 -1 0
258 73 -1 0
257 73 -1 0
256 73 -1 0
255 73 -1 0
254 73 -1 0
253 73 -1 0
252 73 -1 0
251 73 -1 0
250 73 -1 0
249 73 -1 0
381 72 -1 0
380 72 -1 0
379 72 -1 0
378 72 -1 0
377 72 -1 0
376 72 -1 0
375 72 -1 0
374 72 -1 0
373 72 -1 0
260 72 -1 0
259 72 -1 0
258 72 -1 0
257 72 -1 0
256 72 -1 0
255 72 -1 0
254 72 -1 0
253 72 -1 0
252 72 -1 0
251 72 -1 0
250 72 -1 0
249 72 -1 0
248 72 -1 0
381 71 -1 0
380 71 -1 0
379 71 -1 0
378 71 -1 0
377 71 -1 0
376 71 -1 0
375 71 -1 0
374 71 -1 0
373 71 -1 0
260 71 -1 0
259 71 -1 0
258 71 -1 0
257 71 -1 0
256 71 -1 0
255 71 -1 0
254 71 -1 0
253 71 -1 0
252 71 -1 0
251 71 -1 0
250 71 -1 0
249 71 -1 0
248 71 -1 0
247 71 -1 0
246 71 -1 0
245 71 -1 0
382 70 -1 0
381 70 -1 0
380 70 -1 0
379 70 -1 0
378 70 -1 0
377 70 -1 0
376 70 -1 0
375 70 -1 0
374 70 -1 0
373 70 -1 0
372 70 -1 0
259 70 -1 0
258 70 -1 0
257 70 -1 0
256 70 -1 0
255 70 -1 0
254 70 -1 0
253 70 -1 0
252 70 -1 0
251 70 -1 0
250 70 -1 0
249 70 -1 0
248 70 -1 0
247 70 -1 0
246 70 -1 0
245 70 -1 0
244 70 -1 0
243 70 -1 0
381 69 -1 0
380 69 -1 0
379 69 -1 0
378 69 -1 0
377 69 -1 0
376 69 -1 0
375 69 -1 0
374 69 -1 0
373 69 -1 0
257 69 -1 0
256 69 -1 0
255 69 -1 0
254 69 -1 0
253 69 -1 0
252 69 -1 0
251 69 -1 0
250 69 -1 0
249 69 -1 0
248 69 -1 0
247 69 -1 0
246 69 -1 0
245 69 -1 0
244 69 -1 0
243 69 -1 0
242 69 -1 0
241 69 -1 0
382 68 -1 0
381 68 -1 0
380 68 -1 0
379 68 -1 0
378 68 -1 0
377 68 -1 0
376 68 -1 0
375 68 -1 0
374 68 -1 0
373 68 -1 0
257 68 -1 0
256 68 -1 0
255 68 -1 0
254 68 -1 0
253 68 -1 0
252 68 -1 0
251 68 -1 0
250 68 -1 0
249 68 -1 0
248 68 -1 0
247 68 -1 0
246 68 -1 0
245 68 -1 0
244 68 -1 0
243 68 -1 0
242 68 -1 0
241 68 -1 0
240 68 -1 0
382 67 -1 0
381 67 -1 0
380 67 -1 0
379 67 -1 0
378 67 -1 0
377 67 -1 0
376 67 -1 0
375 67 -1 0
374 67 -1 0
373 67 -1 0
256 67 -1 0
255 67 -1 0
254 67 -1 0
253 67 -1 0
252 67 -1 0
251 67 -1 0
250 67 -1 0
249 67 -1 0
248 67 -1 0
247 67 -1 0
246 67 -1 0
245 67 -1 0
244 67 -1 0
243 67 -1 0
242 67 -1 0
241 67 -1 0
240 67 -1 0
239 67 -1 0
382 66 -1 0
381 66 -1 0
380 66 -1 0
379 66 -1 0
378 66 -1 0
377 66 -1 0
376 66 -1 0
375 66 -1 0
374 66 -1 0
256 66 -1 0
255 66 -1 0
254 66 -1 0
253 66 -1 0
252 66 -1 0
251 66 -1 0
250 66 -1 0
249 66 -1 0
248 66 -1 0
247 66 -1 0
246 66 -1 0
245 66 -1 0
244 66 -1 0
243 66 -1 0
242 66 -1 0
241 66 -1 0
240 66 -1 0
239 66 -1 0
383 65 -1 0
382 65 -1 0
381 65 -1 0
380 65 -1 0
379 65 -1 0
378 65 -1 0
377 65 -1 0
376 65 -1 0
375 65 -1 0
374 65 -1 0
373 65 -1 0
255 65 -1 0
254 65 -1 0
253 65 -1 0
252 65 -1 0
251 65 -1 0
250 65 -1 0
249 65 -1 0
248 65 -1 0
247 65 -1 0
246 65 -1 0
245 65 -1 0
244 65 -1 0
243 65 -1 0
242 65 -1 0
241 65 -1 0
240 65 -1 0
239 65 -1 0
382 64 -1 0
381 64 -1 0
380 64 -1 0
379 64 -1 0
378 64 -1 0
377 64 -1 0
376 64 -1 0
375 64 -1 0
374 64 -1 0
252 64 -1 0
251 64 -1 0
250 64 -1 0
249 64 -1 0
248 64 -1 0
247 64 -1 0
246 64 -1 0
245 64 -1 0
244 64 -1 0
243 64 -1 0
242 64 -1 0
241 64 -1 0
240 64 -1 0
239 64 -1 0
238 64 -1 0
382 63 -1 0
381 63 -1 0
380 63 -1 0
379 63 -1 0
378 63 -1 0
377 63 -1 0
376 63 -1 0
375 63 -1 0
374 63 -1 0
251 63 -1 0
250 63 -1 0
249 63 -1 0
248 63 -1 0
247 63 -1 0
246 63 -1 0
245 63 -1 0
244 63 -1 0
243 63 -1 0
242 63 -1 0
241 63 -1 0
240 63 -1 0
239 63 -1 0
382 62 -1 0
381 62 -1 0
380 62 -1 0
379 62 -1 0
378 62 -1 0
377 62 -1 0
376 62 -1 0
375 62 -1 0
374 62 -1 0
249 62 -1 0
248 62 -1 0
247 62 -1 0
246 62 -1 0
245 62 -1 0
244 62 -1 0
243 62 -1 0
242 62 -1 0
241 62 -1 0
240 62 -1 0
239 62 -1 0
385 61 -1 0
384 61 -1 0
383 61 -1 0
382 61 -1 0
381 61 -1 0
380 61 -1 0
379 61 -1 0
378 61 -1 0
377 61 -1 0
376 61 -1 0
375 61 -1 0
247 61 -1 0
246 61 -1 0
245 61 -1 0
244 61 -1 0
243 61 -1 0
242 61 -1 0
241 61 -1 0
240 61 -1 0
239 61 -1 0
386 60 -1 0
385 60 -1 0
384 60 -1 0
383 60 -1 0
382 60 -1 0
381 60 -1 0
380 60 -1 0
379 60 -1 0
378 60 -1 0
246 60 -1 0
245 60 -1 0
244 60 -1 0
243 60 -1 0
242 60 -1 0
241 60 -1 0
240 60 -1 0
386 59 -1 0
385 59 -1 0
384 59 -1 0
383 59 -1 0
382 59 -1 0
381 59 -1 0
380 59 -1 0
379 59 -1 0
378 59 -1 0
243 59 -1 0
386 58 -1 0
385 58 -1 0
384 58 -1 0
383 58 -1 0
382 58 -1 0
381 58 -1 0
380 58 -1 0
379 58 -1 0
378 58 -1 0
387 57 -1 0
386 57 -1 0
385 57 -1 0
384 57 -1 0
383 57 -1 0
382 57 -1 0
381 57 -1 0
380 57 -1 0
379 57 -1 0
378 57 -1 0
377 57 -1 0
386 56 -1 0
385 56 -1 0
384 56 -1 0
383 56 -1 0
382 56 -1 0
381 56 -1 0
380 56 -1 0
379 56 -1 0
378 56 -1 0
387 55 -1 0
386 55 -1 0
385 55 -1 0
384 55 -1 0
383 55 -1 0
382 55 -1 0
381 55 -1 0
380 55 -1 0
379 55 -1 0
378 55 -1 0
387 54 -1 0
386 54 -1 0
385 54 -1 0
384 54 -1 0
383 54 -1 0
382 54 -1 0
381 54 -1 0
380 54 -1 0
379 54 -1 0
378 54 -1 0
387 53 -1 0
386 53 -1 0
385 53 -1 0
384 53 -1 0
383 53 -1 0
382 53 -1 0
381 53 -1 0
380 53 -1 0
379 53 -1 0
388 52 -1 0
387 52 -1 0
386 52 -1 0
385 52 -1 0
384 52 -1 0
383 52 -1 0
382 52 -1 0
381 52 -1 0
380 52 -1 0
379 52 -1 0
378 52 -1 0
388 51 -1 0
387 51 -1 0
386 51 -1 0
385 51 -1 0
384 51 -1 0
383 51 -1 0
382 51 -1 0
381 51 -1 0
380 51 -1 0
379 51 -1 0
388 50 -1 0
387 50 -1 0
386 50 -1 0
385 50 -1 0
384 50 -1 0
383 50 -1 0
382 50 -1 0
381 50 -1 0
380 50 -1 0
379 50 -1 0
388 49 -1 0
387 49 -1 0
386 49 -1 0
385 49 -1 0
384 49 -1 0
383 49 -1 0
382 49 -1 0
381 49 -1 0
380 49 -1 0
379 49 -1 0
389 48 -1 0
388 48 -1 0
387 48 -1 0
386 48 -1 0
385 48 -1 0
384 48 -1 0
383 48 -1 0
382 48 -1 0
381 48 -1 0
380 48 -1 0
379 48 -1 0
388 47 -1 0
387 47 -1 0
386 47 -1 0
385 47 -1 0
384 47 -1 0
383 47 -1 0
382 47 -1 0
381 47 -1 0
380 47 -1 0
388 46 -1 0
387 46 -1 0
386 46 -1 0
385 46 -1 0
384 46 -1 0
383 46 -1 0
382 46 -1 0
381 46 -1 0
380 46 -1 0
390 45 -1 0
389 45 -1 0
388 45 -1 0
387 45 -1 0
386 45 -1 0
385 45 -1 0
384 45 -1 0
383 45 -1 0
382 45 -1 0
381 45 -1 0
380 45 -1 0
391 44 -1 0
390 44 -1 0
389 44 -1 0
388 44 -1 0
387 44 -1 0
386 44 -1 0
385 44 -1 0
384 44 -1 0
383 44 -1 0
382 44 -1 0
381 44 -1 0
391 43 -1 0
390 43 -1 0
389 43 -1 0
388 43 -1 0
387 43 -1 0
386 43 -1 0
385 43 -1 0
384 43 -1 0
383 43 -1 0
382 43 -1 0
381 43 -1 0
391 42 -1 0
390 42 -1 0
389 42 -1 0
388 42 -1 0
387 42 -1 0
386 42 -1 0
385 42 -1 0
384 42 -1 0
383 42 -1 0
382 42 -1 0
381 42 -1 0
380 42 -1 0
392 41 -1 0
391 41 -1 0
390 41 -1 0
389 41 -1 0
388 41 -1 0
387 41 -1 0
386 41 -1 0
385 41 -1 0
384 41 -1 0
383 41 -1 0
382 41 -1 0
381 41 -1 0
391 40 -1 0
390 40 -1 0
389 40 -1 0
388 40 -1 0
387 40 -1 0
386 40 -1 0
385 40 -1 0
384 40 -1 0
383 40 -1 0
382 40 -1 0
381 40 -1 0
391 39 -1 0
390 39 -1 0
389 39 -1 0
388 39 -1 0
387 39 -1 0
386 39 -1 0
385 39 -1 0
384 39 -1 0
383 39 -1 0
382 39 -1 0
381 39 -1 0
391 38 -1 0
390 38 -1 0
389 38 -1 0
388 38 -1 0
387 38 -1 0
386 38 -1 0
385 38 -1 0
384 38 -1 0
383 38 -1 0
382 38 -1 0
390 37 -1 0
389 37 -1 0
388 37 -1 0
387 37 -1 0
386 37 -1 0
385 37 -1 0
384 37 -1 0
387 36 -1 0
298 36 -1 1
297 36 -1 1
296 36 -1 1
295 36 -1 1
294 36 -1 1
293 36 -1 1
291 36 -1 1
303 35 -1 1
302 35 -1 1
301 35 -1 1
300 35 -1 1
299 35 -1 1
298 35 -1 1
297 35 -1 1
296 35 -1 1
295 35 -1 1
294 35 -1 1
293 35 -1 1
292 35 -1 1
291 35 -1 1
290 35 -1 1
289 35 -1 1
288 35 -1 1
306 34 -1 1
305 34 -1 1
304 34 -1 1
303 34 -1 1
302 34 -1 1
301 34 -1 1
300 34 -1 1
299 34 -1 1
298 34 -1 1
297 34 -1 1
296 34 -1 1
295 34 -1 1
294 34 -1 1
293 34 -1 1
292 34 -1 1
291 34 -1 1
290 34 -1 1
289 34 -1 1
288 34 -1 1
287 34 -1 1
310 33 -1 1
308 33 -1 1
307 33 -1 1
306 33 -1 1
305 33 -1 1
304 33 -1 1
303 33 -1 1
302 33 -1 1
301 33 -1 1
300 33 -1 1
299 33 -1 1
298 33 -1 1
297 33 -1 1
296 33 -1 1
295 33 -1 1
294 33 -1 1
293 33 -1 1
292 33 -1 1
291 33 -1 1
290 33 -1 1
289 33 -1 1
288 33 -1 1
287 33 -1 1
313 32 -1 1
312 32 -1 1
311 32 -1 1
310 32 -1 1
309 32 -1 1
308 32 -1 1
307 32 -1 1
306 32 -1 1
305 32 -1 1
304 32 -1 1
303 32 -1 1
302 32 -1 1
301 32 -1 1
300 32 -1 1
299 32 -1 1
298 32 -1 1
297 32 -1 1
296 32 -1 1
295 32 -1 1
294 32 -1 1
293 32 -1 1
292 32 -1 1
291 32 -1 1
290 32 -1 1
289 32 -1 1
288 32 -1 1
287 32 -1 1
316 31 -1 1
315 31 -1 1
314 31 -1 1
313 31 -1 1
312 31 -1 1
311 31 -1 1
310 31 -1 1
309 31 -1 1
308 31 -1 1
307 31 -1 1
306 31 -1 1
305 31 -1 1
304 31 -1 1
303 31 -1 1
302 31 -1 1
301 31 -1 1
300 31 -1 1
299 31 -1 1
298 31 -1 1
297 31 -1 1
296 31 -1 1
295 31 -1 1
294 31 -1 1
293 31 -1 1
292 31 -1 1
291 31 -1 1
290 31 -1 1
289 31 -1 1
288 31 -1 1
287 31 -1 1
286 31 -1 1
319 30 -1 1
318 30 -1 1
317 30 -1 1
316 30 -1 1
315 30 -1 1
314 30 -1 1
313 30 -1 1
312 30 -1 1
311 30 -1 1
310 30 -1 1
309 30 -1 1
308 30 -1 1
307 30 -1 1
306 30 -1 1
305 30 -1 1
304 30 -1 1
303 30 -1 1
302 30 -1 1
301 30 -1 1
300 30 -1 1
299 30 -1 1
298 30 -1 1
297 30 -1 1
296 30 -1 1
295 30 -1 1
294 30 -1 1
293 30 -1 1
292 30 -1 1
291 30 -1 1
290 30 -1 1
289 30 -1 1
288 30 -1 1
287 30 -1 1
322 29 -1 1
321 29 -1 1
320 29 -1 1
319 29 -1 1
318 29 -1 1
317 29 -1 1
316 29 -1 1
315 29 -1 1
314 29 -1 1
313 29 -1 1
312 29 -1 1
311 29 -1 1
310 29 -1 1
309 29 -1 1
308 29 -1 1
307 29 -1 1
306 29 -1 1
305 29 -1 1
304 29 -1 1
303 29 -1 1
302 29 -1 1
301 29 -1 1
300 29 -1 1
299 29 -1 1
298 29 -1 1
297 29 -1 1
296 29 -1 1
295 29 -1 1
294 29 -1 1
293 29 -1 1
292 29 -1 1
291 29 -1 1
290 29 -1 1
289 29 -1 1
288 29 -1 1
287 29 -1 1
323 28 -1 1
322 28 -1 1
321 28 -1 1
320 28 -1 1
319 28 -1 1
318 28 -1 1
317 28 -1 1
316 28 -1 1
315 28 -1 1
314 28 -1 1
313 28 -1 1
312 28 -1 1
311 28 -1 1
310 28 -1 1
309 28 -1 1
308 28 -1 1
307 28 -1 1
306 28 -1 1
305 28 -1 1
304 28 -1 1
303 28 -1 1
302 28 -1 1
301 28 -1 1
300 28 -1 1
299 28 -1 1
298 28 -1 1
297 28 -1 1
296 28 -1 1
295 28 -1 1
294 28 -1 1
293 28 -1 1
292 28 -1 1
291 28 -1 1
290 28 -1 1
289 28 -1 1
288 28 -1 1
287 28 -1 1
324 27 -1 1
323 27 -1 1
322 27 -1 1
321 27 -1 1
320 27 -1 1
319 27 -1 1
318 27 -1 1
317 27 -1 1
316 27 -1 1
315 27 -1 1
314 27 -1 1
313 27 -1 1
312 27 -1 1
311 27 -1 1
310 27 -1 1
309 27 -1 1
308 27 -1 1
307 27 -1 1
306 27 -1 1
305 27 -1 1
304 27 -1 1
303 27 -1 1
302 27 -1 1
301 27 -1 1
300 27 -1 1
299 27 -1 1
298 27 -1 1
297 27 -1 1
296 27 -1 1
295 27 -1 1
294 27 -1 1
293 27 -1 1
292 27 -1 1
291 27 -1 1
290 27 -1 1
289 27 -1 1
288 27 -1 1
327 26 -1 1
326 26 -1 1
325 26 -1 1
324 26 -1 1
323 26 -1 1
322 26 -1 1
321 26 -1 1
320 26 -1 1
319 26 -1 1
318 26 -1 1
317 26 -1 1
316 26 -1 1
315 26 -1 1
314 26 -1 1
313 26 -1 1
312 26 -1 1
311 26 -1 1
310 26 -1 1
309 26 -1 1
308 26 -1 1
307 26 -1 1
306 26 -1 1
305 26 -1 1
304 26 -1 1
303 26 -1 1
302 26 -1 1
301 26 -1 1
300 26 -1 1
299 26 -1 1
298 26 -1 1
297 26 -1 1
296 26 -1 1
295 26 -1 1
294 26 -1 1
293 26 -1 1
291 26 -1 1
329 25 -1 1
328 25 -1 1
327 25 -1 1
326 25 -1 1
325 25 -1 1
324 25 -1 1
323 25 -1 1
322 25 -1 1
321 25 -1 1
320 25 -1 1
319 25 -1 1
318 25 -1 1
317 25 -1 1
316 25 -1 1
315 25 -1 1
314 25 -1 1
313 25 -1 1
312 25 -1 1
311 25 -1 1
310 25 -1 1
309 25 -1 1
308 25 -1 1
307 25 -1 1
306 25 -1 1
305 25 -1 1
304 25 -1 1
303 25 -1 1
302 25 -1 1
301 25 -1 1
300 25 -1 1
332 24 -1 1
331 24 -1 1
330 24 -1 1
329 24 -1 1
328 24 -1 1
327 24 -1 1
326 24 -1 1
325 24 -1 1
324 24 -1 1
323 24 -1 1
322 24 -1 1
321 24 -1 1
320 24 -1 1
319 24 -1 1
318 24 -1 1
317 24 -1 1
316 24 -1 1
315 24 -1 1
314 24 -1 1
313 24 -1 1
312 24 -1 1
311 24 -1 1
310 24 -1 1
309 24 -1 1
308 24 -1 1
307 24 -1 1
306 24 -1 1
305 24 -1 1
304 24 -1 1
337 23 -1 1
333 23 -1 1
332 23 -1 1
331 23 -1 1
330 23 -1 1
329 23 -1 1
328 23 -1 1
327 23 -1 1
326 23 -1 1
325 23 -1 1
324 23 -1 1
323 23 -1 1
322 23 -1 1
321 23 -1 1
320 23 -1 1
319 23 -1 1
318 23 -1 1
317 23 -1 1
316 23 -1 1
315 23 -1 1
314 23 -1 1
313 23 -1 1
312 23 -1 1
311 23 -1 1
310 23 -1 1
308 23 -1 1
340 22 -1 1
339 22 -1 1
338 22 -1 1
337 22 -1 1
336 22 -1 1
335 22 -1 1
334 22 -1 1
333 22 -1 1
332 22 -1 1
331 22 -1 1
330 22 -1 1
329 22 -1 1
328 22 -1 1
327 22 -1 1
326 22 -1 1
325 22 -1 1
324 22 -1 1
323 22 -1 1
322 22 -1 1
321 22 -1 1
320 22 -1 1
319 22 -1 1
318 22 -1 1
317 22 -1 1
316 22 -1 1
315 22 -1 1
314 22 -1 1
313 22 -1 1
312 22 -1 1
311 22 -1 1
343 21 -1 1
342 21 -1 1
341 21 -1 1
340 21 -1 1
339 21 -1 1
338 21 -1 1
337 21 -1 1
336 21 -1 1
335 21 -1 1
334 21 -1 1
333 21 -1 1
332 21 -1 1
331 21 -1 1
330 21 -1 1
329 21 -1 1
328 21 -1 1
327 21 -1 1
326 21 -1 1
325 21 -1 1
324 21 -1 1
323 21 -1 1
322 21 -1 1
321 21 -1 1
320 21 -1 1
319 21 -1 1
318 21 -1 1
317 21 -1 1
316 21 -1 1
315 21 -1 1
314 21 -1 1
313 21 -1 1
312 21 -1 1
345 20 -1 1
344 20 -1 1
343 20 -1 1
342 20 -1 1
341 20 -1 1
340 20 -1 1
339 20 -1 1
338 20 -1 1
337 20 -1 1
336 20 -1 1
335 20 -1 1
334 20 -1 1
333 20 -1 1
332 20 -1 1
331 20 -1 1
330 20 -1 1
329 20 -1 1
328 20 -1 1
327 20 -1 1
326 20 -1 1
325 20 -1 1
324 20 -1 1
323 20 -1 1
322 20 -1 1
321 20 -1 1
320 20 -1 1
319 20 -1 1
318 20 -1 1
317 20 -1 1
316 20 -1 1
315 20 -1 1
346 19 -1 1
345 19 -1 1
344 19 -1 1
343 19 -1 1
342 19 -1 1
341 19 -1 1
340 19 -1 1
339 19 -1 1
338 19 -1 1
337 19 -1 1
336 19 -1 1
335 19 -1 1
334 19 -1 1
333 19 -1 1
332 19 -1 1
331 19 -1 1
330 19 -1 1
329 19 -1 1
328 19 -1 1
327 19 -1 1
326 19 -1 1
325 19 -1 1
324 19 -1 1
323 19 -1 1
322 19 -1 1
321 19 -1 1
320 19 -1 1
319 19 -1 1
318 19 -1 1
317 19 -1 1
349 18 -1 1
348 18 -1 1
347 18 -1 1
346 18 -1 1
345 18 -1 1
344 18 -1 1
343 18 -1 1
342 18 -1 1
341 18 -1 1
340 18 -1 1
339 18 -1 1
338 18 -1 1
337 18 -1 1
336 18 -1 1
335 18 -1 1
334 18 -1 1
333 18 -1 1
332 18 -1 1
331 18 -1 1
330 18 -1 1
329 18 -1 1
328 18 -1 1
327 18 -1 1
326 18 -1 1
325 18 -1 1
324 18 -1 1
323 18 -1 1
322 18 -1 1
321 18 -1 1
320 18 -1 1
362 17 -1 1
361 17 -1 1
358 17 -1 1
357 17 -1 1
356 17 -1 1
354 17 -1 1
352 17 -1 1
351 17 -1 1
350 17 -1 1
349 17 -1 1
348 17 -1 1
347 17 -1 1
346 17 -1 1
345 17 -1 1
344 17 -1 1
343 17 -1 1
342 17 -1 1
341 17 -1 1
340 17 -1 1
339 17 -1 1
338 17 -1 1
337 17 -1 1
336 17 -1 1
335 17 -1 1
334 17 -1 1
333 17 -1 1
332 17 -1 1
331 17 -1 1
330 17 -1 1
329 17 -1 1
328 17 -1 1
327 17 -1 1
326 17 -1 1
325 17 -1 1
324 17 -1 1
323 17 -1 1
322 17 -1 1
365 16 -1 1
364 16 -1 1
363 16 -1 1
362 16 -1 1
361 16 -1 1
360 16 -1 1
359 16 -1 1
358 16 -1 1
357 16 -1 1
356 16 -1 1
355 16 -1 1
354 16 -1 1
353 16 -1 1
352 16 -1 1
351 16 -1 1
350 16 -1 1
349 16 -1 1
348 16 -1 1
347 16 -1 1
346 16 -1 1
345 16 -1 1
344 16 -1 1
343 16 -1 1
342 16 -1 1
341 16 -1 1
340 16 -1 1
339 16 -1 1
338 16 -1 1
337 16 -1 1
336 16 -1 1
335 16 -1 1
334 16 -1 1
333 16 -1 1
332 16 -1 1
331 16 -1 1
330 16 -1 1
329 16 -1 1
328 16 -1 1
327 16 -1 1
326 16 -1 1
325 16 -1 1
366 15 -1 1
365 15 -1 1
364 15 -1 1
363 15 -1 1
362 15 -1 1
361 15 -1 1
360 15 -1 1
359 15 -1 1
358 15 -1 1
357 15 -1 1
356 15 -1 1
355 15 -1 1
354 15 -1 1
353 15 -1 1
352 15 -1 1
351 15 -1 1
350 15 -1 1
349 15 -1 1
348 15 -1 1
347 15 -1 1
346 15 -1 1
345 15 -1 1
344 15 -1 1
343 15 -1 1
342 15 -1 1
341 15 -1 1
340 15 -1 1
339 15 -1 1
338 15 -1 1
337 15 -1 1
336 15 -1 1
335 15 -1 1
334 15 -1 1
333 15 -1 1
332 15 -1 1
331 15 -1 1
330 15 -1 1
329 15 -1 1
366 14 -1 1
365 14 -1 1
364 14 -1 1
363 14 -1 1
362 14 -1 1
361 14 -1 1
360 14 -1 1
359 14 -1 1
358 14 -1 1
357 14 -1 1
356 14 -1 1
355 14 -1 1
354 14 -1 1
353 14 -1 1
352 14 -1 1
351 14 -1 1
350 14 -1 1
349 14 -1 1
348 14 -1 1
347 14 -1 1
346 14 -1 1
345 14 -1 1
344 14 -1 1
343 14 -1 1
342 14 -1 1
341 14 -1 1
340 14 -1 1
339 14 -1 1
338 14 -1 1
337 14 -1 1
336 14 -1 1
335 14 -1 1
334 14 -1 1
333 14 -1 1
332 14 -1 1
331 14 -1 1
330 14 -1 1
366 13 -1 1
365 13 -1 1
364 13 -1 1
363 13 -1 1
362 13 -1 1
361 13 -1 1
360 13 -1 1
359 13 -1 1
358 13 -1 1
357 13 -1 1
356 13 -1 1
355 13 -1 1
354 13 -1 1
353 13 -1 1
352 13 -1 1
351 13 -1 1
350 13 -1 1
349 13 -1 1
348 13 -1 1
347 13 -1 1
346 13 -1 1
345 13 -1 1
344 13 -1 1
343 13 -1 1
342 13 -1 1
341 13 -1 1
340 13 -1 1
339 13 -1 1
338 13 -1 1
337 13 -1 1
333 13 -1 1
367 12 -1 1
366 12 -1 1
365 12 -1 1
364 12 -1 1
363 12 -1 1
362 12 -1 1
361 12 -1 1
360 12 -1 1
359 12 -1 1
358 12 -1 1
357 12 -1 1
356 12 -1 1
355 12 -1 1
354 12 -1 1
353 12 -1 1
352 12 -1 1
351 12 -1 1
350 12 -1 1
349 12 -1 1
348 12 -1 1
347 12 -1 1
346 12 -1 1
345 12 -1 1
344 12 -1 1
343 12 -1 1
342 12 -1 1
341 12 -1 1
340 12 -1 1
339 12 -1 1
366 11 -1 1
365 11 -1 1
364 11 -1 1
363 11 -1 1
362 11 -1 1
361 11 -1 1
360 11 -1 1
359 11 -1 1
358 11 -1 1
357 11 -1 1
356 11 -1 1
355 11 -1 1
354 11 -1 1
353 11 -1 1
352 11 -1 1
351 11 -1 1
350 11 -1 1
349 11 -1 1
348 11 -1 1
347 11 -1 1
346 11 -1 1
345 11 -1 1
344 11 -1 1
343 11 -1 1
342 11 -1 1
341 11 -1 1
366 10 -1 1
365 10 -1 1
364 10 -1 1
363 10 -1 1
362 10 -1 1
361 10 -1 1
360 10 -1 1
359 10 -1 1
358 10 -1 1
357 10 -1 1
356 10 -1 1
355 10 -1 1
354 10 -1 1
353 10 -1 1
352 10 -1 1
351 10 -1 1
350 10 -1 1
349 10 -1 1
348 10 -1 1
347 10 -1 1
346 10 -1 1
345 10 -1 1
344 10 -1 1
343 10 -1 1
342 10 -1 1
366 9 -1 1
365 9 -1 1
364 9 -1 1
363 9 -1 1
362 9 -1 1
361 9 -1 1
360 9 -1 1
359 9 -1 1
358 9 -1 1
357 9 -1 1
356 9 -1 1
355 9 -1 1
354 9 -1 1
353 9 -1 1
352 9 -1 1
351 9 -1 1
350 9 -1 1
349 9 -1 1
348 9 -1 1
347 9 -1 1
346 9 -1 1
345 9 -1 1
344 9 -1 1
343 9 -1 1
365 8 -1 1
364 8 -1 1
363 8 -1 1
362 8 -1 1
361 8 -1 1
360 8 -1 1
359 8 -1 1
358 8 -1 1
357 8 -1 1
356 8 -1 1
355 8 -1 1
354 8 -1 1
353 8 -1 1
352 8 -1 1
351 8 -1 1
350 8 -1 1
349 8 -1 1
346 8 -1 1
362 7 -1 1
361 7 -1 1
358 7 -1 1
357 7 -1 1
356 7 -1 1
354 7 -1 1
352 7 -1 1
