2684 408 341
229 314 -1 0
225 314 -1 0
224 314 -1 0
221 314 -1 0
212 314 -1 0
202 314 -1 0
192 314 -1 0
180 314 -1 0
232 313 -1 0
231 313 -1 0
230 313 -1 0
229 313 -1 0
228 313 -1 0
227 313 -1 0
226 313 -1 0
225 313 -1 0
224 313 -1 0
223 313 -1 0
222 313 -1 0
221 313 -1 0
220 313 -1 0
219 313 -1 0
218 313 -1 0
215 313 -1 0
214 313 -1 0
213 313 -1 0
212 313 -1 0
211 313 -1 0
210 313 -1 0
209 313 -1 0
205 313 -1 0
204 313 -1 0
203 313 -1 0
202 313 -1 0
201 313 -1 0
200 313 -1 0
199 313 -1 0
195 313 -1 0
194 313 -1 0
193 313 -1 0
192 313 -1 0
191 313 -1 0
190 313 -1 0
189 313 -1 0
183 313 -1 0
182 313 -1 0
181 313 -1 0
180 313 -1 0
179 313 -1 0
178 313 -1 0
177 313 -1 0
173 313 -1 0
233 312 -1 0
232 312 -1 0
231 312 -1 0
230 312 -1 0
229 312 -1 0
228 312 -1 0
227 312 -1 0
226 312 -1 0
225 312 -1 0
224 312 -1 0
223 312 -1 0
222 312 -1 0
221 312 -1 0
220 312 -1 0
219 312 -1 0
218 312 -1 0
217 312 -1 0
216 312 -1 0
215 312 -1 0
214 312 -1 0
213 312 -1 0
212 312 -1 0
211 312 -1 0
210 312 -1 0
209 312 -1 0
208 312 -1 0
206 312 -1 0
205 312 -1 0
204 312 -1 0
203 312 -1 0
202 312 -1 0
201 312 -1 0
200 312 -1 0
199 312 -1 0
198 312 -1 0
196 312 -1 0
195 312 -1 0
194 312 -1 0
193 312 -1 0
192 312 -1 0
191 312 -1 0
190 312 -1 0
189 312 -1 0
188 312 -1 0
184 312 -1 0
183 312 -1 0
182 312 -1 0
181 312 -1 0
180 312 -1 0
179 312 -1 0
178 312 -1 0
177 312 -1 0
176 312 -1 0
175 312 -1 0
174 312 -1 0
173 312 -1 0
172 312 -1 0
171 312 -1 0
170 312 -1 0
235 311 -1 0
234 311 -1 0
233 311 -1 0
232 311 -1 0
231 311 -1 0
230 311 -1 0
229 311 -1 0
228 311 -1 0
227 311 -1 0
226 311 -1 0
225 311 -1 0
224 311 -1 0
223 311 -1 0
222 311 -1 0
221 311 -1 0
220 311 -1 0
219 311 -1 0
218 311 -1 0
217 311 -1 0
216 311 -1 0
215 311 -1 0
214 311 -1 0
213 311 -1 0
212 311 -1 0
211 311 -1 0
210 311 -1 0
209 311 -1 0
208 311 -1 0
206 311 -1 0
205 311 -1 0
204 311 -1 0
203 311 -1 0
202 311 -1 0
201 311 -1 0
200 311 -1 0
199 311 -1 0
198 311 -1 0
196 311 -1 0
195 311 -1 0
194 311 -1 0
193 311 -1 0
192 311 -1 0
191 311 -1 0
190 311 -1 0
189 311 -1 0
188 311 -1 0
184 311 -1 0
183 311 -1 0
182 311 -1 0
181 311 -1 0
180 311 -1 0
179 311 -1 0
178 311 -1 0
177 311 -1 0
176 311 -1 0
175 311 -1 0
174 311 -1 0
173 311 -1 0
172 311 -1 0
171 311 -1 0
170 311 -1 0
169 311 -1 0
236 310 -1 0
235 310 -1 0
234 310 -1 0
233 310 -1 0
232 310 -1 0
231 310 -1 0
230 310 -1 0
229 310 -1 0
228 310 -1 0
227 310 -1 0
226 310 -1 0
225 310 -1 0
224 310 -1 0
223 310 -1 0
222 310 -1 0
221 310 -1 0
220 310 -1 0
219 310 -1 0
218 310 -1 0
217 310 -1 0
216 310 -1 0
215 310 -1 0
214 310 -1 0
213 310 -1 0
212 310 -1 0
211 310 -1 0
210 310 -1 0
209 310 -1 0
208 310 -1 0
206 310 -1 0
205 310 -1 0
204 310 -1 0
203 310 -1 0
202 310 -1 0
201 310 -1 0
200 310 -1 0
199 310 -1 0
198 310 -1 0
196 310 -1 0
195 310 -1 0
194 310 -1 0
193 310 -1 0
192 310 -1 0
191 310 -1 0
190 310 -1 0
189 310 -1 0
188 310 -1 0
184 310 -1 0
183 310 -1 0
182 310 -1 0
181 310 -1 0
180 310 -1 0
179 310 -1 0
178 310 -1 0
177 310 -1 0
176 310 -1 0
175 310 -1 0
174 310 -1 0
173 310 -1 0
172 310 -1 0
171 310 -1 0
170 310 -1 0
169 310 -1 0
237 309 -1 0
236 309 -1 0
235 309 -1 0
234 309 -1 0
233 309 -1 0
232 309 -1 0
231 309 -1 0
230 309 -1 0
229 309 -1 0
228 309 -1 0
227 309 -1 0
226 309 -1 0
225 309 -1 0
224 309 -1 0
223 309 -1 0
222 309 -1 0
221 309 -1 0
220 309 -1 0
219 309 -1 0
218 309 -1 0
217 309 -1 0
216 309 -1 0
215 309 -1 0
214 309 -1 0
213 309 -1 0
212 309 -1 0
211 309 -1 0
210 309 -1 0
209 309 -1 0
208 309 -1 0
207 309 -1 0
206 309 -1 0
205 309 -1 0
204 309 -1 0
203 309 -1 0
202 309 -1 0
201 309 -1 0
200 309 -1 0
199 309 -1 0
198 309 -1 0
197 309 -1 0
196 309 -1 0
195 309 -1 0
194 309 -1 0
193 309 -1 0
192 309 -1 0
191 309 -1 0
190 309 -1 0
189 309 -1 0
188 309 -1 0
187 309 -1 0
185 309 -1 0
184 309 -1 0
183 309 -1 0
182 309 -1 0
181 309 -1 0
180 309 -1 0
179 309 -1 0
178 309 -1 0
177 309 -1 0
176 309 -1 0
175 309 -1 0
174 309 -1 0
173 309 -1 0
172 309 -1 0
171 309 -1 0
170 309 -1 0
169 309 -1 0
161 309 -1 0
238 308 -1 0
237 308 -1 0
236 308 -1 0
235 308 -1 0
234 308 -1 0
233 308 -1 0
232 308 -1 0
231 308 -1 0
230 308 -1 0
229 308 -1 0
228 308 -1 0
227 308 -1 0
226 308 -1 0
225 308 -1 0
224 308 -1 0
223 308 -1 0
222 308 -1 0
221 308 -1 0
220 308 -1 0
219 308 -1 0
218 308 -1 0
217 308 -1 0
216 308 -1 0
215 308 -1 0
214 308 -1 0
213 308 -1 0
212 308 -1 0
211 308 -1 0
210 308 -1 0
209 308 -1 0
208 308 -1 0
206 308 -1 0
205 308 -1 0
204 308 -1 0
203 308 -1 0
202 308 -1 0
201 308 -1 0
200 308 -1 0
199 308 -1 0
198 308 -1 0
196 308 -1 0
195 308 -1 0
194 308 -1 0
193 308 -1 0
192 308 -1 0
191 308 -1 0
190 308 -1 0
189 308 -1 0
188 308 -1 0
184 308 -1 0
183 308 -1 0
182 308 -1 0
181 308 -1 0
180 308 -1 0
179 308 -1 0
178 308 -1 0
177 308 -1 0
176 308 -1 0
175 308 -1 0
174 308 -1 0
173 308 -1 0
172 308 -1 0
171 308 -1 0
170 308 -1 0
169 308 -1 0
168 308 -1 0
164 308 -1 0
163 308 -1 0
162 308 -1 0
161 308 -1 0
160 308 -1 0
159 308 -1 0
158 308 -1 0
238 307 -1 0
237 307 -1 0
236 307 -1 0
235 307 -1 0
234 307 -1 0
233 307 -1 0
232 307 -1 0
231 307 -1 0
230 307 -1 0
229 307 -1 0
228 307 -1 0
227 307 -1 0
226 307 -1 0
225 307 -1 0
224 307 -1 0
223 307 -1 0
222 307 -1 0
221 307 -1 0
220 307 -1 0
219 307 -1 0
218 307 -1 0
217 307 -1 0
216 307 -1 0
215 307 -1 0
214 307 -1 0
213 307 -1 0
212 307 -1 0
211 307 -1 0
210 307 -1 0
209 307 -1 0
208 307 -1 0
206 307 -1 0
205 307 -1 0
204 307 -1 0
203 307 -1 0
202 307 -1 0
201 307 -1 0
200 307 -1 0
199 307 -1 0
198 307 -1 0
196 307 -1 0
195 307 -1 0
194 307 -1 0
193 307 -1 0
192 307 -1 0
191 307 -1 0
190 307 -1 0
189 307 -1 0
188 307 -1 0
184 307 -1 0
183 307 -1 0
182 307 -1 0
181 307 -1 0
180 307 -1 0
179 307 -1 0
178 307 -1 0
177 307 -1 0
176 307 -1 0
175 307 -1 0
174 307 -1 0
173 307 -1 0
172 307 -1 0
171 307 -1 0
170 307 -1 0
169 307 -1 0
165 307 -1 0
164 307 -1 0
163 307 -1 0
162 307 -1 0
161 307 -1 0
160 307 -1 0
159 307 -1 0
158 307 -1 0
157 307 -1 0
238 306 -1 0
237 306 -1 0
236 306 -1 0
235 306 -1 0
234 306 -1 0
233 306 -1 0
232 306 -1 0
231 306 -1 0
230 306 -1 0
229 306 -1 0
228 306 -1 0
227 306 -1 0
226 306 -1 0
225 306 -1 0
224 306 -1 0
223 306 -1 0
222 306 -1 0
221 306 -1 0
220 306 -1 0
219 306 -1 0
218 306 -1 0
217 306 -1 0
216 306 -1 0
215 306 -1 0
214 306 -1 0
213 306 -1 0
212 306 -1 0
211 306 -1 0
210 306 -1 0
209 306 -1 0
208 306 -1 0
206 306 -1 0
205 306 -1 0
204 306 -1 0
203 306 -1 0
202 306 -1 0
201 306 -1 0
200 306 -1 0
199 306 -1 0
198 306 -1 0
196 306 -1 0
195 306 -1 0
194 306 -1 0
193 306 -1 0
192 306 -1 0
191 306 -1 0
190 306 -1 0
189 306 -1 0
188 306 -1 0
184 306 -1 0
183 306 -1 0
182 306 -1 0
181 306 -1 0
180 306 -1 0
179 306 -1 0
178 306 -1 0
177 306 -1 0
176 306 -1 0
175 306 -1 0
174 306 -1 0
173 306 -1 0
172 306 -1 0
171 306 -1 0
170 306 -1 0
169 306 -1 0
165 306 -1 0
164 306 -1 0
163 306 -1 0
162 306 -1 0
161 306 -1 0
160 306 -1 0
159 306 -1 0
158 306 -1 0
157 306 -1 0
140 306 -1 0
239 305 -1 0
238 305 -1 0
237 305 -1 0
236 305 -1 0
235 305 -1 0
234 305 -1 0
233 305 -1 0
232 305 -1 0
231 305 -1 0
230 305 -1 0
229 305 -1 0
228 305 -1 0
227 305 -1 0
226 305 -1 0
225 305 -1 0
224 305 -1 0
223 305 -1 0
222 305 -1 0
221 305 -1 0
220 305 -1 0
219 305 -1 0
218 305 -1 0
215 305 -1 0
214 305 -1 0
213 305 -1 0
212 305 -1 0
211 305 -1 0
210 305 -1 0
209 305 -1 0
205 305 -1 0
204 305 -1 0
203 305 -1 0
202 305 -1 0
201 305 -1 0
200 305 -1 0
199 305 -1 0
195 305 -1 0
194 305 -1 0
193 305 -1 0
192 305 -1 0
191 305 -1 0
190 305 -1 0
189 305 -1 0
183 305 -1 0
182 305 -1 0
181 305 -1 0
180 305 -1 0
179 305 -1 0
178 305 -1 0
177 305 -1 0
176 305 -1 0
175 305 -1 0
174 305 -1 0
173 305 -1 0
172 305 -1 0
171 305 -1 0
170 305 -1 0
169 305 -1 0
165 305 -1 0
164 305 -1 0
163 305 -1 0
162 305 -1 0
161 305 -1 0
160 305 -1 0
159 305 -1 0
158 305 -1 0
157 305 -1 0
143 305 -1 0
142 305 -1 0
141 305 -1 0
140 305 -1 0
139 305 -1 0
138 305 -1 0
137 305 -1 0
238 304 -1 0
237 304 -1 0
236 304 -1 0
235 304 -1 0
234 304 -1 0
233 304 -1 0
232 304 -1 0
231 304 -1 0
230 304 -1 0
229 304 -1 0
228 304 -1 0
227 304 -1 0
225 304 -1 0
224 304 -1 0
221 304 -1 0
212 304 -1 0
202 304 -1 0
192 304 -1 0
180 304 -1 0
176 304 -1 0
175 304 -1 0
174 304 -1 0
173 304 -1 0
172 304 -1 0
171 304 -1 0
170 304 -1 0
166 304 -1 0
165 304 -1 0
164 304 -1 0
163 304 -1 0
162 304 -1 0
161 304 -1 0
160 304 -1 0
159 304 -1 0
158 304 -1 0
157 304 -1 0
156 304 -1 0
144 304 -1 0
143 304 -1 0
142 304 -1 0
141 304 -1 0
140 304 -1 0
139 304 -1 0
138 304 -1 0
137 304 -1 0
136 304 -1 0
238 303 -1 0
237 303 -1 0
236 303 -1 0
235 303 -1 0
234 303 -1 0
233 303 -1 0
232 303 -1 0
231 303 -1 0
230 303 -1 0
229 303 -1 0
173 303 -1 0
165 303 -1 0
164 303 -1 0
163 303 -1 0
162 303 -1 0
161 303 -1 0
160 303 -1 0
159 303 -1 0
158 303 -1 0
157 303 -1 0
144 303 -1 0
143 303 -1 0
142 303 -1 0
141 303 -1 0
140 303 -1 0
139 303 -1 0
138 303 -1 0
137 303 -1 0
136 303 -1 0
135 303 -1 0
134 303 -1 0
133 303 -1 0
238 302 -1 0
237 302 -1 0
236 302 -1 0
235 302 -1 0
234 302 -1 0
233 302 -1 0
232 302 -1 0
231 302 -1 0
230 302 -1 0
165 302 -1 0
164 302 -1 0
163 302 -1 0
162 302 -1 0
161 302 -1 0
160 302 -1 0
159 302 -1 0
158 302 -1 0
157 302 -1 0
144 302 -1 0
143 302 -1 0
142 302 -1 0
141 302 -1 0
140 302 -1 0
139 302 -1 0
138 302 -1 0
137 302 -1 0
136 302 -1 0
135 302 -1 0
134 302 -1 0
133 302 -1 0
132 302 -1 0
131 302 -1 0
130 302 -1 0
237 301 -1 0
236 301 -1 0
235 301 -1 0
234 301 -1 0
233 301 -1 0
232 301 -1 0
231 301 -1 0
165 301 -1 0
164 301 -1 0
163 301 -1 0
162 301 -1 0
161 301 -1 0
160 301 -1 0
159 301 -1 0
158 301 -1 0
157 301 -1 0
145 301 -1 0
144 301 -1 0
143 301 -1 0
142 301 -1 0
141 301 -1 0
140 301 -1 0
139 301 -1 0
138 301 -1 0
137 301 -1 0
136 301 -1 0
135 301 -1 0
134 301 -1 0
133 301 -1 0
132 301 -1 0
131 301 -1 0
130 301 -1 0
129 301 -1 0
128 301 -1 0
127 301 -1 0
234 300 -1 0
164 300 -1 0
163 300 -1 0
162 300 -1 0
161 300 -1 0
160 300 -1 0
159 300 -1 0
158 300 -1 0
144 300 -1 0
143 300 -1 0
142 300 -1 0
141 300 -1 0
140 300 -1 0
139 300 -1 0
138 300 -1 0
137 300 -1 0
136 300 -1 0
135 300 -1 0
134 300 -1 0
133 300 -1 0
132 300 -1 0
131 300 -1 0
130 300 -1 0
129 300 -1 0
128 300 -1 0
127 300 -1 0
126 300 -1 0
161 299 -1 0
144 299 -1 0
143 299 -1 0
142 299 -1 0
141 299 -1 0
140 299 -1 0
139 299 -1 0
138 299 -1 0
137 299 -1 0
136 299 -1 0
135 299 -1 0
134 299 -1 0
133 299 -1 0
132 299 -1 0
131 299 -1 0
130 299 -1 0
129 299 -1 0
128 299 -1 0
127 299 -1 0
126 299 -1 0
144 298 -1 0
143 298 -1 0
142 298 -1 0
141 298 -1 0
140 298 -1 0
139 298 -1 0
138 298 -1 0
137 298 -1 0
136 298 -1 0
135 298 -1 0
134 298 -1 0
133 298 -1 0
132 298 -1 0
131 298 -1 0
130 298 -1 0
129 298 -1 0
128 298 -1 0
127 298 -1 0
126 298 -1 0
125 298 -1 0
124 298 -1 0
123 298 -1 0
143 297 -1 0
142 297 -1 0
141 297 -1 0
140 297 -1 0
139 297 -1 0
138 297 -1 0
137 297 -1 0
136 297 -1 0
135 297 -1 0
134 297 -1 0
133 297 -1 0
132 297 -1 0
131 297 -1 0
130 297 -1 0
129 297 -1 0
128 297 -1 0
127 297 -1 0
126 297 -1 0
125 297 -1 0
124 297 -1 0
123 297 -1 0
122 297 -1 0
142 296 -1 0
141 296 -1 0
140 296 -1 0
139 296 -1 0
138 296 -1 0
137 296 -1 0
136 296 -1 0
135 296 -1 0
134 296 -1 0
133 296 -1 0
132 296 -1 0
131 296 -1 0
130 296 -1 0
129 296 -1 0
128 296 -1 0
127 296 -1 0
126 296 -1 0
125 296 -1 0
124 296 -1 0
123 296 -1 0
122 296 -1 0
121 296 -1 0
141 295 -1 0
140 295 -1 0
139 295 -1 0
138 295 -1 0
137 295 -1 0
136 295 -1 0
135 295 -1 0
134 295 -1 0
133 295 -1 0
132 295 -1 0
131 295 -1 0
130 295 -1 0
129 295 -1 0
128 295 -1 0
127 295 -1 0
126 295 -1 0
125 295 -1 0
124 295 -1 0
123 295 -1 0
122 295 -1 0
121 295 -1 0
120 295 -1 0
138 294 -1 0
137 294 -1 0
136 294 -1 0
135 294 -1 0
134 294 -1 0
133 294 -1 0
132 294 -1 0
131 294 -1 0
130 294 -1 0
129 294 -1 0
128 294 -1 0
127 294 -1 0
126 294 -1 0
125 294 -1 0
124 294 -1 0
123 294 -1 0
122 294 -1 0
121 294 -1 0
120 294 -1 0
119 294 -1 0
134 293 -1 0
133 293 -1 0
132 293 -1 0
131 293 -1 0
130 293 -1 0
129 293 -1 0
128 293 -1 0
127 293 -1 0
126 293 -1 0
125 293 -1 0
124 293 -1 0
123 293 -1 0
122 293 -1 0
121 293 -1 0
120 293 -1 0
119 293 -1 0
118 293 -1 0
130 292 -1 0
129 292 -1 0
128 292 -1 0
127 292 -1 0
126 292 -1 0
125 292 -1 0
124 292 -1 0
123 292 -1 0
122 292 -1 0
121 292 -1 0
120 292 -1 0
119 292 -1 0
118 292 -1 0
117 292 -1 0
130 291 -1 0
129 291 -1 0
128 291 -1 0
127 291 -1 0
126 291 -1 0
125 291 -1 0
124 291 -1 0
123 291 -1 0
122 291 -1 0
121 291 -1 0
120 291 -1 0
119 291 -1 0
118 291 -1 0
117 291 -1 0
129 290 -1 0
128 290 -1 0
127 290 -1 0
126 290 -1 0
125 290 -1 0
124 290 -1 0
123 290 -1 0
122 290 -1 0
121 290 -1 0
120 290 -1 0
119 290 -1 0
118 290 -1 0
117 290 -1 0
116 290 -1 0
128 289 -1 0
127 289 -1 0
126 289 -1 0
125 289 -1 0
124 289 -1 0
123 289 -1 0
122 289 -1 0
121 289 -1 0
120 289 -1 0
119 289 -1 0
118 289 -1 0
117 289 -1 0
116 289 -1 0
127 288 -1 0
126 288 -1 0
125 288 -1 0
124 288 -1 0
123 288 -1 0
122 288 -1 0
121 288 -1 0
120 288 -1 0
119 288 -1 0
118 288 -1 0
117 288 -1 0
116 288 -1 0
126 287 -1 0
125 287 -1 0
124 287 -1 0
123 287 -1 0
122 287 -1 0
121 287 -1 0
120 287 -1 0
119 287 -1 0
118 287 -1 0
117 287 -1 0
116 287 -1 0
115 287 -1 0
125 286 -1 0
124 286 -1 0
123 286 -1 0
122 286 -1 0
121 286 -1 0
120 286 -1 0
119 286 -1 0
118 286 -1 0
117 286 -1 0
116 286 -1 0
124 285 -1 0
123 285 -1 0
122 285 -1 0
121 285 -1 0
120 285 -1 0
119 285 -1 0
118 285 -1 0
117 285 -1 0
116 285 -1 0
124 284 -1 0
123 284 -1 0
122 284 -1 0
121 284 -1 0
120 284 -1 0
119 284 -1 0
118 284 -1 0
117 284 -1 0
116 284 -1 0
123 283 -1 0
122 283 -1 0
121 283 -1 0
120 283 -1 0
119 283 -1 0
118 283 -1 0
117 283 -1 0
120 282 -1 0
211 240 -1 1
210 240 -1 1
209 240 -1 1
208 240 -1 1
206 240 -1 1
205 240 -1 1
214 239 -1 1
213 239 -1 1
212 239 -1 1
211 239 -1 1
210 239 -1 1
209 239 -1 1
208 239 -1 1
207 239 -1 1
206 239 -1 1
205 239 -1 1
204 239 -1 1
203 239 -1 1
202 239 -1 1
215 238 -1 1
214 238 -1 1
213 238 -1 1
212 238 -1 1
211 238 -1 1
210 238 -1 1
209 238 -1 1
208 238 -1 1
207 238 -1 1
206 238 -1 1
205 238 -1 1
204 238 -1 1
203 238 -1 1
202 238 -1 1
201 238 -1 1
200 238 -1 1
199 238 -1 1
215 237 -1 1
214 237 -1 1
213 237 -1 1
212 237 -1 1
211 237 -1 1
210 237 -1 1
209 237 -1 1
208 237 -1 1
207 237 -1 1
206 237 -1 1
205 237 -1 1
204 237 -1 1
203 237 -1 1
202 237 -1 1
201 237 -1 1
200 237 -1 1
199 237 -1 1
198 237 -1 1
215 236 -1 1
214 236 -1 1
213 236 -1 1
212 236 -1 1
211 236 -1 1
210 236 -1 1
209 236 -1 1
208 236 -1 1
207 236 -1 1
206 236 -1 1
205 236 -1 1
204 236 -1 1
203 236 -1 1
202 236 -1 1
201 236 -1 1
200 236 -1 1
199 236 -1 1
198 236 -1 1
197 236 -1 1
216 235 -1 1
215 235 -1 1
214 235 -1 1
213 235 -1 1
212 235 -1 1
211 235 -1 1
210 235 -1 1
209 235 -1 1
208 235 -1 1
207 235 -1 1
206 235 -1 1
205 235 -1 1
204 235 -1 1
203 235 -1 1
202 235 -1 1
201 235 -1 1
200 235 -1 1
199 235 -1 1
198 235 -1 1
197 235 -1 1
196 235 -1 1
195 235 -1 1
215 234 -1 1
214 234 -1 1
213 234 -1 1
212 234 -1 1
211 234 -1 1
210 234 -1 1
209 234 -1 1
208 234 -1 1
207 234 -1 1
206 234 -1 1
205 234 -1 1
204 234 -1 1
203 234 -1 1
202 234 -1 1
201 234 -1 1
200 234 -1 1
199 234 -1 1
198 234 -1 1
197 234 -1 1
196 234 -1 1
195 234 -1 1
194 234 -1 1
215 233 -1 1
214 233 -1 1
213 233 -1 1
212 233 -1 1
211 233 -1 1
210 233 -1 1
209 233 -1 1
208 233 -1 1
207 233 -1 1
206 233 -1 1
205 233 -1 1
204 233 -1 1
203 233 -1 1
202 233 -1 1
201 233 -1 1
200 233 -1 1
199 233 -1 1
198 233 -1 1
197 233 -1 1
196 233 -1 1
195 233 -1 1
194 233 -1 1
193 233 -1 1
215 232 -1 1
214 232 -1 1
213 232 -1 1
212 232 -1 1
211 232 -1 1
210 232 -1 1
209 232 -1 1
208 232 -1 1
207 232 -1 1
206 232 -1 1
205 232 -1 1
204 232 -1 1
203 232 -1 1
202 232 -1 1
201 232 -1 1
200 232 -1 1
199 232 -1 1
198 232 -1 1
197 232 -1 1
196 232 -1 1
195 232 -1 1
194 232 -1 1
193 232 -1 1
214 231 -1 1
213 231 -1 1
212 231 -1 1
211 231 -1 1
210 231 -1 1
209 231 -1 1
208 231 -1 1
207 231 -1 1
206 231 -1 1
205 231 -1 1
204 231 -1 1
203 231 -1 1
202 231 -1 1
201 231 -1 1
200 231 -1 1
199 231 -1 1
198 231 -1 1
197 231 -1 1
196 231 -1 1
195 231 -1 1
194 231 -1 1
193 231 -1 1
192 231 -1 1
191 231 -1 1
211 230 -1 1
210 230 -1 1
209 230 -1 1
208 230 -1 1
207 230 -1 1
206 230 -1 1
205 230 -1 1
204 230 -1 1
203 230 -1 1
202 230 -1 1
201 230 -1 1
200 230 -1 1
199 230 -1 1
198 230 -1 1
197 230 -1 1
196 230 -1 1
195 230 -1 1
194 230 -1 1
193 230 -1 1
192 230 -1 1
191 230 -1 1
190 230 -1 1
205 229 -1 1
204 229 -1 1
203 229 -1 1
202 229 -1 1
201 229 -1 1
200 229 -1 1
199 229 -1 1
198 229 -1 1
197 229 -1 1
196 229 -1 1
195 229 -1 1
194 229 -1 1
193 229 -1 1
192 229 -1 1
191 229 -1 1
190 229 -1 1
203 228 -1 1
202 228 -1 1
201 228 -1 1
200 228 -1 1
199 228 -1 1
198 228 -1 1
197 228 -1 1
196 228 -1 1
195 228 -1 1
194 228 -1 1
193 228 -1 1
192 228 -1 1
191 228 -1 1
190 228 -1 1
189 228 -1 1
188 228 -1 1
202 227 -1 1
201 227 -1 1
200 227 -1 1
199 227 -1 1
198 227 -1 1
197 227 -1 1
196 227 -1 1
195 227 -1 1
194 227 -1 1
193 227 -1 1
192 227 -1 1
191 227 -1 1
190 227 -1 1
189 227 -1 1
188 227 -1 1
187 227 -1 1
200 226 -1 1
199 226 -1 1
198 226 -1 1
197 226 -1 1
196 226 -1 1
195 226 -1 1
194 226 -1 1
193 226 -1 1
192 226 -1 1
191 226 -1 1
190 226 -1 1
189 226 -1 1
188 226 -1 1
187 226 -1 1
186 226 -1 1
185 226 -1 1
200 225 -1 1
199 225 -1 1
198 225 -1 1
197 225 -1 1
196 225 -1 1
195 225 -1 1
194 225 -1 1
193 225 -1 1
192 225 -1 1
191 225 -1 1
190 225 -1 1
189 225 -1 1
188 225 -1 1
187 225 -1 1
186 225 -1 1
185 225 -1 1
184 225 -1 1
183 225 -1 1
182 225 -1 1
199 224 -1 1
198 224 -1 1
197 224 -1 1
196 224 -1 1
195 224 -1 1
194 224 -1 1
193 224 -1 1
192 224 -1 1
191 224 -1 1
190 224 -1 1
189 224 -1 1
188 224 -1 1
187 224 -1 1
186 224 -1 1
185 224 -1 1
184 224 -1 1
183 224 -1 1
182 224 -1 1
181 224 -1 1
180 224 -1 1
197 223 -1 1
196 223 -1 1
195 223 -1 1
194 223 -1 1
193 223 -1 1
192 223 -1 1
191 223 -1 1
190 223 -1 1
189 223 -1 1
188 223 -1 1
187 223 -1 1
186 223 -1 1
185 223 -1 1
184 223 -1 1
183 223 -1 1
182 223 -1 1
181 223 -1 1
180 223 -1 1
179 223 -1 1
195 222 -1 1
194 222 -1 1
193 222 -1 1
192 222 -1 1
191 222 -1 1
190 222 -1 1
189 222 -1 1
188 222 -1 1
187 222 -1 1
186 222 -1 1
185 222 -1 1
184 222 -1 1
183 222 -1 1
182 222 -1 1
181 222 -1 1
180 222 -1 1
179 222 -1 1
178 222 -1 1
195 221 -1 1
194 221 -1 1
193 221 -1 1
192 221 -1 1
191 221 -1 1
190 221 -1 1
189 221 -1 1
188 221 -1 1
187 221 -1 1
186 221 -1 1
185 221 -1 1
184 221 -1 1
183 221 -1 1
182 221 -1 1
181 221 -1 1
180 221 -1 1
179 221 -1 1
178 221 -1 1
177 221 -1 1
194 220 -1 1
193 220 -1 1
192 220 -1 1
191 220 -1 1
190 220 -1 1
189 220 -1 1
188 220 -1 1
187 220 -1 1
186 220 -1 1
185 220 -1 1
184 220 -1 1
183 220 -1 1
182 220 -1 1
181 220 -1 1
180 220 -1 1
179 220 -1 1
178 220 -1 1
177 220 -1 1
176 220 -1 1
193 219 -1 1
192 219 -1 1
191 219 -1 1
190 219 -1 1
189 219 -1 1
188 219 -1 1
187 219 -1 1
186 219 -1 1
185 219 -1 1
184 219 -1 1
183 219 -1 1
182 219 -1 1
181 219 -1 1
180 219 -1 1
179 219 -1 1
178 219 -1 1
177 219 -1 1
176 219 -1 1
175 219 -1 1
191 218 -1 1
190 218 -1 1
189 218 -1 1
188 218 -1 1
187 218 -1 1
186 218 -1 1
185 218 -1 1
184 218 -1 1
183 218 -1 1
182 218 -1 1
181 218 -1 1
180 218 -1 1
179 218 -1 1
178 218 -1 1
177 218 -1 1
176 218 -1 1
175 218 -1 1
174 218 -1 1
190 217 -1 1
189 217 -1 1
188 217 -1 1
187 217 -1 1
186 217 -1 1
185 217 -1 1
184 217 -1 1
183 217 -1 1
182 217 -1 1
181 217 -1 1
180 217 -1 1
179 217 -1 1
178 217 -1 1
177 217 -1 1
176 217 -1 1
175 217 -1 1
174 217 -1 1
173 217 -1 1
187 216 -1 1
186 216 -1 1
185 216 -1 1
184 216 -1 1
183 216 -1 1
182 216 -1 1
181 216 -1 1
180 216 -1 1
179 216 -1 1
178 216 -1 1
177 216 -1 1
176 216 -1 1
175 216 -1 1
174 216 -1 1
173 216 -1 1
172 216 -1 1
186 215 -1 1
185 215 -1 1
184 215 -1 1
183 215 -1 1
182 215 -1 1
181 215 -1 1
180 215 -1 1
179 215 -1 1
178 215 -1 1
177 215 -1 1
176 215 -1 1
175 215 -1 1
174 215 -1 1
173 215 -1 1
172 215 -1 1
171 215 -1 1
184 214 -1 1
183 214 -1 1
182 214 -1 1
181 214 -1 1
180 214 -1 1
179 214 -1 1
178 214 -1 1
177 214 -1 1
176 214 -1 1
175 214 -1 1
174 214 -1 1
173 214 -1 1
172 214 -1 1
171 214 -1 1
183 213 -1 1
182 213 -1 1
181 213 -1 1
180 213 -1 1
179 213 -1 1
178 213 -1 1
177 213 -1 1
176 213 -1 1
175 213 -1 1
174 213 -1 1
173 213 -1 1
172 213 -1 1
171 213 -1 1
170 213 -1 1
169 213 -1 1
182 212 -1 1
181 212 -1 1
180 212 -1 1
179 212 -1 1
178 212 -1 1
177 212 -1 1
176 212 -1 1
175 212 -1 1
174 212 -1 1
173 212 -1 1
172 212 -1 1
171 212 -1 1
170 212 -1 1
169 212 -1 1
168 212 -1 1
181 211 -1 1
180 211 -1 1
179 211 -1 1
178 211 -1 1
177 211 -1 1
176 211 -1 1
175 211 -1 1
174 211 -1 1
173 211 -1 1
172 211 -1 1
171 211 -1 1
170 211 -1 1
169 211 -1 1
168 211 -1 1
167 211 -1 1
180 210 -1 1
179 210 -1 1
178 210 -1 1
177 210 -1 1
176 210 -1 1
175 210 -1 1
174 210 -1 1
173 210 -1 1
172 210 -1 1
171 210 -1 1
170 210 -1 1
169 210 -1 1
168 210 -1 1
167 210 -1 1
166 210 -1 1
165 210 -1 1
164 210 -1 1
179 209 -1 1
178 209 -1 1
177 209 -1 1
176 209 -1 1
175 209 -1 1
174 209 -1 1
173 209 -1 1
172 209 -1 1
171 209 -1 1
170 209 -1 1
169 209 -1 1
168 209 -1 1
167 209 -1 1
166 209 -1 1
165 209 -1 1
164 209 -1 1
163 209 -1 1
162 209 -1 1
161 209 -1 1
160 209 -1 1
159 209 -1 1
158 209 -1 1
157 209 -1 1
178 208 -1 1
177 208 -1 1
176 208 -1 1
175 208 -1 1
174 208 -1 1
173 208 -1 1
172 208 -1 1
171 208 -1 1
170 208 -1 1
169 208 -1 1
168 208 -1 1
167 208 -1 1
166 208 -1 1
165 208 -1 1
164 208 -1 1
163 208 -1 1
162 208 -1 1
161 208 -1 1
160 208 -1 1
159 208 -1 1
158 208 -1 1
157 208 -1 1
156 208 -1 1
155 208 -1 1
154 208 -1 1
176 207 -1 1
175 207 -1 1
174 207 -1 1
173 207 -1 1
172 207 -1 1
171 207 -1 1
170 207 -1 1
169 207 -1 1
168 207 -1 1
167 207 -1 1
166 207 -1 1
165 207 -1 1
164 207 -1 1
163 207 -1 1
162 207 -1 1
161 207 -1 1
160 207 -1 1
159 207 -1 1
158 207 -1 1
157 207 -1 1
156 207 -1 1
155 207 -1 1
154 207 -1 1
153 207 -1 1
176 206 -1 1
175 206 -1 1
174 206 -1 1
173 206 -1 1
172 206 -1 1
171 206 -1 1
170 206 -1 1
169 206 -1 1
168 206 -1 1
167 206 -1 1
166 206 -1 1
165 206 -1 1
164 206 -1 1
163 206 -1 1
162 206 -1 1
161 206 -1 1
160 206 -1 1
159 206 -1 1
158 206 -1 1
157 206 -1 1
156 206 -1 1
155 206 -1 1
154 206 -1 1
153 206 -1 1
175 205 -1 1
174 205 -1 1
173 205 -1 1
172 205 -1 1
171 205 -1 1
170 205 -1 1
169 205 -1 1
168 205 -1 1
167 205 -1 1
166 205 -1 1
165 205 -1 1
164 205 -1 1
163 205 -1 1
162 205 -1 1
161 205 -1 1
160 205 -1 1
159 205 -1 1
158 205 -1 1
157 205 -1 1
156 205 -1 1
155 205 -1 1
154 205 -1 1
153 205 -1 1
174 204 -1 1
173 204 -1 1
172 204 -1 1
171 204 -1 1
170 204 -1 1
169 204 -1 1
168 204 -1 1
167 204 -1 1
166 204 -1 1
165 204 -1 1
164 204 -1 1
163 204 -1 1
162 204 -1 1
161 204 -1 1
160 204 -1 1
159 204 -1 1
158 204 -1 1
157 204 -1 1
156 204 -1 1
155 204 -1 1
154 204 -1 1
153 204 -1 1
152 204 -1 1
173 203 -1 1
172 203 -1 1
171 203 -1 1
170 203 -1 1
169 203 -1 1
168 203 -1 1
167 203 -1 1
166 203 -1 1
165 203 -1 1
164 203 -1 1
163 203 -1 1
162 203 -1 1
161 203 -1 1
160 203 -1 1
159 203 -1 1
158 203 -1 1
157 203 -1 1
156 203 -1 1
155 203 -1 1
154 203 -1 1
153 203 -1 1
171 202 -1 1
170 202 -1 1
169 202 -1 1
168 202 -1 1
167 202 -1 1
166 202 -1 1
165 202 -1 1
164 202 -1 1
163 202 -1 1
162 202 -1 1
161 202 -1 1
160 202 -1 1
159 202 -1 1
158 202 -1 1
157 202 -1 1
156 202 -1 1
155 202 -1 1
154 202 -1 1
153 202 -1 1
170 201 -1 1
169 201 -1 1
168 201 -1 1
167 201 -1 1
166 201 -1 1
165 201 -1 1
164 201 -1 1
163 201 -1 1
162 201 -1 1
161 201 -1 1
160 201 -1 1
159 201 -1 1
158 201 -1 1
157 201 -1 1
156 201 -1 1
155 201 -1 1
154 201 -1 1
153 201 -1 1
169 200 -1 1
168 200 -1 1
167 200 -1 1
166 200 -1 1
165 200 -1 1
164 200 -1 1
163 200 -1 1
162 200 -1 1
161 200 -1 1
160 200 -1 1
159 200 -1 1
158 200 -1 1
157 200 -1 1
156 200 -1 1
155 200 -1 1
154 200 -1 1
166 199 -1 1
165 199 -1 1
164 199 -1 1
163 199 -1 1
162 199 -1 1
161 199 -1 1
160 199 -1 1
159 199 -1 1
158 199 -1 1
157 199 -1 1
265 173 -1 0
264 173 -1 0
263 173 -1 0
267 172 -1 0
266 172 -1 0
265 172 -1 0
264 172 -1 0
263 172 -1 0
262 172 -1 0
272 171 -1 0
270 171 -1 0
269 171 -1 0
268 171 -1 0
267 171 -1 0
266 171 -1 0
265 171 -1 0
264 171 -1 0
263 171 -1 0
262 171 -1 0
273 170 -1 0
272 170 -1 0
271 170 -1 0
270 170 -1 0
269 170 -1 0
268 170 -1 0
267 170 -1 0
266 170 -1 0
265 170 -1 0
264 170 -1 0
263 170 -1 0
262 170 -1 0
261 170 -1 0
273 169 -1 0
272 169 -1 0
271 169 -1 0
270 169 -1 0
269 169 -1 0
268 169 -1 0
267 169 -1 0
266 169 -1 0
265 169 -1 0
264 169 -1 0
263 169 -1 0
262 169 -1 0
261 169 -1 0
260 169 -1 0
259 169 -1 0
272 168 -1 0
271 168 -1 0
270 168 -1 0
269 168 -1 0
268 168 -1 0
267 168 -1 0
266 168 -1 0
265 168 -1 0
264 168 -1 0
263 168 -1 0
262 168 -1 0
261 168 -1 0
260 168 -1 0
259 168 -1 0
258 168 -1 0
271 167 -1 0
270 167 -1 0
269 167 -1 0
268 167 -1 0
267 167 -1 0
266 167 -1 0
265 167 -1 0
264 167 -1 0
263 167 -1 0
262 167 -1 0
261 167 -1 0
260 167 -1 0
259 167 -1 0
258 167 -1 0
257 167 -1 0
270 166 -1 0
269 166 -1 0
268 166 -1 0
267 166 -1 0
266 166 -1 0
265 166 -1 0
264 166 -1 0
263 166 -1 0
262 166 -1 0
261 166 -1 0
260 166 -1 0
259 166 -1 0
258 166 -1 0
257 166 -1 0
256 166 -1 0
269 165 -1 0
268 165 -1 0
267 165 -1 0
266 165 -1 0
265 165 -1 0
264 165 -1 0
263 165 -1 0
262 165 -1 0
261 165 -1 0
260 165 -1 0
259 165 -1 0
258 165 -1 0
257 165 -1 0
256 165 -1 0
268 164 -1 0
267 164 -1 0
266 164 -1 0
265 164 -1 0
264 164 -1 0
263 164 -1 0
262 164 -1 0
261 164 -1 0
260 164 -1 0
259 164 -1 0
258 164 -1 0
257 164 -1 0
256 164 -1 0
254 164 -1 0
268 163 -1 0
267 163 -1 0
266 163 -1 0
265 163 -1 0
264 163 -1 0
263 163 -1 0
262 163 -1 0
261 163 -1 0
260 163 -1 0
259 163 -1 0
258 163 -1 0
257 163 -1 0
256 163 -1 0
255 163 -1 0
254 163 -1 0
253 163 -1 0
252 163 -1 0
251 163 -1 0
267 162 -1 0
266 162 -1 0
265 162 -1 0
264 162 -1 0
263 162 -1 0
262 162 -1 0
261 162 -1 0
260 162 -1 0
259 162 -1 0
258 162 -1 0
257 162 -1 0
256 162 -1 0
255 162 -1 0
254 162 -1 0
253 162 -1 0
252 162 -1 0
251 162 -1 0
250 162 -1 0
265 161 -1 0
264 161 -1 0
263 161 -1 0
262 161 -1 0
261 161 -1 0
260 161 -1 0
259 161 -1 0
258 161 -1 0
257 161 -1 0
256 161 -1 0
255 161 -1 0
254 161 -1 0
253 161 -1 0
252 161 -1 0
251 161 -1 0
250 161 -1 0
249 161 -1 0
264 160 -1 0
263 160 -1 0
262 160 -1 0
261 160 -1 0
260 160 -1 0
259 160 -1 0
258 160 -1 0
257 160 -1 0
256 160 -1 0
255 160 -1 0
254 160 -1 0
253 160 -1 0
252 160 -1 0
251 160 -1 0
250 160 -1 0
249 160 -1 0
248 160 -1 0
247 160 -1 0
246 160 -1 0
263 159 -1 0
262 159 -1 0
261 159 -1 0
260 159 -1 0
259 159 -1 0
258 159 -1 0
257 159 -1 0
256 159 -1 0
255 159 -1 0
254 159 -1 0
253 159 -1 0
252 159 -1 0
251 159 -1 0
250 159 -1 0
249 159 -1 0
248 159 -1 0
247 159 -1 0
246 159 -1 0
245 159 -1 0
260 158 -1 0
258 158 -1 0
257 158 -1 0
256 158 -1 0
255 158 -1 0
254 158 -1 0
253 158 -1 0
252 158 -1 0
251 158 -1 0
250 158 -1 0
249 158 -1 0
248 158 -1 0
247 158 -1 0
246 158 -1 0
245 158 -1 0
258 157 -1 0
257 157 -1 0
256 157 -1 0
255 157 -1 0
254 157 -1 0
253 157 -1 0
252 157 -1 0
251 157 -1 0
250 157 -1 0
249 157 -1 0
248 157 -1 0
247 157 -1 0
246 157 -1 0
245 157 -1 0
244 157 -1 0
243 157 -1 0
242 157 -1 0
258 156 -1 0
257 156 -1 0
256 156 -1 0
255 156 -1 0
254 156 -1 0
253 156 -1 0
252 156 -1 0
251 156 -1 0
250 156 -1 0
249 156 -1 0
248 156 -1 0
247 156 -1 0
246 156 -1 0
245 156 -1 0
244 156 -1 0
243 156 -1 0
242 156 -1 0
241 156 -1 0
257 155 -1 0
256 155 -1 0
255 155 -1 0
254 155 -1 0
253 155 -1 0
252 155 -1 0
251 155 -1 0
250 155 -1 0
249 155 -1 0
248 155 -1 0
247 155 -1 0
246 155 -1 0
245 155 -1 0
244 155 -1 0
243 155 -1 0
242 155 -1 0
241 155 -1 0
254 154 -1 0
253 154 -1 0
252 154 -1 0
251 154 -1 0
250 154 -1 0
249 154 -1 0
248 154 -1 0
247 154 -1 0
246 154 -1 0
245 154 -1 0
244 154 -1 0
243 154 -1 0
242 154 -1 0
241 154 -1 0
239 154 -1 0
253 153 -1 0
252 153 -1 0
251 153 -1 0
250 153 -1 0
249 153 -1 0
248 153 -1 0
247 153 -1 0
246 153 -1 0
245 153 -1 0
244 153 -1 0
243 153 -1 0
242 153 -1 0
241 153 -1 0
240 153 -1 0
239 153 -1 0
238 153 -1 0
237 153 -1 0
236 153 -1 0
252 152 -1 0
251 152 -1 0
250 152 -1 0
249 152 -1 0
248 152 -1 0
247 152 -1 0
246 152 -1 0
245 152 -1 0
244 152 -1 0
243 152 -1 0
242 152 -1 0
241 152 -1 0
240 152 -1 0
239 152 -1 0
238 152 -1 0
237 152 -1 0
236 152 -1 0
235 152 -1 0
249 151 -1 0
248 151 -1 0
247 151 -1 0
246 151 -1 0
245 151 -1 0
244 151 -1 0
243 151 -1 0
242 151 -1 0
241 151 -1 0
240 151 -1 0
239 151 -1 0
238 151 -1 0
237 151 -1 0
236 151 -1 0
235 151 -1 0
233 151 -1 0
249 150 -1 0
248 150 -1 0
247 150 -1 0
246 150 -1 0
245 150 -1 0
244 150 -1 0
243 150 -1 0
242 150 -1 0
241 150 -1 0
240 150 -1 0
239 150 -1 0
238 150 -1 0
237 150 -1 0
236 150 -1 0
235 150 -1 0
234 150 -1 0
233 150 -1 0
232 150 -1 0
231 150 -1 0
230 150 -1 0
248 149 -1 0
247 149 -1 0
246 149 -1 0
245 149 -1 0
244 149 -1 0
243 149 -1 0
242 149 -1 0
241 149 -1 0
240 149 -1 0
239 149 -1 0
238 149 -1 0
237 149 -1 0
236 149 -1 0
235 149 -1 0
234 149 -1 0
233 149 -1 0
232 149 -1 0
231 149 -1 0
230 149 -1 0
229 149 -1 0
245 148 -1 0
243 148 -1 0
242 148 -1 0
241 148 -1 0
240 148 -1 0
239 148 -1 0
238 148 -1 0
237 148 -1 0
236 148 -1 0
235 148 -1 0
234 148 -1 0
233 148 -1 0
232 148 -1 0
231 148 -1 0
230 148 -1 0
229 148 -1 0
243 147 -1 0
242 147 -1 0
241 147 -1 0
240 147 -1 0
239 147 -1 0
238 147 -1 0
237 147 -1 0
236 147 -1 0
235 147 -1 0
234 147 -1 0
233 147 -1 0
232 147 -1 0
231 147 -1 0
230 147 -1 0
229 147 -1 0
227 147 -1 0
223 147 -1 0
243 146 -1 0
242 146 -1 0
241 146 -1 0
240 146 -1 0
239 146 -1 0
238 146 -1 0
237 146 -1 0
236 146 -1 0
235 146 -1 0
234 146 -1 0
233 146 -1 0
232 146 -1 0
231 146 -1 0
230 146 -1 0
229 146 -1 0
228 146 -1 0
227 146 -1 0
226 146 -1 0
225 146 -1 0
224 146 -1 0
223 146 -1 0
222 146 -1 0
221 146 -1 0
220 146 -1 0
242 145 -1 0
241 145 -1 0
240 145 -1 0
239 145 -1 0
238 145 -1 0
237 145 -1 0
236 145 -1 0
235 145 -1 0
234 145 -1 0
233 145 -1 0
232 145 -1 0
231 145 -1 0
230 145 -1 0
229 145 -1 0
228 145 -1 0
227 145 -1 0
226 145 -1 0
225 145 -1 0
224 145 -1 0
223 145 -1 0
222 145 -1 0
221 145 -1 0
220 145 -1 0
219 145 -1 0
239 144 -1 0
237 144 -1 0
236 144 -1 0
235 144 -1 0
234 144 -1 0
233 144 -1 0
232 144 -1 0
231 144 -1 0
230 144 -1 0
229 144 -1 0
228 144 -1 0
227 144 -1 0
226 144 -1 0
225 144 -1 0
224 144 -1 0
223 144 -1 0
222 144 -1 0
221 144 -1 0
220 144 -1 0
219 144 -1 0
237 143 -1 0
236 143 -1 0
235 143 -1 0
234 143 -1 0
233 143 -1 0
232 143 -1 0
231 143 -1 0
230 143 -1 0
229 143 -1 0
228 143 -1 0
227 143 -1 0
226 143 -1 0
225 143 -1 0
224 143 -1 0
223 143 -1 0
222 143 -1 0
221 143 -1 0
220 143 -1 0
219 143 -1 0
217 143 -1 0
236 142 -1 0
235 142 -1 0
234 142 -1 0
233 142 -1 0
232 142 -1 0
231 142 -1 0
230 142 -1 0
229 142 -1 0
228 142 -1 0
227 142 -1 0
226 142 -1 0
225 142 -1 0
224 142 -1 0
223 142 -1 0
222 142 -1 0
221 142 -1 0
220 142 -1 0
219 142 -1 0
218 142 -1 0
217 142 -1 0
216 142 -1 0
215 142 -1 0
214 142 -1 0
213 142 -1 0
233 141 -1 0
231 141 -1 0
230 141 -1 0
229 141 -1 0
228 141 -1 0
227 141 -1 0
226 141 -1 0
225 141 -1 0
224 141 -1 0
223 141 -1 0
222 141 -1 0
221 141 -1 0
220 141 -1 0
219 141 -1 0
218 141 -1 0
217 141 -1 0
216 141 -1 0
215 141 -1 0
214 141 -1 0
213 141 -1 0
212 141 -1 0
211 141 -1 0
210 141 -1 0
208 141 -1 0
231 140 -1 0
230 140 -1 0
229 140 -1 0
228 140 -1 0
227 140 -1 0
226 140 -1 0
225 140 -1 0
224 140 -1 0
223 140 -1 0
222 140 -1 0
221 140 -1 0
220 140 -1 0
219 140 -1 0
218 140 -1 0
217 140 -1 0
216 140 -1 0
215 140 -1 0
214 140 -1 0
213 140 -1 0
212 140 -1 0
211 140 -1 0
210 140 -1 0
209 140 -1 0
208 140 -1 0
207 140 -1 0
206 140 -1 0
205 140 -1 0
204 140 -1 0
231 139 -1 0
230 139 -1 0
229 139 -1 0
228 139 -1 0
227 139 -1 0
226 139 -1 0
225 139 -1 0
224 139 -1 0
223 139 -1 0
222 139 -1 0
221 139 -1 0
220 139 -1 0
219 139 -1 0
218 139 -1 0
217 139 -1 0
216 139 -1 0
215 139 -1 0
214 139 -1 0
213 139 -1 0
212 139 -1 0
211 139 -1 0
210 139 -1 0
209 139 -1 0
208 139 -1 0
207 139 -1 0
206 139 -1 0
205 139 -1 0
204 139 -1 0
203 139 -1 0
202 139 -1 0
201 139 -1 0
199 139 -1 0
195 139 -1 0
194 139 -1 0
230 138 -1 0
229 138 -1 0
228 138 -1 0
227 138 -1 0
226 138 -1 0
225 138 -1 0
224 138 -1 0
223 138 -1 0
222 138 -1 0
221 138 -1 0
220 138 -1 0
219 138 -1 0
218 138 -1 0
217 138 -1 0
216 138 -1 0
215 138 -1 0
214 138 -1 0
213 138 -1 0
212 138 -1 0
211 138 -1 0
210 138 -1 0
209 138 -1 0
208 138 -1 0
207 138 -1 0
206 138 -1 0
205 138 -1 0
204 138 -1 0
203 138 -1 0
202 138 -1 0
201 138 -1 0
200 138 -1 0
199 138 -1 0
198 138 -1 0
197 138 -1 0
196 138 -1 0
195 138 -1 0
194 138 -1 0
193 138 -1 0
192 138 -1 0
191 138 -1 0
227 137 -1 0
223 137 -1 0
221 137 -1 0
220 137 -1 0
219 137 -1 0
218 137 -1 0
217 137 -1 0
216 137 -1 0
215 137 -1 0
214 137 -1 0
213 137 -1 0
212 137 -1 0
211 137 -1 0
210 137 -1 0
209 137 -1 0
208 137 -1 0
207 137 -1 0
206 137 -1 0
205 137 -1 0
204 137 -1 0
203 137 -1 0
202 137 -1 0
201 137 -1 0
200 137 -1 0
199 137 -1 0
198 137 -1 0
197 137 -1 0
196 137 -1 0
195 137 -1 0
194 137 -1 0
193 137 -1 0
192 137 -1 0
191 137 -1 0
190 137 -1 0
221 136 -1 0
220 136 -1 0
219 136 -1 0
218 136 -1 0
217 136 -1 0
216 136 -1 0
215 136 -1 0
214 136 -1 0
213 136 -1 0
212 136 -1 0
211 136 -1 0
210 136 -1 0
209 136 -1 0
208 136 -1 0
207 136 -1 0
206 136 -1 0
205 136 -1 0
204 136 -1 0
203 136 -1 0
202 136 -1 0
201 136 -1 0
200 136 -1 0
199 136 -1 0
198 136 -1 0
197 136 -1 0
196 136 -1 0
195 136 -1 0
194 136 -1 0
193 136 -1 0
192 136 -1 0
191 136 -1 0
190 136 -1 0
221 135 -1 0
220 135 -1 0
219 135 -1 0
218 135 -1 0
217 135 -1 0
216 135 -1 0
215 135 -1 0
214 135 -1 0
213 135 -1 0
212 135 -1 0
211 135 -1 0
210 135 -1 0
209 135 -1 0
208 135 -1 0
207 135 -1 0
206 135 -1 0
205 135 -1 0
204 135 -1 0
203 135 -1 0
202 135 -1 0
201 135 -1 0
200 135 -1 0
199 135 -1 0
198 135 -1 0
197 135 -1 0
196 135 -1 0
195 135 -1 0
194 135 -1 0
193 135 -1 0
192 135 -1 0
191 135 -1 0
190 135 -1 0
220 134 -1 0
219 134 -1 0
218 134 -1 0
217 134 -1 0
216 134 -1 0
215 134 -1 0
214 134 -1 0
213 134 -1 0
212 134 -1 0
211 134 -1 0
210 134 -1 0
209 134 -1 0
208 134 -1 0
207 134 -1 0
206 134 -1 0
205 134 -1 0
204 134 -1 0
203 134 -1 0
202 134 -1 0
201 134 -1 0
200 134 -1 0
199 134 -1 0
198 134 -1 0
197 134 -1 0
196 134 -1 0
195 134 -1 0
194 134 -1 0
193 134 -1 0
192 134 -1 0
191 134 -1 0
190 134 -1 0
189 134 -1 0
217 133 -1 0
216 133 -1 0
215 133 -1 0
214 133 -1 0
213 133 -1 0
212 133 -1 0
211 133 -1 0
210 133 -1 0
209 133 -1 0
208 133 -1 0
207 133 -1 0
206 133 -1 0
205 133 -1 0
204 133 -1 0
203 133 -1 0
202 133 -1 0
201 133 -1 0
200 133 -1 0
199 133 -1 0
198 133 -1 0
197 133 -1 0
196 133 -1 0
195 133 -1 0
194 133 -1 0
193 133 -1 0
192 133 -1 0
191 133 -1 0
190 133 -1 0
213 132 -1 0
211 132 -1 0
210 132 -1 0
209 132 -1 0
208 132 -1 0
207 132 -1 0
206 132 -1 0
205 132 -1 0
204 132 -1 0
203 132 -1 0
202 132 -1 0
201 132 -1 0
200 132 -1 0
199 132 -1 0
198 132 -1 0
197 132 -1 0
196 132 -1 0
195 132 -1 0
194 132 -1 0
193 132 -1 0
192 132 -1 0
191 132 -1 0
190 132 -1 0
208 131 -1 0
207 131 -1 0
206 131 -1 0
205 131 -1 0
204 131 -1 0
203 131 -1 0
202 131 -1 0
201 131 -1 0
200 131 -1 0
199 131 -1 0
198 131 -1 0
197 131 -1 0
196 131 -1 0
195 131 -1 0
194 131 -1 0
193 131 -1 0
192 131 -1 0
191 131 -1 0
190 131 -1 0
204 130 -1 0
203 130 -1 0
202 130 -1 0
201 130 -1 0
200 130 -1 0
199 130 -1 0
198 130 -1 0
197 130 -1 0
196 130 -1 0
195 130 -1 0
194 130 -1 0
193 130 -1 0
192 130 -1 0
191 130 -1 0
201 129 -1 0
199 129 -1 0
195 129 -1 0
194 129 -1 0
