2169 408 341
376 224 -1 0
375 224 -1 0
374 224 -1 0
373 224 -1 0
372 224 -1 0
379 223 -1 0
378 223 -1 0
377 223 -1 0
376 223 -1 0
375 223 -1 0
374 223 -1 0
373 223 -1 0
372 223 -1 0
371 223 -1 0
370 223 -1 0
369 223 -1 0
380 222 -1 0
379 222 -1 0
378 222 -1 0
377 222 -1 0
376 222 -1 0
375 222 -1 0
374 222 -1 0
373 222 -1 0
372 222 -1 0
371 222 -1 0
370 222 -1 0
369 222 -1 0
368 222 -1 0
381 221 -1 0
380 221 -1 0
379 221 -1 0
378 221 -1 0
377 221 -1 0
376 221 -1 0
375 221 -1 0
374 221 -1 0
373 221 -1 0
372 221 -1 0
371 221 -1 0
370 221 -1 0
369 221 -1 0
368 221 -1 0
381 220 -1 0
380 220 -1 0
379 220 -1 0
378 220 -1 0
377 220 -1 0
376 220 -1 0
375 220 -1 0
374 220 -1 0
373 220 -1 0
372 220 -1 0
371 220 -1 0
370 220 -1 0
369 220 -1 0
368 220 -1 0
381 219 -1 0
380 219 -1 0
379 219 -1 0
378 219 -1 0
377 219 -1 0
376 219 -1 0
375 219 -1 0
374 219 -1 0
373 219 -1 0
372 219 -1 0
371 219 -1 0
370 219 -1 0
369 219 -1 0
368 219 -1 0
367 219 -1 0
382 218 -1 0
381 218 -1 0
380 218 -1 0
379 218 -1 0
378 218 -1 0
377 218 -1 0
376 218 -1 0
375 218 -1 0
374 218 -1 0
373 218 -1 0
372 218 -1 0
371 218 -1 0
370 218 -1 0
369 218 -1 0
368 218 -1 0
383 217 -1 0
382 217 -1 0
381 217 -1 0
380 217 -1 0
379 217 -1 0
378 217 -1 0
377 217 -1 0
376 217 -1 0
375 217 -1 0
374 217 -1 0
373 217 -1 0
372 217 -1 0
371 217 -1 0
370 217 -1 0
369 217 -1 0
368 217 -1 0
384 216 -1 0
383 216 -1 0
382 216 -1 0
381 216 -1 0
380 216 -1 0
379 216 -1 0
378 216 -1 0
377 216 -1 0
376 216 -1 0
375 216 -1 0
374 216 -1 0
373 216 -1 0
372 216 -1 0
371 216 -1 0
370 216 -1 0
369 216 -1 0
368 216 -1 0
384 215 -1 0
383 215 -1 0
382 215 -1 0
381 215 -1 0
380 215 -1 0
379 215 -1 0
378 215 -1 0
377 215 -1 0
376 215 -1 0
375 215 -1 0
374 215 -1 0
373 215 -1 0
372 215 -1 0
371 215 -1 0
370 215 -1 0
369 215 -1 0
384 214 -1 0
383 214 -1 0
382 214 -1 0
381 214 -1 0
380 214 -1 0
379 214 -1 0
378 214 -1 0
377 214 -1 0
376 214 -1 0
375 214 -1 0
374 214 -1 0
373 214 -1 0
372 214 -1 0
385 213 -1 0
384 213 -1 0
383 213 -1 0
382 213 -1 0
381 213 -1 0
380 213 -1 0
379 213 -1 0
378 213 -1 0
377 213 -1 0
376 213 -1 0
375 213 -1 0
374 213 -1 0
386 212 -1 0
385 212 -1 0
384 212 -1 0
383 212 -1 0
382 212 -1 0
381 212 -1 0
380 212 -1 0
379 212 -1 0
378 212 -1 0
377 212 -1 0
376 212 -1 0
375 212 -1 0
374 212 -1 0
386 211 -1 0
385 211 -1 0
384 211 -1 0
383 211 -1 0
382 211 -1 0
381 211 -1 0
380 211 -1 0
379 211 -1 0
378 211 -1 0
377 211 -1 0
376 211 -1 0
375 211 -1 0
386 210 -1 0
385 210 -1 0
384 210 -1 0
383 210 -1 0
382 210 -1 0
381 210 -1 0
380 210 -1 0
379 210 -1 0
378 210 -1 0
377 210 -1 0
376 210 -1 0
387 209 -1 0
386 209 -1 0
385 209 -1 0
384 209 -1 0
383 209 -1 0
382 209 -1 0
381 209 -1 0
380 209 -1 0
379 209 -1 0
378 209 -1 0
377 209 -1 0
376 209 -1 0
388 208 -1 0
387 208 -1 0
386 208 -1 0
385 208 -1 0
384 208 -1 0
383 208 -1 0
382 208 -1 0
381 208 -1 0
380 208 -1 0
379 208 -1 0
378 208 -1 0
377 208 -1 0
388 207 -1 0
387 207 -1 0
386 207 -1 0
385 207 -1 0
384 207 -1 0
383 207 -1 0
382 207 -1 0
381 207 -1 0
380 207 -1 0
379 207 -1 0
378 207 -1 0
388 206 -1 0
387 206 -1 0
386 206 -1 0
385 206 -1 0
384 206 -1 0
383 206 -1 0
382 206 -1 0
381 206 -1 0
380 206 -1 0
379 206 -1 0
378 206 -1 0
389 205 -1 0
388 205 -1 0
387 205 -1 0
386 205 -1 0
385 205 -1 0
384 205 -1 0
383 205 -1 0
382 205 -1 0
381 205 -1 0
380 205 -1 0
379 205 -1 0
378 205 -1 0
390 204 -1 0
389 204 -1 0
388 204 -1 0
387 204 -1 0
386 204 -1 0
385 204 -1 0
384 204 -1 0
383 204 -1 0
382 204 -1 0
381 204 -1 0
380 204 -1 0
379 204 -1 0
390 203 -1 0
389 203 -1 0
388 203 -1 0
387 203 -1 0
386 203 -1 0
385 203 -1 0
384 203 -1 0
383 203 -1 0
382 203 -1 0
381 203 -1 0
380 203 -1 0
379 203 -1 0
390 202 -1 0
389 202 -1 0
388 202 -1 0
387 202 -1 0
386 202 -1 0
385 202 -1 0
384 202 -1 0
383 202 -1 0
382 202 -1 0
381 202 -1 0
380 202 -1 0
379 202 -1 0
391 201 -1 0
390 201 -1 0
389 201 -1 0
388 201 -1 0
387 201 -1 0
386 201 -1 0
385 201 -1 0
384 201 -1 0
383 201 -1 0
382 201 -1 0
381 201 -1 0
380 201 -1 0
390 200 -1 0
389 200 -1 0
388 200 -1 0
387 200 -1 0
386 200 -1 0
385 200 -1 0
384 200 -1 0
383 200 -1 0
382 200 -1 0
390 199 -1 0
389 199 -1 0
388 199 -1 0
387 199 -1 0
386 199 -1 0
385 199 -1 0
384 199 -1 0
383 199 -1 0
382 199 -1 0
391 198 -1 0
390 198 -1 0
389 198 -1 0
388 198 -1 0
387 198 -1 0
386 198 -1 0
385 198 -1 0
384 198 -1 0
383 198 -1 0
382 198 -1 0
381 198 -1 0
391 197 -1 0
390 197 -1 0
389 197 -1 0
388 197 -1 0
387 197 -1 0
386 197 -1 0
385 197 -1 0
384 197 -1 0
383 197 -1 0
382 197 -1 0
391 196 -1 0
390 196 -1 0
389 196 -1 0
388 196 -1 0
387 196 -1 0
386 196 -1 0
385 196 -1 0
384 196 -1 0
383 196 -1 0
382 196 -1 0
392 195 -1 0
391 195 -1 0
390 195 -1 0
389 195 -1 0
388 195 -1 0
387 195 -1 0
386 195 -1 0
385 195 -1 0
384 195 -1 0
383 195 -1 0
382 195 -1 0
391 194 -1 0
390 194 -1 0
389 194 -1 0
388 194 -1 0
387 194 -1 0
386 194 -1 0
385 194 -1 0
384 194 -1 0
383 194 -1 0
392 193 -1 0
391 193 -1 0
390 193 -1 0
389 193 -1 0
388 193 -1 0
387 193 -1 0
386 193 -1 0
385 193 -1 0
384 193 -1 0
383 193 -1 0
382 193 -1 0
392 192 -1 0
391 192 -1 0
390 192 -1 0
389 192 -1 0
388 192 -1 0
387 192 -1 0
386 192 -1 0
385 192 -1 0
384 192 -1 0
383 192 -1 0
392 191 -1 0
391 191 -1 0
390 191 -1 0
389 191 -1 0
388 191 -1 0
387 191 -1 0
386 191 -1 0
385 191 -1 0
384 191 -1 0
383 191 -1 0
392 190 -1 0
391 190 -1 0
390 190 -1 0
389 190 -1 0
388 190 -1 0
387 190 -1 0
386 190 -1 0
385 190 -1 0
384 190 -1 0
383 190 -1 0
393 189 -1 0
392 189 -1 0
391 189 -1 0
390 189 -1 0
389 189 -1 0
388 189 -1 0
387 189 -1 0
386 189 -1 0
385 189 -1 0
384 189 -1 0
383 189 -1 0
392 188 -1 0
391 188 -1 0
390 188 -1 0
389 188 -1 0
388 188 -1 0
387 188 -1 0
386 188 -1 0
385 188 -1 0
384 188 -1 0
393 187 -1 0
392 187 -1 0
391 187 -1 0
390 187 -1 0
389 187 -1 0
388 187 -1 0
387 187 -1 0
386 187 -1 0
385 187 -1 0
384 187 -1 0
383 187 -1 0
392 186 -1 0
391 186 -1 0
390 186 -1 0
389 186 -1 0
388 186 -1 0
387 186 -1 0
386 186 -1 0
385 186 -1 0
384 186 -1 0
393 185 -1 0
392 185 -1 0
391 185 -1 0
390 185 -1 0
389 185 -1 0
388 185 -1 0
387 185 -1 0
386 185 -1 0
385 185 -1 0
384 185 -1 0
383 185 -1 0
393 184 -1 0
392 184 -1 0
391 184 -1 0
390 184 -1 0
389 184 -1 0
388 184 -1 0
387 184 -1 0
386 184 -1 0
385 184 -1 0
384 184 -1 0
383 184 -1 0
392 183 -1 0
391 183 -1 0
390 183 -1 0
389 183 -1 0
388 183 -1 0
387 183 -1 0
386 183 -1 0
385 183 -1 0
384 183 -1 0
393 182 -1 0
392 182 -1 0
391 182 -1 0
390 182 -1 0
389 182 -1 0
388 182 -1 0
387 182 -1 0
386 182 -1 0
385 182 -1 0
384 182 -1 0
383 182 -1 0
392 181 -1 0
391 181 -1 0
390 181 -1 0
389 181 -1 0
388 181 -1 0
387 181 -1 0
386 181 -1 0
385 181 -1 0
384 181 -1 0
392 180 -1 0
391 180 -1 0
390 180 -1 0
389 180 -1 0
388 180 -1 0
387 180 -1 0
386 180 -1 0
385 180 -1 0
384 180 -1 0
393 179 -1 0
392 179 -1 0
391 179 -1 0
390 179 -1 0
389 179 -1 0
388 179 -1 0
387 179 -1 0
386 179 -1 0
385 179 -1 0
384 179 -1 0
383 179 -1 0
392 178 -1 0
391 178 -1 0
390 178 -1 0
389 178 -1 0
388 178 -1 0
387 178 -1 0
386 178 -1 0
385 178 -1 0
384 178 -1 0
392 177 -1 0
391 177 -1 0
390 177 -1 0
389 177 -1 0
388 177 -1 0
387 177 -1 0
386 177 -1 0
385 177 -1 0
384 177 -1 0
392 176 -1 0
391 176 -1 0
390 176 -1 0
389 176 -1 0
388 176 -1 0
387 176 -1 0
386 176 -1 0
385 176 -1 0
384 176 -1 0
393 175 -1 0
392 175 -1 0
391 175 -1 0
390 175 -1 0
389 175 -1 0
388 175 -1 0
387 175 -1 0
386 175 -1 0
385 175 -1 0
384 175 -1 0
383 175 -1 0
392 174 -1 0
391 174 -1 0
390 174 -1 0
389 174 -1 0
388 174 -1 0
387 174 -1 0
386 174 -1 0
385 174 -1 0
384 174 -1 0
392 173 -1 0
391 173 -1 0
390 173 -1 0
389 173 -1 0
388 173 -1 0
387 173 -1 0
386 173 -1 0
385 173 -1 0
384 173 -1 0
392 172 -1 0
391 172 -1 0
390 172 -1 0
389 172 -1 0
388 172 -1 0
387 172 -1 0
386 172 -1 0
385 172 -1 0
384 172 -1 0
393 171 -1 0
392 171 -1 0
391 171 -1 0
390 171 -1 0
389 171 -1 0
388 171 -1 0
387 171 -1 0
386 171 -1 0
385 171 -1 0
384 171 -1 0
383 171 -1 0
392 170 -1 0
391 170 -1 0
390 170 -1 0
389 170 -1 0
388 170 -1 0
387 170 -1 0
386 170 -1 0
385 170 -1 0
384 170 -1 0
392 169 -1 0
391 169 -1 0
390 169 -1 0
389 169 -1 0
388 169 -1 0
387 169 -1 0
386 169 -1 0
385 169 -1 0
384 169 -1 0
393 168 -1 0
392 168 -1 0
391 168 -1 0
390 168 -1 0
389 168 -1 0
388 168 -1 0
387 168 -1 0
386 168 -1 0
385 168 -1 0
384 168 -1 0
383 168 -1 0
329 168 -1 1
392 167 -1 0
391 167 -1 0
390 167 -1 0
389 167 -1 0
388 167 -1 0
387 167 -1 0
386 167 -1 0
385 167 -1 0
384 167 -1 0
332 167 -1 1
331 167 -1 1
330 167 -1 1
329 167 -1 1
328 167 -1 1
327 167 -1 1
326 167 -1 1
392 166 -1 0
391 166 -1 0
390 166 -1 0
389 166 -1 0
388 166 -1 0
387 166 -1 0
386 166 -1 0
385 166 -1 0
384 166 -1 0
333 166 -1 1
332 166 -1 1
331 166 -1 1
330 166 -1 1
329 166 -1 1
328 166 -1 1
327 166 -1 1
326 166 -1 1
325 166 -1 1
393 165 -1 0
392 165 -1 0
391 165 -1 0
390 165 -1 0
389 165 -1 0
388 165 -1 0
387 165 -1 0
386 165 -1 0
385 165 -1 0
384 165 -1 0
383 165 -1 0
333 165 -1 1
332 165 -1 1
331 165 -1 1
330 165 -1 1
329 165 -1 1
328 165 -1 1
327 165 -1 1
326 165 -1 1
325 165 -1 1
324 165 -1 1
392 164 -1 0
391 164 -1 0
390 164 -1 0
389 164 -1 0
388 164 -1 0
387 164 -1 0
386 164 -1 0
385 164 -1 0
384 164 -1 0
333 164 -1 1
332 164 -1 1
331 164 -1 1
330 164 -1 1
329 164 -1 1
328 164 -1 1
327 164 -1 1
326 164 -1 1
325 164 -1 1
324 164 -1 1
392 163 -1 0
391 163 -1 0
390 163 -1 0
389 163 -1 0
388 163 -1 0
387 163 -1 0
386 163 -1 0
385 163 -1 0
384 163 -1 0
334 163 -1 1
333 163 -1 1
332 163 -1 1
331 163 -1 1
330 163 -1 1
329 163 -1 1
328 163 -1 1
327 163 -1 1
326 163 -1 1
325 163 -1 1
324 163 -1 1
392 162 -1 0
391 162 -1 0
390 162 -1 0
389 162 -1 0
388 162 -1 0
387 162 -1 0
386 162 -1 0
385 162 -1 0
384 162 -1 0
333 162 -1 1
332 162 -1 1
331 162 -1 1
330 162 -1 1
329 162 -1 1
328 162 -1 1
327 162 -1 1
326 162 -1 1
325 162 -1 1
324 162 -1 1
323 162 -1 1
393 161 -1 0
392 161 -1 0
391 161 -1 0
390 161 -1 0
389 161 -1 0
388 161 -1 0
387 161 -1 0
386 161 -1 0
385 161 -1 0
384 161 -1 0
383 161 -1 0
333 161 -1 1
332 161 -1 1
331 161 -1 1
330 161 -1 1
329 161 -1 1
328 161 -1 1
327 161 -1 1
326 161 -1 1
325 161 -1 1
324 161 -1 1
323 161 -1 1
262 161 -1 0
392 160 -1 0
391 160 -1 0
390 160 -1 0
389 160 -1 0
388 160 -1 0
387 160 -1 0
386 160 -1 0
385 160 -1 0
384 160 -1 0
333 160 -1 1
332 160 -1 1
331 160 -1 1
330 160 -1 1
329 160 -1 1
328 160 -1 1
327 160 -1 1
326 160 -1 1
325 160 -1 1
324 160 -1 1
323 160 -1 1
265 160 -1 0
264 160 -1 0
263 160 -1 0
262 160 -1 0
261 160 -1 0
260 160 -1 0
259 160 -1 0
392 159 -1 0
391 159 -1 0
390 159 -1 0
389 159 -1 0
388 159 -1 0
387 159 -1 0
386 159 -1 0
385 159 -1 0
384 159 -1 0
333 159 -1 1
332 159 -1 1
331 159 -1 1
330 159 -1 1
329 159 -1 1
328 159 -1 1
327 159 -1 1
326 159 -1 1
325 159 -1 1
324 159 -1 1
323 159 -1 1
266 159 -1 0
265 159 -1 0
264 159 -1 0
263 159 -1 0
262 159 -1 0
261 159 -1 0
260 159 -1 0
259 159 -1 0
258 159 -1 0
392 158 -1 0
391 158 -1 0
390 158 -1 0
389 158 -1 0
388 158 -1 0
387 158 -1 0
386 158 -1 0
385 158 -1 0
384 158 -1 0
333 158 -1 1
332 158 -1 1
331 158 -1 1
330 158 -1 1
329 158 -1 1
328 158 -1 1
327 158 -1 1
326 158 -1 1
325 158 -1 1
324 158 -1 1
323 158 -1 1
266 158 -1 0
265 158 -1 0
264 158 -1 0
263 158 -1 0
262 158 -1 0
261 158 -1 0
260 158 -1 0
259 158 -1 0
258 158 -1 0
392 157 -1 0
391 157 -1 0
390 157 -1 0
389 157 -1 0
388 157 -1 0
387 157 -1 0
386 157 -1 0
385 157 -1 0
384 157 -1 0
332 157 -1 1
331 157 -1 1
330 157 -1 1
329 157 -1 1
328 157 -1 1
327 157 -1 1
326 157 -1 1
325 157 -1 1
324 157 -1 1
323 157 -1 1
322 157 -1 1
266 157 -1 0
265 157 -1 0
264 157 -1 0
263 157 -1 0
262 157 -1 0
261 157 -1 0
260 157 -1 0
259 157 -1 0
258 157 -1 0
393 156 -1 0
392 156 -1 0
391 156 -1 0
390 156 -1 0
389 156 -1 0
388 156 -1 0
387 156 -1 0
386 156 -1 0
385 156 -1 0
384 156 -1 0
383 156 -1 0
333 156 -1 1
332 156 -1 1
331 156 -1 1
330 156 -1 1
329 156 -1 1
328 156 -1 1
327 156 -1 1
326 156 -1 1
325 156 -1 1
324 156 -1 1
323 156 -1 1
322 156 -1 1
267 156 -1 0
266 156 -1 0
265 156 -1 0
264 156 -1 0
263 156 -1 0
262 156 -1 0
261 156 -1 0
260 156 -1 0
259 156 -1 0
258 156 -1 0
257 156 -1 0
392 155 -1 0
391 155 -1 0
390 155 -1 0
389 155 -1 0
388 155 -1 0
387 155 -1 0
386 155 -1 0
385 155 -1 0
384 155 -1 0
332 155 -1 1
331 155 -1 1
330 155 -1 1
329 155 -1 1
328 155 -1 1
327 155 -1 1
326 155 -1 1
325 155 -1 1
324 155 -1 1
323 155 -1 1
322 155 -1 1
266 155 -1 0
265 155 -1 0
264 155 -1 0
263 155 -1 0
262 155 -1 0
261 155 -1 0
260 155 -1 0
259 155 -1 0
258 155 -1 0
392 154 -1 0
391 154 -1 0
390 154 -1 0
389 154 -1 0
388 154 -1 0
387 154 -1 0
386 154 -1 0
385 154 -1 0
384 154 -1 0
332 154 -1 1
331 154 -1 1
330 154 -1 1
329 154 -1 1
328 154 -1 1
327 154 -1 1
326 154 -1 1
325 154 -1 1
324 154 -1 1
323 154 -1 1
322 154 -1 1
321 154 -1 1
267 154 -1 0
266 154 -1 0
265 154 -1 0
264 154 -1 0
263 154 -1 0
262 154 -1 0
261 154 -1 0
260 154 -1 0
259 154 -1 0
258 154 -1 0
257 154 -1 0
392 153 -1 0
391 153 -1 0
390 153 -1 0
389 153 -1 0
388 153 -1 0
387 153 -1 0
386 153 -1 0
385 153 -1 0
384 153 -1 0
332 153 -1 1
331 153 -1 1
330 153 -1 1
329 153 -1 1
328 153 -1 1
327 153 -1 1
326 153 -1 1
325 153 -1 1
324 153 -1 1
323 153 -1 1
322 153 -1 1
267 153 -1 0
266 153 -1 0
265 153 -1 0
264 153 -1 0
263 153 -1 0
262 153 -1 0
261 153 -1 0
260 153 -1 0
259 153 -1 0
258 153 -1 0
257 153 -1 0
393 152 -1 0
392 152 -1 0
391 152 -1 0
390 152 -1 0
389 152 -1 0
388 152 -1 0
387 152 -1 0
386 152 -1 0
385 152 -1 0
384 152 -1 0
383 152 -1 0
331 152 -1 1
330 152 -1 1
329 152 -1 1
328 152 -1 1
327 152 -1 1
326 152 -1 1
325 152 -1 1
324 152 -1 1
323 152 -1 1
322 152 -1 1
321 152 -1 1
267 152 -1 0
266 152 -1 0
265 152 -1 0
264 152 -1 0
263 152 -1 0
262 152 -1 0
261 152 -1 0
260 152 -1 0
259 152 -1 0
258 152 -1 0
257 152 -1 0
392 151 -1 0
391 151 -1 0
390 151 -1 0
389 151 -1 0
388 151 -1 0
387 151 -1 0
386 151 -1 0
385 151 -1 0
384 151 -1 0
331 151 -1 1
330 151 -1 1
329 151 -1 1
328 151 -1 1
327 151 -1 1
326 151 -1 1
325 151 -1 1
324 151 -1 1
323 151 -1 1
322 151 -1 1
321 151 -1 1
266 151 -1 0
265 151 -1 0
264 151 -1 0
263 151 -1 0
262 151 -1 0
261 151 -1 0
260 151 -1 0
259 151 -1 0
258 151 -1 0
392 150 -1 0
391 150 -1 0
390 150 -1 0
389 150 -1 0
388 150 -1 0
387 150 -1 0
386 150 -1 0
385 150 -1 0
384 150 -1 0
331 150 -1 1
330 150 -1 1
329 150 -1 1
328 150 -1 1
327 150 -1 1
326 150 -1 1
325 150 -1 1
324 150 -1 1
323 150 -1 1
322 150 -1 1
321 150 -1 1
267 150 -1 0
266 150 -1 0
265 150 -1 0
264 150 -1 0
263 150 -1 0
262 150 -1 0
261 150 -1 0
260 150 -1 0
259 150 -1 0
258 150 -1 0
257 150 -1 0
392 149 -1 0
391 149 -1 0
390 149 -1 0
389 149 -1 0
388 149 -1 0
387 149 -1 0
386 149 -1 0
385 149 -1 0
384 149 -1 0
331 149 -1 1
330 149 -1 1
329 149 -1 1
328 149 -1 1
327 149 -1 1
326 149 -1 1
325 149 -1 1
324 149 -1 1
323 149 -1 1
322 149 -1 1
321 149 -1 1
266 149 -1 0
265 149 -1 0
264 149 -1 0
263 149 -1 0
262 149 -1 0
261 149 -1 0
260 149 -1 0
259 149 -1 0
258 149 -1 0
392 148 -1 0
391 148 -1 0
390 148 -1 0
389 148 -1 0
388 148 -1 0
387 148 -1 0
386 148 -1 0
385 148 -1 0
384 148 -1 0
331 148 -1 1
330 148 -1 1
329 148 -1 1
328 148 -1 1
327 148 -1 1
326 148 -1 1
325 148 -1 1
324 148 -1 1
323 148 -1 1
322 148 -1 1
321 148 -1 1
267 148 -1 0
266 148 -1 0
265 148 -1 0
264 148 -1 0
263 148 -1 0
262 148 -1 0
261 148 -1 0
260 148 -1 0
259 148 -1 0
258 148 -1 0
257 148 -1 0
392 147 -1 0
391 147 -1 0
390 147 -1 0
389 147 -1 0
388 147 -1 0
387 147 -1 0
386 147 -1 0
385 147 -1 0
384 147 -1 0
331 147 -1 1
330 147 -1 1
329 147 -1 1
328 147 -1 1
327 147 -1 1
326 147 -1 1
325 147 -1 1
324 147 -1 1
323 147 -1 1
322 147 -1 1
321 147 -1 1
266 147 -1 0
265 147 -1 0
264 147 -1 0
263 147 -1 0
262 147 -1 0
261 147 -1 0
260 147 -1 0
259 147 -1 0
258 147 -1 0
393 146 -1 0
392 146 -1 0
391 146 -1 0
390 146 -1 0
389 146 -1 0
388 146 -1 0
387 146 -1 0
386 146 -1 0
385 146 -1 0
384 146 -1 0
383 146 -1 0
331 146 -1 1
330 146 -1 1
329 146 -1 1
328 146 -1 1
327 146 -1 1
326 146 -1 1
325 146 -1 1
324 146 -1 1
323 146 -1 1
322 146 -1 1
321 146 -1 1
266 146 -1 0
265 146 -1 0
264 146 -1 0
263 146 -1 0
262 146 -1 0
261 146 -1 0
260 146 -1 0
259 146 -1 0
258 146 -1 0
392 145 -1 0
391 145 -1 0
390 145 -1 0
389 145 -1 0
388 145 -1 0
387 145 -1 0
386 145 -1 0
385 145 -1 0
384 145 -1 0
330 145 -1 1
329 145 -1 1
328 145 -1 1
327 145 -1 1
326 145 -1 1
325 145 -1 1
324 145 -1 1
323 145 -1 1
322 145 -1 1
321 145 -1 1
266 145 -1 0
265 145 -1 0
264 145 -1 0
263 145 -1 0
262 145 -1 0
261 145 -1 0
260 145 -1 0
259 145 -1 0
258 145 -1 0
392 144 -1 0
391 144 -1 0
390 144 -1 0
389 144 -1 0
388 144 -1 0
387 144 -1 0
386 144 -1 0
385 144 -1 0
384 144 -1 0
330 144 -1 1
329 144 -1 1
328 144 -1 1
327 144 -1 1
326 144 -1 1
325 144 -1 1
324 144 -1 1
323 144 -1 1
322 144 -1 1
321 144 -1 1
320 144 -1 1
267 144 -1 0
266 144 -1 0
265 144 -1 0
264 144 -1 0
263 144 -1 0
262 144 -1 0
261 144 -1 0
260 144 -1 0
259 144 -1 0
258 144 -1 0
257 144 -1 0
392 143 -1 0
391 143 -1 0
390 143 -1 0
389 143 -1 0
388 143 -1 0
387 143 -1 0
386 143 -1 0
385 143 -1 0
384 143 -1 0
330 143 -1 1
329 143 -1 1
328 143 -1 1
327 143 -1 1
326 143 -1 1
325 143 -1 1
324 143 -1 1
323 143 -1 1
322 143 -1 1
321 143 -1 1
320 143 -1 1
266 143 -1 0
265 143 -1 0
264 143 -1 0
263 143 -1 0
262 143 -1 0
261 143 -1 0
260 143 -1 0
259 143 -1 0
258 143 -1 0
393 142 -1 0
392 142 -1 0
391 142 -1 0
390 142 -1 0
389 142 -1 0
388 142 -1 0
387 142 -1 0
386 142 -1 0
385 142 -1 0
384 142 -1 0
383 142 -1 0
329 142 -1 1
328 142 -1 1
327 142 -1 1
326 142 -1 1
325 142 -1 1
324 142 -1 1
323 142 -1 1
322 142 -1 1
321 142 -1 1
320 142 -1 1
319 142 -1 1
267 142 -1 0
266 142 -1 0
265 142 -1 0
264 142 -1 0
263 142 -1 0
262 142 -1 0
261 142 -1 0
260 142 -1 0
259 142 -1 0
258 142 -1 0
257 142 -1 0
392 141 -1 0
391 141 -1 0
390 141 -1 0
389 141 -1 0
388 141 -1 0
387 141 -1 0
386 141 -1 0
385 141 -1 0
384 141 -1 0
329 141 -1 1
328 141 -1 1
327 141 -1 1
326 141 -1 1
325 141 -1 1
324 141 -1 1
323 141 -1 1
322 141 -1 1
321 141 -1 1
320 141 -1 1
319 141 -1 1
266 141 -1 0
265 141 -1 0
264 141 -1 0
263 141 -1 0
262 141 -1 0
261 141 -1 0
260 141 -1 0
259 141 -1 0
258 141 -1 0
392 140 -1 0
391 140 -1 0
390 140 -1 0
389 140 -1 0
388 140 -1 0
387 140 -1 0
386 140 -1 0
385 140 -1 0
384 140 -1 0
330 140 -1 1
329 140 -1 1
328 140 -1 1
327 140 -1 1
326 140 -1 1
325 140 -1 1
324 140 -1 1
323 140 -1 1
322 140 -1 1
321 140 -1 1
320 140 -1 1
319 140 -1 1
266 140 -1 0
265 140 -1 0
264 140 -1 0
263 140 -1 0
262 140 -1 0
261 140 -1 0
260 140 -1 0
259 140 -1 0
258 140 -1 0
392 139 -1 0
391 139 -1 0
390 139 -1 0
389 139 -1 0
388 139 -1 0
387 139 -1 0
386 139 -1 0
385 139 -1 0
384 139 -1 0
329 139 -1 1
328 139 -1 1
327 139 -1 1
326 139 -1 1
325 139 -1 1
324 139 -1 1
323 139 -1 1
322 139 -1 1
321 139 -1 1
320 139 -1 1
319 139 -1 1
318 139 -1 1
266 139 -1 0
265 139 -1 0
264 139 -1 0
263 139 -1 0
262 139 -1 0
261 139 -1 0
260 139 -1 0
259 139 -1 0
258 139 -1 0
393 138 -1 0
392 138 -1 0
391 138 -1 0
390 138 -1 0
389 138 -1 0
388 138 -1 0
387 138 -1 0
386 138 -1 0
385 138 -1 0
384 138 -1 0
383 138 -1 0
329 138 -1 1
328 138 -1 1
327 138 -1 1
326 138 -1 1
325 138 -1 1
324 138 -1 1
323 138 -1 1
322 138 -1 1
321 138 -1 1
320 138 -1 1
319 138 -1 1
318 138 -1 1
266 138 -1 0
265 138 -1 0
264 138 -1 0
263 138 -1 0
262 138 -1 0
261 138 -1 0
260 138 -1 0
259 138 -1 0
258 138 -1 0
393 137 -1 0
392 137 -1 0
391 137 -1 0
390 137 -1 0
389 137 -1 0
388 137 -1 0
387 137 -1 0
386 137 -1 0
385 137 -1 0
384 137 -1 0
329 137 -1 1
328 137 -1 1
327 137 -1 1
326 137 -1 1
325 137 -1 1
324 137 -1 1
323 137 -1 1
322 137 -1 1
321 137 -1 1
320 137 -1 1
319 137 -1 1
318 137 -1 1
267 137 -1 0
266 137 -1 0
265 137 -1 0
264 137 -1 0
263 137 -1 0
262 137 -1 0
261 137 -1 0
260 137 -1 0
259 137 -1 0
258 137 -1 0
257 137 -1 0
393 136 -1 0
392 136 -1 0
391 136 -1 0
390 136 -1 0
389 136 -1 0
388 136 -1 0
387 136 -1 0
386 136 -1 0
385 136 -1 0
384 136 -1 0
383 136 -1 0
328 136 -1 1
327 136 -1 1
326 136 -1 1
325 136 -1 1
324 136 -1 1
323 136 -1 1
322 136 -1 1
321 136 -1 1
320 136 -1 1
319 136 -1 1
318 136 -1 1
266 136 -1 0
265 136 -1 0
264 136 -1 0
263 136 -1 0
262 136 -1 0
261 136 -1 0
260 136 -1 0
259 136 -1 0
258 136 -1 0
393 135 -1 0
392 135 -1 0
391 135 -1 0
390 135 -1 0
389 135 -1 0
388 135 -1 0
387 135 -1 0
386 135 -1 0
385 135 -1 0
384 135 -1 0
327 135 -1 1
326 135 -1 1
325 135 -1 1
324 135 -1 1
323 135 -1 1
322 135 -1 1
321 135 -1 1
320 135 -1 1
319 135 -1 1
318 135 -1 1
317 135 -1 1
266 135 -1 0
265 135 -1 0
264 135 -1 0
263 135 -1 0
262 135 -1 0
261 135 -1 0
260 135 -1 0
259 135 -1 0
258 135 -1 0
394 134 -1 0
393 134 -1 0
392 134 -1 0
391 134 -1 0
390 134 -1 0
389 134 -1 0
388 134 -1 0
387 134 -1 0
386 134 -1 0
385 134 -1 0
384 134 -1 0
383 134 -1 0
327 134 -1 1
326 134 -1 1
325 134 -1 1
324 134 -1 1
323 134 -1 1
322 134 -1 1
321 134 -1 1
320 134 -1 1
319 134 -1 1
318 134 -1 1
317 134 -1 1
267 134 -1 0
266 134 -1 0
265 134 -1 0
264 134 -1 0
263 134 -1 0
262 134 -1 0
261 134 -1 0
260 134 -1 0
259 134 -1 0
258 134 -1 0
257 134 -1 0
393 133 -1 0
392 133 -1 0
391 133 -1 0
390 133 -1 0
389 133 -1 0
388 133 -1 0
387 133 -1 0
386 133 -1 0
385 133 -1 0
384 133 -1 0
327 133 -1 1
326 133 -1 1
325 133 -1 1
324 133 -1 1
323 133 -1 1
322 133 -1 1
321 133 -1 1
320 133 -1 1
319 133 -1 1
318 133 -1 1
317 133 -1 1
266 133 -1 0
265 133 -1 0
264 133 -1 0
263 133 -1 0
262 133 -1 0
261 133 -1 0
260 133 -1 0
259 133 -1 0
258 133 -1 0
393 132 -1 0
392 132 -1 0
391 132 -1 0
390 132 -1 0
389 132 -1 0
388 132 -1 0
387 132 -1 0
386 132 -1 0
385 132 -1 0
384 132 -1 0
326 132 -1 1
325 132 -1 1
324 132 -1 1
323 132 -1 1
322 132 -1 1
321 132 -1 1
320 132 -1 1
319 132 -1 1
318 132 -1 1
317 132 -1 1
316 132 -1 1
266 132 -1 0
265 132 -1 0
264 132 -1 0
263 132 -1 0
262 132 -1 0
261 132 -1 0
260 132 -1 0
259 132 -1 0
258 132 -1 0
393 131 -1 0
392 131 -1 0
391 131 -1 0
390 131 -1 0
389 131 -1 0
388 131 -1 0
387 131 -1 0
386 131 -1 0
385 131 -1 0
384 131 -1 0
326 131 -1 1
325 131 -1 1
324 131 -1 1
323 131 -1 1
322 131 -1 1
321 131 -1 1
320 131 -1 1
319 131 -1 1
318 131 -1 1
317 131 -1 1
316 131 -1 1
267 131 -1 0
266 131 -1 0
265 131 -1 0
264 131 -1 0
263 131 -1 0
262 131 -1 0
261 131 -1 0
260 131 -1 0
259 131 -1 0
258 131 -1 0
257 131 -1 0
392 130 -1 0
391 130 -1 0
390 130 -1 0
389 130 -1 0
388 130 -1 0
387 130 -1 0
386 130 -1 0
385 130 -1 0
325 130 -1 1
324 130 -1 1
323 130 -1 1
322 130 -1 1
321 130 -1 1
320 130 -1 1
319 130 -1 1
318 130 -1 1
317 130 -1 1
316 130 -1 1
266 130 -1 0
265 130 -1 0
264 130 -1 0
263 130 -1 0
262 130 -1 0
261 130 -1 0
260 130 -1 0
259 130 -1 0
258 130 -1 0
389 129 -1 0
388 129 -1 0
325 129 -1 1
324 129 -1 1
323 129 -1 1
322 129 -1 1
321 129 -1 1
320 129 -1 1
319 129 -1 1
318 129 -1 1
317 129 -1 1
316 129 -1 1
266 129 -1 0
265 129 -1 0
264 129 -1 0
263 129 -1 0
262 129 -1 0
261 129 -1 0
260 129 -1 0
259 129 -1 0
258 129 -1 0
325 128 -1 1
324 128 -1 1
323 128 -1 1
322 128 -1 1
321 128 -1 1
320 128 -1 1
319 128 -1 1
318 128 -1 1
317 128 -1 1
316 128 -1 1
315 128 -1 1
267 128 -1 0
266 128 -1 0
265 128 -1 0
264 128 -1 0
263 128 -1 0
262 128 -1 0
261 128 -1 0
260 128 -1 0
259 128 -1 0
258 128 -1 0
257 128 -1 0
324 127 -1 1
323 127 -1 1
322 127 -1 1
321 127 -1 1
320 127 -1 1
319 127 -1 1
318 127 -1 1
317 127 -1 1
316 127 -1 1
266 127 -1 0
265 127 -1 0
264 127 -1 0
263 127 -1 0
262 127 -1 0
261 127 -1 0
260 127 -1 0
259 127 -1 0
258 127 -1 0
325 126 -1 1
324 126 -1 1
323 126 -1 1
322 126 -1 1
321 126 -1 1
320 126 -1 1
319 126 -1 1
318 126 -1 1
317 126 -1 1
316 126 -1 1
315 126 -1 1
314 126 -1 1
266 126 -1 0
265 126 -1 0
264 126 -1 0
263 126 -1 0
262 126 -1 0
261 126 -1 0
260 126 -1 0
259 126 -1 0
258 126 -1 0
325 125 -1 1
324 125 -1 1
323 125 -1 1
322 125 -1 1
321 125 -1 1
320 125 -1 1
319 125 -1 1
318 125 -1 1
317 125 -1 1
316 125 -1 1
315 125 -1 1
314 125 -1 1
313 125 -1 1
267 125 -1 0
266 125 -1 0
265 125 -1 0
264 125 -1 0
263 125 -1 0
262 125 -1 0
261 125 -1 0
260 125 -1 0
259 125 -1 0
258 125 -1 0
257 125 -1 0
325 124 -1 1
324 124 -1 1
323 124 -1 1
322 124 -1 1
321 124 -1 1
320 124 -1 1
319 124 -1 1
318 124 -1 1
317 124 -1 1
316 124 -1 1
315 124 -1 1
314 124 -1 1
313 124 -1 1
266 124 -1 0
265 124 -1 0
264 124 -1 0
263 124 -1 0
262 124 -1 0
261 124 -1 0
260 124 -1 0
259 124 -1 0
258 124 -1 0
324 123 -1 1
323 123 -1 1
322 123 -1 1
321 123 -1 1
320 123 -1 1
319 123 -1 1
318 123 -1 1
317 123 -1 1
316 123 -1 1
315 123 -1 1
314 123 -1 1
313 123 -1 1
267 123 -1 0
266 123 -1 0
265 123 -1 0
264 123 -1 0
263 123 -1 0
262 123 -1 0
261 123 -1 0
260 123 -1 0
259 123 -1 0
258 123 -1 0
324 122 -1 1
323 122 -1 1
322 122 -1 1
321 122 -1 1
320 122 -1 1
319 122 -1 1
318 122 -1 1
317 122 -1 1
316 122 -1 1
315 122 -1 1
314 122 -1 1
313 122 -1 1
312 122 -1 1
267 122 -1 0
266 122 -1 0
265 122 -1 0
264 122 -1 0
263 122 -1 0
262 122 -1 0
261 122 -1 0
260 122 -1 0
259 122 -1 0
258 122 -1 0
324 121 -1 1
323 121 -1 1
322 121 -1 1
321 121 -1 1
320 121 -1 1
319 121 -1 1
318 121 -1 1
317 121 -1 1
316 121 -1 1
315 121 -1 1
314 121 -1 1
313 121 -1 1
267 121 -1 0
266 121 -1 0
265 121 -1 0
264 121 -1 0
263 121 -1 0
262 121 -1 0
261 121 -1 0
260 121 -1 0
259 121 -1 0
323 120 -1 1
322 120 -1 1
321 120 -1 1
320 120 -1 1
319 120 -1 1
318 120 -1 1
317 120 -1 1
316 120 -1 1
315 120 -1 1
314 120 -1 1
313 120 -1 1
268 120 -1 0
267 120 -1 0
266 120 -1 0
265 120 -1 0
264 120 -1 0
263 120 -1 0
262 120 -1 0
261 120 -1 0
260 120 -1 0
259 120 -1 0
258 120 -1 0
323 119 -1 1
322 119 -1 1
321 119 -1 1
320 119 -1 1
319 119 -1 1
318 119 -1 1
317 119 -1 1
316 119 -1 1
315 119 -1 1
314 119 -1 1
313 119 -1 1
267 119 -1 0
266 119 -1 0
265 119 -1 0
264 119 -1 0
263 119 -1 0
262 119 -1 0
261 119 -1 0
260 119 -1 0
259 119 -1 0
322 118 -1 1
321 118 -1 1
320 118 -1 1
319 118 -1 1
318 118 -1 1
317 118 -1 1
316 118 -1 1
315 118 -1 1
314 118 -1 1
267 118 -1 0
266 118 -1 0
265 118 -1 0
264 118 -1 0
263 118 -1 0
262 118 -1 0
261 118 -1 0
260 118 -1 0
259 118 -1 0
319 117 -1 1
318 117 -1 1
317 117 -1 1
268 117 -1 0
267 117 -1 0
266 117 -1 0
265 117 -1 0
264 117 -1 0
263 117 -1 0
262 117 -1 0
261 117 -1 0
260 117 -1 0
259 117 -1 0
258 117 -1 0
268 116 -1 0
267 116 -1 0
266 116 -1 0
265 116 -1 0
264 116 -1 0
263 116 -1 0
262 116 -1 0
261 116 -1 0
260 116 -1 0
259 116 -1 0
268 115 -1 0
267 115 -1 0
266 115 -1 0
265 115 -1 0
264 115 -1 0
263 115 -1 0
262 115 -1 0
261 115 -1 0
260 115 -1 0
259 115 -1 0
268 114 -1 0
267 114 -1 0
266 114 -1 0
265 114 -1 0
264 114 -1 0
263 114 -1 0
262 114 -1 0
261 114 -1 0
260 114 -1 0
259 114 -1 0
269 113 -1 0
268 113 -1 0
267 113 -1 0
266 113 -1 0
265 113 -1 0
264 113 -1 0
263 113 -1 0
262 113 -1 0
261 113 -1 0
260 113 -1 0
259 113 -1 0
268 112 -1 0
267 112 -1 0
266 112 -1 0
265 112 -1 0
264 112 -1 0
263 112 -1 0
262 112 -1 0
261 112 -1 0
260 112 -1 0
268 111 -1 0
267 111 -1 0
266 111 -1 0
265 111 -1 0
264 111 -1 0
263 111 -1 0
262 111 -1 0
261 111 -1 0
260 111 -1 0
268 110 -1 0
267 110 -1 0
266 110 -1 0
265 110 -1 0
264 110 -1 0
263 110 -1 0
262 110 -1 0
261 110 -1 0
260 110 -1 0
268 109 -1 0
267 109 -1 0
266 109 -1 0
265 109 -1 0
264 109 -1 0
263 109 -1 0
262 109 -1 0
261 109 -1 0
260 109 -1 0
269 108 -1 0
268 108 -1 0
267 108 -1 0
266 108 -1 0
265 108 -1 0
264 108 -1 0
263 108 -1 0
262 108 -1 0
261 108 -1 0
260 108 -1 0
259 108 -1 0
268 107 -1 0
267 107 -1 0
266 107 -1 0
265 107 -1 0
264 107 -1 0
263 107 -1 0
262 107 -1 0
261 107 -1 0
260 107 -1 0
268 106 -1 0
267 106 -1 0
266 106 -1 0
265 106 -1 0
264 106 -1 0
263 106 -1 0
262 106 -1 0
261 106 -1 0
260 106 -1 0
269 105 -1 0
268 105 -1 0
267 105 -1 0
266 105 -1 0
265 105 -1 0
264 105 -1 0
263 105 -1 0
262 105 -1 0
261 105 -1 0
260 105 -1 0
259 105 -1 0
269 104 -1 0
268 104 -1 0
267 104 -1 0
266 104 -1 0
265 104 -1 0
264 104 -1 0
263 104 -1 0
262 104 -1 0
261 104 -1 0
260 104 -1 0
259 104 -1 0
268 103 -1 0
267 103 -1 0
266 103 -1 0
265 103 -1 0
264 103 -1 0
263 103 -1 0
262 103 -1 0
261 103 -1 0
260 103 -1 0
268 102 -1 0
267 102 -1 0
266 102 -1 0
265 102 -1 0
264 102 -1 0
263 102 -1 0
262 102 -1 0
261 102 -1 0
260 102 -1 0
269 101 -1 0
268 101 -1 0
267 101 -1 0
266 101 -1 0
265 101 -1 0
264 101 -1 0
263 101 -1 0
262 101 -1 0
261 101 -1 0
260 101 -1 0
259 101 -1 0
268 100 -1 0
267 100 -1 0
266 100 -1 0
265 100 -1 0
264 100 -1 0
263 100 -1 0
262 100 -1 0
261 100 -1 0
260 100 -1 0
268 99 -1 0
267 99 -1 0
266 99 -1 0
265 99 -1 0
264 99 -1 0
263 99 -1 0
262 99 -1 0
261 99 -1 0
260 99 -1 0
268 98 -1 0
267 98 -1 0
266 98 -1 0
265 98 -1 0
264 98 -1 0
263 98 -1 0
262 98 -1 0
261 98 -1 0
260 98 -1 0
267 97 -1 0
266 97 -1 0
265 97 -1 0
264 97 -1 0
263 97 -1 0
262 97 -1 0
261 97 -1 0
264 96 -1 0
