3148 408 341
260 222 -1 0
263 221 -1 0
262 221 -1 0
261 221 -1 0
260 221 -1 0
259 221 -1 0
258 221 -1 0
257 221 -1 0
264 220 -1 0
263 220 -1 0
262 220 -1 0
261 220 -1 0
260 220 -1 0
259 220 -1 0
258 220 -1 0
257 220 -1 0
256 220 -1 0
265 219 -1 0
264 219 -1 0
263 219 -1 0
262 219 -1 0
261 219 -1 0
260 219 -1 0
259 219 -1 0
258 219 -1 0
257 219 -1 0
256 219 -1 0
266 218 -1 0
265 218 -1 0
264 218 -1 0
263 218 -1 0
262 218 -1 0
261 218 -1 0
260 218 -1 0
259 218 -1 0
258 218 -1 0
257 218 -1 0
256 218 -1 0
267 217 -1 0
266 217 -1 0
265 217 -1 0
264 217 -1 0
263 217 -1 0
262 217 -1 0
261 217 -1 0
260 217 -1 0
259 217 -1 0
258 217 -1 0
257 217 -1 0
256 217 -1 0
255 217 -1 0
267 216 -1 0
266 216 -1 0
265 216 -1 0
264 216 -1 0
263 216 -1 0
262 216 -1 0
261 216 -1 0
260 216 -1 0
259 216 -1 0
258 216 -1 0
257 216 -1 0
256 216 -1 0
268 215 -1 0
267 215 -1 0
266 215 -1 0
265 215 -1 0
264 215 -1 0
263 215 -1 0
262 215 -1 0
261 215 -1 0
260 215 -1 0
259 215 -1 0
258 215 -1 0
257 215 -1 0
256 215 -1 0
269 214 -1 0
268 214 -1 0
267 214 -1 0
266 214 -1 0
265 214 -1 0
264 214 -1 0
263 214 -1 0
262 214 -1 0
261 214 -1 0
260 214 -1 0
259 214 -1 0
258 214 -1 0
257 214 -1 0
256 214 -1 0
271 213 -1 0
270 213 -1 0
269 213 -1 0
268 213 -1 0
267 213 -1 0
266 213 -1 0
265 213 -1 0
264 213 -1 0
263 213 -1 0
262 213 -1 0
261 213 -1 0
260 213 -1 0
259 213 -1 0
258 213 -1 0
257 213 -1 0
272 212 -1 0
271 212 -1 0
270 212 -1 0
269 212 -1 0
268 212 -1 0
267 212 -1 0
266 212 -1 0
265 212 -1 0
264 212 -1 0
263 212 -1 0
262 212 -1 0
261 212 -1 0
260 212 -1 0
259 212 -1 0
258 212 -1 0
273 211 -1 0
272 211 -1 0
271 211 -1 0
270 211 -1 0
269 211 -1 0
268 211 -1 0
267 211 -1 0
266 211 -1 0
265 211 -1 0
264 211 -1 0
263 211 -1 0
262 211 -1 0
261 211 -1 0
260 211 -1 0
259 211 -1 0
274 210 -1 0
273 210 -1 0
272 210 -1 0
271 210 -1 0
270 210 -1 0
269 210 -1 0
268 210 -1 0
267 210 -1 0
266 210 -1 0
265 210 -1 0
264 210 -1 0
263 210 -1 0
262 210 -1 0
261 210 -1 0
260 210 -1 0
275 209 -1 0
274 209 -1 0
273 209 -1 0
272 209 -1 0
271 209 -1 0
270 209 -1 0
269 209 -1 0
268 209 -1 0
267 209 -1 0
266 209 -1 0
265 209 -1 0
264 209 -1 0
263 209 -1 0
262 209 -1 0
261 209 -1 0
275 208 -1 0
274 208 -1 0
273 208 -1 0
272 208 -1 0
271 208 -1 0
270 208 -1 0
269 208 -1 0
268 208 -1 0
267 208 -1 0
266 208 -1 0
265 208 -1 0
264 208 -1 0
263 208 -1 0
262 208 -1 0
261 208 -1 0
276 207 -1 0
275 207 -1 0
274 207 -1 0
273 207 -1 0
272 207 -1 0
271 207 -1 0
270 207 -1 0
269 207 -1 0
268 207 -1 0
267 207 -1 0
266 207 -1 0
265 207 -1 0
264 207 -1 0
263 207 -1 0
262 207 -1 0
276 206 -1 0
275 206 -1 0
274 206 -1 0
273 206 -1 0
272 206 -1 0
271 206 -1 0
270 206 -1 0
269 206 -1 0
268 206 -1 0
267 206 -1 0
266 206 -1 0
265 206 -1 0
264 206 -1 0
263 206 -1 0
277 205 -1 0
276 205 -1 0
275 205 -1 0
274 205 -1 0
273 205 -1 0
272 205 -1 0
271 205 -1 0
270 205 -1 0
269 205 -1 0
268 205 -1 0
267 205 -1 0
266 205 -1 0
265 205 -1 0
277 204 -1 0
276 204 -1 0
275 204 -1 0
274 204 -1 0
273 204 -1 0
272 204 -1 0
271 204 -1 0
270 204 -1 0
269 204 -1 0
268 204 -1 0
267 204 -1 0
266 204 -1 0
277 203 -1 0
276 203 -1 0
275 203 -1 0
274 203 -1 0
273 203 -1 0
272 203 -1 0
271 203 -1 0
270 203 -1 0
269 203 -1 0
268 203 -1 0
267 203 -1 0
278 202 -1 0
277 202 -1 0
276 202 -1 0
275 202 -1 0
274 202 -1 0
273 202 -1 0
272 202 -1 0
271 202 -1 0
270 202 -1 0
269 202 -1 0
268 202 -1 0
277 201 -1 0
276 201 -1 0
275 201 -1 0
274 201 -1 0
273 201 -1 0
272 201 -1 0
271 201 -1 0
270 201 -1 0
269 201 -1 0
268 201 -1 0
280 200 -1 0
279 200 -1 0
278 200 -1 0
277 200 -1 0
276 200 -1 0
275 200 -1 0
274 200 -1 0
273 200 -1 0
272 200 -1 0
271 200 -1 0
270 200 -1 0
269 200 -1 0
281 199 -1 0
280 199 -1 0
279 199 -1 0
278 199 -1 0
277 199 -1 0
276 199 -1 0
275 199 -1 0
274 199 -1 0
273 199 -1 0
272 199 -1 0
271 199 -1 0
270 199 -1 0
269 199 -1 0
281 198 -1 0
280 198 -1 0
279 198 -1 0
278 198 -1 0
277 198 -1 0
276 198 -1 0
275 198 -1 0
274 198 -1 0
273 198 -1 0
272 198 -1 0
271 198 -1 0
270 198 -1 0
281 197 -1 0
280 197 -1 0
279 197 -1 0
278 197 -1 0
277 197 -1 0
276 197 -1 0
275 197 -1 0
274 197 -1 0
273 197 -1 0
282 196 -1 0
281 196 -1 0
280 196 -1 0
279 196 -1 0
278 196 -1 0
277 196 -1 0
276 196 -1 0
275 196 -1 0
274 196 -1 0
273 196 -1 0
272 196 -1 0
282 195 -1 0
281 195 -1 0
280 195 -1 0
279 195 -1 0
278 195 -1 0
277 195 -1 0
276 195 -1 0
275 195 -1 0
274 195 -1 0
273 195 -1 0
283 194 -1 0
282 194 -1 0
281 194 -1 0
280 194 -1 0
279 194 -1 0
278 194 -1 0
277 194 -1 0
276 194 -1 0
275 194 -1 0
274 194 -1 0
273 194 -1 0
272 194 -1 0
284 193 -1 0
283 193 -1 0
282 193 -1 0
281 193 -1 0
280 193 -1 0
279 193 -1 0
278 193 -1 0
277 193 -1 0
276 193 -1 0
275 193 -1 0
274 193 -1 0
273 193 -1 0
284 192 -1 0
283 192 -1 0
282 192 -1 0
281 192 -1 0
280 192 -1 0
279 192 -1 0
278 192 -1 0
277 192 -1 0
276 192 -1 0
275 192 -1 0
274 192 -1 0
273 192 -1 0
285 191 -1 0
284 191 -1 0
283 191 -1 0
282 191 -1 0
281 191 -1 0
280 191 -1 0
279 191 -1 0
278 191 -1 0
277 191 -1 0
276 191 -1 0
275 191 -1 0
274 191 -1 0
273 191 -1 0
285 190 -1 0
284 190 -1 0
283 190 -1 0
282 190 -1 0
281 190 -1 0
280 190 -1 0
279 190 -1 0
278 190 -1 0
277 190 -1 0
276 190 -1 0
275 190 -1 0
274 190 -1 0
285 189 -1 0
284 189 -1 0
283 189 -1 0
282 189 -1 0
281 189 -1 0
280 189 -1 0
279 189 -1 0
278 189 -1 0
277 189 -1 0
276 189 -1 0
275 189 -1 0
286 188 -1 0
285 188 -1 0
284 188 -1 0
283 188 -1 0
282 188 -1 0
281 188 -1 0
280 188 -1 0
279 188 -1 0
278 188 -1 0
277 188 -1 0
276 188 -1 0
286 187 -1 0
285 187 -1 0
284 187 -1 0
283 187 -1 0
282 187 -1 0
281 187 -1 0
280 187 -1 0
279 187 -1 0
278 187 -1 0
277 187 -1 0
276 187 -1 0
131 187 -1 0
286 186 -1 0
285 186 -1 0
284 186 -1 0
283 186 -1 0
282 186 -1 0
281 186 -1 0
280 186 -1 0
279 186 -1 0
278 186 -1 0
277 186 -1 0
134 186 -1 0
133 186 -1 0
132 186 -1 0
131 186 -1 0
130 186 -1 0
129 186 -1 0
128 186 -1 0
287 185 -1 0
286 185 -1 0
285 185 -1 0
284 185 -1 0
283 185 -1 0
282 185 -1 0
281 185 -1 0
280 185 -1 0
279 185 -1 0
278 185 -1 0
277 185 -1 0
135 185 -1 0
134 185 -1 0
133 185 -1 0
132 185 -1 0
131 185 -1 0
130 185 -1 0
129 185 -1 0
128 185 -1 0
127 185 -1 0
286 184 -1 0
285 184 -1 0
284 184 -1 0
283 184 -1 0
282 184 -1 0
281 184 -1 0
280 184 -1 0
279 184 -1 0
278 184 -1 0
135 184 -1 0
134 184 -1 0
133 184 -1 0
132 184 -1 0
131 184 -1 0
130 184 -1 0
129 184 -1 0
128 184 -1 0
127 184 -1 0
126 184 -1 0
286 183 -1 0
285 183 -1 0
284 183 -1 0
283 183 -1 0
282 183 -1 0
281 183 -1 0
280 183 -1 0
279 183 -1 0
278 183 -1 0
135 183 -1 0
134 183 -1 0
133 183 -1 0
132 183 -1 0
131 183 -1 0
130 183 -1 0
129 183 -1 0
128 183 -1 0
127 183 -1 0
126 183 -1 0
125 183 -1 0
287 182 -1 0
286 182 -1 0
285 182 -1 0
284 182 -1 0
283 182 -1 0
282 182 -1 0
281 182 -1 0
280 182 -1 0
279 182 -1 0
278 182 -1 0
277 182 -1 0
136 182 -1 0
135 182 -1 0
134 182 -1 0
133 182 -1 0
132 182 -1 0
131 182 -1 0
130 182 -1 0
129 182 -1 0
128 182 -1 0
127 182 -1 0
126 182 -1 0
125 182 -1 0
287 181 -1 0
286 181 -1 0
285 181 -1 0
284 181 -1 0
283 181 -1 0
282 181 -1 0
281 181 -1 0
280 181 -1 0
279 181 -1 0
278 181 -1 0
136 181 -1 0
135 181 -1 0
134 181 -1 0
133 181 -1 0
132 181 -1 0
131 181 -1 0
130 181 -1 0
129 181 -1 0
128 181 -1 0
127 181 -1 0
126 181 -1 0
125 181 -1 0
124 181 -1 0
287 180 -1 0
286 180 -1 0
285 180 -1 0
284 180 -1 0
283 180 -1 0
282 180 -1 0
281 180 -1 0
280 180 -1 0
279 180 -1 0
278 180 -1 0
135 180 -1 0
134 180 -1 0
133 180 -1 0
132 180 -1 0
131 180 -1 0
130 180 -1 0
129 180 -1 0
128 180 -1 0
127 180 -1 0
126 180 -1 0
125 180 -1 0
124 180 -1 0
288 179 -1 0
287 179 -1 0
286 179 -1 0
285 179 -1 0
284 179 -1 0
283 179 -1 0
282 179 -1 0
281 179 -1 0
280 179 -1 0
279 179 -1 0
278 179 -1 0
135 179 -1 0
134 179 -1 0
133 179 -1 0
132 179 -1 0
131 179 -1 0
130 179 -1 0
129 179 -1 0
128 179 -1 0
127 179 -1 0
126 179 -1 0
125 179 -1 0
124 179 -1 0
287 178 -1 0
286 178 -1 0
285 178 -1 0
284 178 -1 0
283 178 -1 0
282 178 -1 0
281 178 -1 0
280 178 -1 0
279 178 -1 0
135 178 -1 0
134 178 -1 0
133 178 -1 0
132 178 -1 0
131 178 -1 0
130 178 -1 0
129 178 -1 0
128 178 -1 0
127 178 -1 0
126 178 -1 0
125 178 -1 0
124 178 -1 0
123 178 -1 0
288 177 -1 0
287 177 -1 0
286 177 -1 0
285 177 -1 0
284 177 -1 0
283 177 -1 0
282 177 -1 0
281 177 -1 0
280 177 -1 0
279 177 -1 0
134 177 -1 0
133 177 -1 0
132 177 -1 0
131 177 -1 0
130 177 -1 0
129 177 -1 0
128 177 -1 0
127 177 -1 0
126 177 -1 0
125 177 -1 0
124 177 -1 0
123 177 -1 0
289 176 -1 0
288 176 -1 0
287 176 -1 0
286 176 -1 0
285 176 -1 0
284 176 -1 0
283 176 -1 0
282 176 -1 0
281 176 -1 0
280 176 -1 0
279 176 -1 0
133 176 -1 0
132 176 -1 0
131 176 -1 0
130 176 -1 0
129 176 -1 0
128 176 -1 0
127 176 -1 0
126 176 -1 0
125 176 -1 0
124 176 -1 0
123 176 -1 0
289 175 -1 0
288 175 -1 0
287 175 -1 0
286 175 -1 0
285 175 -1 0
284 175 -1 0
283 175 -1 0
282 175 -1 0
281 175 -1 0
280 175 -1 0
205 175 -1 1
133 175 -1 0
132 175 -1 0
131 175 -1 0
130 175 -1 0
129 175 -1 0
128 175 -1 0
127 175 -1 0
126 175 -1 0
125 175 -1 0
124 175 -1 0
123 175 -1 0
122 175 -1 0
289 174 -1 0
288 174 -1 0
287 174 -1 0
286 174 -1 0
285 174 -1 0
284 174 -1 0
283 174 -1 0
282 174 -1 0
281 174 -1 0
208 174 -1 1
207 174 -1 1
206 174 -1 1
205 174 -1 1
204 174 -1 1
203 174 -1 1
202 174 -1 1
132 174 -1 0
131 174 -1 0
130 174 -1 0
129 174 -1 0
128 174 -1 0
127 174 -1 0
126 174 -1 0
125 174 -1 0
124 174 -1 0
123 174 -1 0
122 174 -1 0
290 173 -1 0
289 173 -1 0
288 173 -1 0
287 173 -1 0
286 173 -1 0
285 173 -1 0
284 173 -1 0
283 173 -1 0
282 173 -1 0
281 173 -1 0
280 173 -1 0
209 173 -1 1
208 173 -1 1
207 173 -1 1
206 173 -1 1
205 173 -1 1
204 173 -1 1
203 173 -1 1
202 173 -1 1
201 173 -1 1
132 173 -1 0
131 173 -1 0
130 173 -1 0
129 173 -1 0
128 173 -1 0
127 173 -1 0
126 173 -1 0
125 173 -1 0
124 173 -1 0
123 173 -1 0
122 173 -1 0
289 172 -1 0
288 172 -1 0
287 172 -1 0
286 172 -1 0
285 172 -1 0
284 172 -1 0
283 172 -1 0
282 172 -1 0
281 172 -1 0
210 172 -1 1
209 172 -1 1
208 172 -1 1
207 172 -1 1
206 172 -1 1
205 172 -1 1
204 172 -1 1
203 172 -1 1
202 172 -1 1
201 172 -1 1
132 172 -1 0
131 172 -1 0
130 172 -1 0
129 172 -1 0
128 172 -1 0
127 172 -1 0
126 172 -1 0
125 172 -1 0
124 172 -1 0
123 172 -1 0
122 172 -1 0
121 172 -1 0
289 171 -1 0
288 171 -1 0
287 171 -1 0
286 171 -1 0
285 171 -1 0
284 171 -1 0
283 171 -1 0
282 171 -1 0
281 171 -1 0
211 171 -1 1
210 171 -1 1
209 171 -1 1
208 171 -1 1
207 171 -1 1
206 171 -1 1
205 171 -1 1
204 171 -1 1
203 171 -1 1
202 171 -1 1
201 171 -1 1
131 171 -1 0
130 171 -1 0
129 171 -1 0
128 171 -1 0
127 171 -1 0
126 171 -1 0
125 171 -1 0
124 171 -1 0
123 171 -1 0
122 171 -1 0
121 171 -1 0
289 170 -1 0
288 170 -1 0
287 170 -1 0
286 170 -1 0
285 170 -1 0
284 170 -1 0
283 170 -1 0
282 170 -1 0
281 170 -1 0
212 170 -1 1
211 170 -1 1
210 170 -1 1
209 170 -1 1
208 170 -1 1
207 170 -1 1
206 170 -1 1
205 170 -1 1
204 170 -1 1
203 170 -1 1
202 170 -1 1
201 170 -1 1
200 170 -1 1
130 170 -1 0
129 170 -1 0
128 170 -1 0
127 170 -1 0
126 170 -1 0
125 170 -1 0
124 170 -1 0
123 170 -1 0
122 170 -1 0
121 170 -1 0
289 169 -1 0
288 169 -1 0
287 169 -1 0
286 169 -1 0
285 169 -1 0
284 169 -1 0
283 169 -1 0
282 169 -1 0
281 169 -1 0
215 169 -1 1
214 169 -1 1
213 169 -1 1
212 169 -1 1
211 169 -1 1
210 169 -1 1
209 169 -1 1
208 169 -1 1
207 169 -1 1
206 169 -1 1
205 169 -1 1
204 169 -1 1
203 169 -1 1
202 169 -1 1
201 169 -1 1
130 169 -1 0
129 169 -1 0
128 169 -1 0
127 169 -1 0
126 169 -1 0
125 169 -1 0
124 169 -1 0
123 169 -1 0
122 169 -1 0
121 169 -1 0
120 169 -1 0
290 168 -1 0
289 168 -1 0
288 168 -1 0
287 168 -1 0
286 168 -1 0
285 168 -1 0
284 168 -1 0
283 168 -1 0
282 168 -1 0
281 168 -1 0
280 168 -1 0
216 168 -1 1
215 168 -1 1
214 168 -1 1
213 168 -1 1
212 168 -1 1
211 168 -1 1
210 168 -1 1
209 168 -1 1
208 168 -1 1
207 168 -1 1
206 168 -1 1
205 168 -1 1
204 168 -1 1
203 168 -1 1
202 168 -1 1
201 168 -1 1
130 168 -1 0
129 168 -1 0
128 168 -1 0
127 168 -1 0
126 168 -1 0
125 168 -1 0
124 168 -1 0
123 168 -1 0
122 168 -1 0
121 168 -1 0
290 167 -1 0
289 167 -1 0
288 167 -1 0
287 167 -1 0
286 167 -1 0
285 167 -1 0
284 167 -1 0
283 167 -1 0
282 167 -1 0
281 167 -1 0
216 167 -1 1
215 167 -1 1
214 167 -1 1
213 167 -1 1
212 167 -1 1
211 167 -1 1
210 167 -1 1
209 167 -1 1
208 167 -1 1
207 167 -1 1
206 167 -1 1
205 167 -1 1
204 167 -1 1
203 167 -1 1
202 167 -1 1
201 167 -1 1
130 167 -1 0
129 167 -1 0
128 167 -1 0
127 167 -1 0
126 167 -1 0
125 167 -1 0
124 167 -1 0
123 167 -1 0
122 167 -1 0
121 167 -1 0
120 167 -1 0
290 166 -1 0
289 166 -1 0
288 166 -1 0
287 166 -1 0
286 166 -1 0
285 166 -1 0
284 166 -1 0
283 166 -1 0
282 166 -1 0
281 166 -1 0
218 166 -1 1
217 166 -1 1
216 166 -1 1
215 166 -1 1
214 166 -1 1
213 166 -1 1
212 166 -1 1
211 166 -1 1
210 166 -1 1
209 166 -1 1
208 166 -1 1
207 166 -1 1
206 166 -1 1
205 166 -1 1
204 166 -1 1
203 166 -1 1
202 166 -1 1
130 166 -1 0
129 166 -1 0
128 166 -1 0
127 166 -1 0
126 166 -1 0
125 166 -1 0
124 166 -1 0
123 166 -1 0
122 166 -1 0
121 166 -1 0
120 166 -1 0
290 165 -1 0
289 165 -1 0
288 165 -1 0
287 165 -1 0
286 165 -1 0
285 165 -1 0
284 165 -1 0
283 165 -1 0
282 165 -1 0
281 165 -1 0
219 165 -1 1
218 165 -1 1
217 165 -1 1
216 165 -1 1
215 165 -1 1
214 165 -1 1
213 165 -1 1
212 165 -1 1
211 165 -1 1
210 165 -1 1
209 165 -1 1
208 165 -1 1
207 165 -1 1
206 165 -1 1
205 165 -1 1
204 165 -1 1
203 165 -1 1
129 165 -1 0
128 165 -1 0
127 165 -1 0
126 165 -1 0
125 165 -1 0
124 165 -1 0
123 165 -1 0
122 165 -1 0
121 165 -1 0
120 165 -1 0
119 165 -1 0
291 164 -1 0
290 164 -1 0
289 164 -1 0
288 164 -1 0
287 164 -1 0
286 164 -1 0
285 164 -1 0
284 164 -1 0
283 164 -1 0
282 164 -1 0
281 164 -1 0
219 164 -1 1
218 164 -1 1
217 164 -1 1
216 164 -1 1
215 164 -1 1
214 164 -1 1
213 164 -1 1
212 164 -1 1
211 164 -1 1
210 164 -1 1
209 164 -1 1
208 164 -1 1
207 164 -1 1
206 164 -1 1
205 164 -1 1
204 164 -1 1
129 164 -1 0
128 164 -1 0
127 164 -1 0
126 164 -1 0
125 164 -1 0
124 164 -1 0
123 164 -1 0
122 164 -1 0
121 164 -1 0
120 164 -1 0
119 164 -1 0
290 163 -1 0
289 163 -1 0
288 163 -1 0
287 163 -1 0
286 163 -1 0
285 163 -1 0
284 163 -1 0
283 163 -1 0
282 163 -1 0
220 163 -1 1
219 163 -1 1
218 163 -1 1
217 163 -1 1
216 163 -1 1
215 163 -1 1
214 163 -1 1
213 163 -1 1
212 163 -1 1
211 163 -1 1
210 163 -1 1
209 163 -1 1
208 163 -1 1
207 163 -1 1
206 163 -1 1
205 163 -1 1
129 163 -1 0
128 163 -1 0
127 163 -1 0
126 163 -1 0
125 163 -1 0
124 163 -1 0
123 163 -1 0
122 163 -1 0
121 163 -1 0
120 163 -1 0
119 163 -1 0
290 162 -1 0
289 162 -1 0
288 162 -1 0
287 162 -1 0
286 162 -1 0
285 162 -1 0
284 162 -1 0
283 162 -1 0
282 162 -1 0
221 162 -1 1
220 162 -1 1
219 162 -1 1
218 162 -1 1
217 162 -1 1
216 162 -1 1
215 162 -1 1
214 162 -1 1
213 162 -1 1
212 162 -1 1
211 162 -1 1
210 162 -1 1
209 162 -1 1
208 162 -1 1
207 162 -1 1
206 162 -1 1
128 162 -1 0
127 162 -1 0
126 162 -1 0
125 162 -1 0
124 162 -1 0
123 162 -1 0
122 162 -1 0
121 162 -1 0
120 162 -1 0
119 162 -1 0
118 162 -1 0
290 161 -1 0
289 161 -1 0
288 161 -1 0
287 161 -1 0
286 161 -1 0
285 161 -1 0
284 161 -1 0
283 161 -1 0
282 161 -1 0
222 161 -1 1
221 161 -1 1
220 161 -1 1
219 161 -1 1
218 161 -1 1
217 161 -1 1
216 161 -1 1
215 161 -1 1
214 161 -1 1
213 161 -1 1
212 161 -1 1
211 161 -1 1
210 161 -1 1
209 161 -1 1
208 161 -1 1
207 161 -1 1
128 161 -1 0
127 161 -1 0
126 161 -1 0
125 161 -1 0
124 161 -1 0
123 161 -1 0
122 161 -1 0
121 161 -1 0
120 161 -1 0
119 161 -1 0
118 161 -1 0
290 160 -1 0
289 160 -1 0
288 160 -1 0
287 160 -1 0
286 160 -1 0
285 160 -1 0
284 160 -1 0
283 160 -1 0
282 160 -1 0
223 160 -1 1
222 160 -1 1
221 160 -1 1
220 160 -1 1
219 160 -1 1
218 160 -1 1
217 160 -1 1
216 160 -1 1
215 160 -1 1
214 160 -1 1
213 160 -1 1
212 160 -1 1
211 160 -1 1
210 160 -1 1
209 160 -1 1
128 160 -1 0
127 160 -1 0
126 160 -1 0
125 160 -1 0
124 160 -1 0
123 160 -1 0
122 160 -1 0
121 160 -1 0
120 160 -1 0
119 160 -1 0
118 160 -1 0
290 159 -1 0
289 159 -1 0
288 159 -1 0
287 159 -1 0
286 159 -1 0
285 159 -1 0
284 159 -1 0
283 159 -1 0
282 159 -1 0
223 159 -1 1
222 159 -1 1
221 159 -1 1
220 159 -1 1
219 159 -1 1
218 159 -1 1
217 159 -1 1
216 159 -1 1
215 159 -1 1
214 159 -1 1
213 159 -1 1
212 159 -1 1
211 159 -1 1
210 159 -1 1
127 159 -1 0
126 159 -1 0
125 159 -1 0
124 159 -1 0
123 159 -1 0
122 159 -1 0
121 159 -1 0
120 159 -1 0
119 159 -1 0
290 158 -1 0
289 158 -1 0
288 158 -1 0
287 158 -1 0
286 158 -1 0
285 158 -1 0
284 158 -1 0
283 158 -1 0
282 158 -1 0
224 158 -1 1
223 158 -1 1
222 158 -1 1
221 158 -1 1
220 158 -1 1
219 158 -1 1
218 158 -1 1
217 158 -1 1
216 158 -1 1
215 158 -1 1
214 158 -1 1
213 158 -1 1
212 158 -1 1
211 158 -1 1
127 158 -1 0
126 158 -1 0
125 158 -1 0
124 158 -1 0
123 158 -1 0
122 158 -1 0
121 158 -1 0
120 158 -1 0
119 158 -1 0
291 157 -1 0
290 157 -1 0
289 157 -1 0
288 157 -1 0
287 157 -1 0
286 157 -1 0
285 157 -1 0
284 157 -1 0
283 157 -1 0
282 157 -1 0
281 157 -1 0
225 157 -1 1
224 157 -1 1
223 157 -1 1
222 157 -1 1
221 157 -1 1
220 157 -1 1
219 157 -1 1
218 157 -1 1
217 157 -1 1
216 157 -1 1
215 157 -1 1
214 157 -1 1
213 157 -1 1
212 157 -1 1
128 157 -1 0
127 157 -1 0
126 157 -1 0
125 157 -1 0
124 157 -1 0
123 157 -1 0
122 157 -1 0
121 157 -1 0
120 157 -1 0
119 157 -1 0
118 157 -1 0
291 156 -1 0
290 156 -1 0
289 156 -1 0
288 156 -1 0
287 156 -1 0
286 156 -1 0
285 156 -1 0
284 156 -1 0
283 156 -1 0
282 156 -1 0
226 156 -1 1
225 156 -1 1
224 156 -1 1
223 156 -1 1
222 156 -1 1
221 156 -1 1
220 156 -1 1
219 156 -1 1
218 156 -1 1
217 156 -1 1
216 156 -1 1
215 156 -1 1
214 156 -1 1
213 156 -1 1
128 156 -1 0
127 156 -1 0
126 156 -1 0
125 156 -1 0
124 156 -1 0
123 156 -1 0
122 156 -1 0
121 156 -1 0
120 156 -1 0
119 156 -1 0
118 156 -1 0
291 155 -1 0
290 155 -1 0
289 155 -1 0
288 155 -1 0
287 155 -1 0
286 155 -1 0
285 155 -1 0
284 155 -1 0
283 155 -1 0
282 155 -1 0
226 155 -1 1
225 155 -1 1
224 155 -1 1
223 155 -1 1
222 155 -1 1
221 155 -1 1
220 155 -1 1
219 155 -1 1
218 155 -1 1
217 155 -1 1
216 155 -1 1
215 155 -1 1
214 155 -1 1
127 155 -1 0
126 155 -1 0
125 155 -1 0
124 155 -1 0
123 155 -1 0
122 155 -1 0
121 155 -1 0
120 155 -1 0
119 155 -1 0
292 154 -1 0
291 154 -1 0
290 154 -1 0
289 154 -1 0
288 154 -1 0
287 154 -1 0
286 154 -1 0
285 154 -1 0
284 154 -1 0
283 154 -1 0
282 154 -1 0
227 154 -1 1
226 154 -1 1
225 154 -1 1
224 154 -1 1
223 154 -1 1
222 154 -1 1
221 154 -1 1
220 154 -1 1
219 154 -1 1
218 154 -1 1
217 154 -1 1
216 154 -1 1
215 154 -1 1
127 154 -1 0
126 154 -1 0
125 154 -1 0
124 154 -1 0
123 154 -1 0
122 154 -1 0
121 154 -1 0
120 154 -1 0
119 154 -1 0
291 153 -1 0
290 153 -1 0
289 153 -1 0
288 153 -1 0
287 153 -1 0
286 153 -1 0
285 153 -1 0
284 153 -1 0
283 153 -1 0
228 153 -1 1
227 153 -1 1
226 153 -1 1
225 153 -1 1
224 153 -1 1
223 153 -1 1
222 153 -1 1
221 153 -1 1
220 153 -1 1
219 153 -1 1
218 153 -1 1
217 153 -1 1
216 153 -1 1
215 153 -1 1
128 153 -1 0
127 153 -1 0
126 153 -1 0
125 153 -1 0
124 153 -1 0
123 153 -1 0
122 153 -1 0
121 153 -1 0
120 153 -1 0
119 153 -1 0
118 153 -1 0
291 152 -1 0
290 152 -1 0
289 152 -1 0
288 152 -1 0
287 152 -1 0
286 152 -1 0
285 152 -1 0
284 152 -1 0
283 152 -1 0
229 152 -1 1
228 152 -1 1
227 152 -1 1
226 152 -1 1
225 152 -1 1
224 152 -1 1
223 152 -1 1
222 152 -1 1
221 152 -1 1
220 152 -1 1
219 152 -1 1
218 152 -1 1
217 152 -1 1
216 152 -1 1
128 152 -1 0
127 152 -1 0
126 152 -1 0
125 152 -1 0
124 152 -1 0
123 152 -1 0
122 152 -1 0
121 152 -1 0
120 152 -1 0
119 152 -1 0
118 152 -1 0
292 151 -1 0
291 151 -1 0
290 151 -1 0
289 151 -1 0
288 151 -1 0
287 151 -1 0
286 151 -1 0
285 151 -1 0
284 151 -1 0
283 151 -1 0
229 151 -1 1
228 151 -1 1
227 151 -1 1
226 151 -1 1
225 151 -1 1
224 151 -1 1
223 151 -1 1
222 151 -1 1
221 151 -1 1
220 151 -1 1
219 151 -1 1
218 151 -1 1
217 151 -1 1
127 151 -1 0
126 151 -1 0
125 151 -1 0
124 151 -1 0
123 151 -1 0
122 151 -1 0
121 151 -1 0
120 151 -1 0
119 151 -1 0
292 150 -1 0
291 150 -1 0
290 150 -1 0
289 150 -1 0
288 150 -1 0
287 150 -1 0
286 150 -1 0
285 150 -1 0
284 150 -1 0
230 150 -1 1
229 150 -1 1
228 150 -1 1
227 150 -1 1
226 150 -1 1
225 150 -1 1
224 150 -1 1
223 150 -1 1
222 150 -1 1
221 150 -1 1
220 150 -1 1
219 150 -1 1
218 150 -1 1
128 150 -1 0
127 150 -1 0
126 150 -1 0
125 150 -1 0
124 150 -1 0
123 150 -1 0
122 150 -1 0
121 150 -1 0
120 150 -1 0
119 150 -1 0
118 150 -1 0
292 149 -1 0
291 149 -1 0
290 149 -1 0
289 149 -1 0
288 149 -1 0
287 149 -1 0
286 149 -1 0
285 149 -1 0
284 149 -1 0
231 149 -1 1
230 149 -1 1
229 149 -1 1
228 149 -1 1
227 149 -1 1
226 149 -1 1
225 149 -1 1
224 149 -1 1
223 149 -1 1
222 149 -1 1
221 149 -1 1
220 149 -1 1
219 149 -1 1
218 149 -1 1
127 149 -1 0
126 149 -1 0
125 149 -1 0
124 149 -1 0
123 149 -1 0
122 149 -1 0
121 149 -1 0
120 149 -1 0
119 149 -1 0
293 148 -1 0
292 148 -1 0
291 148 -1 0
290 148 -1 0
289 148 -1 0
288 148 -1 0
287 148 -1 0
286 148 -1 0
285 148 -1 0
284 148 -1 0
283 148 -1 0
232 148 -1 1
231 148 -1 1
230 148 -1 1
229 148 -1 1
228 148 -1 1
227 148 -1 1
226 148 -1 1
225 148 -1 1
224 148 -1 1
223 148 -1 1
222 148 -1 1
221 148 -1 1
220 148 -1 1
219 148 -1 1
128 148 -1 0
127 148 -1 0
126 148 -1 0
125 148 -1 0
124 148 -1 0
123 148 -1 0
122 148 -1 0
121 148 -1 0
120 148 -1 0
119 148 -1 0
118 148 -1 0
293 147 -1 0
292 147 -1 0
291 147 -1 0
290 147 -1 0
289 147 -1 0
288 147 -1 0
287 147 -1 0
286 147 -1 0
285 147 -1 0
284 147 -1 0
232 147 -1 1
231 147 -1 1
230 147 -1 1
229 147 -1 1
228 147 -1 1
227 147 -1 1
226 147 -1 1
225 147 -1 1
224 147 -1 1
223 147 -1 1
222 147 -1 1
221 147 -1 1
220 147 -1 1
127 147 -1 0
126 147 -1 0
125 147 -1 0
124 147 -1 0
123 147 -1 0
122 147 -1 0
121 147 -1 0
120 147 -1 0
119 147 -1 0
294 146 -1 0
293 146 -1 0
292 146 -1 0
291 146 -1 0
290 146 -1 0
289 146 -1 0
288 146 -1 0
287 146 -1 0
286 146 -1 0
285 146 -1 0
284 146 -1 0
232 146 -1 1
231 146 -1 1
230 146 -1 1
229 146 -1 1
228 146 -1 1
227 146 -1 1
226 146 -1 1
225 146 -1 1
224 146 -1 1
223 146 -1 1
222 146 -1 1
221 146 -1 1
128 146 -1 0
127 146 -1 0
126 146 -1 0
125 146 -1 0
124 146 -1 0
123 146 -1 0
122 146 -1 0
121 146 -1 0
120 146 -1 0
119 146 -1 0
118 146 -1 0
294 145 -1 0
293 145 -1 0
292 145 -1 0
291 145 -1 0
290 145 -1 0
289 145 -1 0
288 145 -1 0
287 145 -1 0
286 145 -1 0
285 145 -1 0
284 145 -1 0
233 145 -1 1
232 145 -1 1
231 145 -1 1
230 145 -1 1
229 145 -1 1
228 145 -1 1
227 145 -1 1
226 145 -1 1
225 145 -1 1
224 145 -1 1
223 145 -1 1
222 145 -1 1
221 145 -1 1
127 145 -1 0
126 145 -1 0
125 145 -1 0
124 145 -1 0
123 145 -1 0
122 145 -1 0
121 145 -1 0
120 145 -1 0
119 145 -1 0
294 144 -1 0
293 144 -1 0
292 144 -1 0
291 144 -1 0
290 144 -1 0
289 144 -1 0
288 144 -1 0
287 144 -1 0
286 144 -1 0
285 144 -1 0
233 144 -1 1
232 144 -1 1
231 144 -1 1
230 144 -1 1
229 144 -1 1
228 144 -1 1
227 144 -1 1
226 144 -1 1
225 144 -1 1
224 144 -1 1
223 144 -1 1
222 144 -1 1
128 144 -1 0
127 144 -1 0
126 144 -1 0
125 144 -1 0
124 144 -1 0
123 144 -1 0
122 144 -1 0
121 144 -1 0
120 144 -1 0
119 144 -1 0
118 144 -1 0
295 143 -1 0
294 143 -1 0
293 143 -1 0
292 143 -1 0
291 143 -1 0
290 143 -1 0
289 143 -1 0
288 143 -1 0
287 143 -1 0
286 143 -1 0
285 143 -1 0
234 143 -1 1
233 143 -1 1
232 143 -1 1
231 143 -1 1
230 143 -1 1
229 143 -1 1
228 143 -1 1
227 143 -1 1
226 143 -1 1
225 143 -1 1
224 143 -1 1
223 143 -1 1
222 143 -1 1
127 143 -1 0
126 143 -1 0
125 143 -1 0
124 143 -1 0
123 143 -1 0
122 143 -1 0
121 143 -1 0
120 143 -1 0
119 143 -1 0
294 142 -1 0
293 142 -1 0
292 142 -1 0
291 142 -1 0
290 142 -1 0
289 142 -1 0
288 142 -1 0
287 142 -1 0
286 142 -1 0
235 142 -1 1
234 142 -1 1
233 142 -1 1
232 142 -1 1
231 142 -1 1
230 142 -1 1
229 142 -1 1
228 142 -1 1
227 142 -1 1
226 142 -1 1
225 142 -1 1
224 142 -1 1
223 142 -1 1
127 142 -1 0
126 142 -1 0
125 142 -1 0
124 142 -1 0
123 142 -1 0
122 142 -1 0
121 142 -1 0
120 142 -1 0
119 142 -1 0
294 141 -1 0
293 141 -1 0
292 141 -1 0
291 141 -1 0
290 141 -1 0
289 141 -1 0
288 141 -1 0
287 141 -1 0
286 141 -1 0
236 141 -1 1
235 141 -1 1
234 141 -1 1
233 141 -1 1
232 141 -1 1
231 141 -1 1
230 141 -1 1
229 141 -1 1
228 141 -1 1
227 141 -1 1
226 141 -1 1
225 141 -1 1
127 141 -1 0
126 141 -1 0
125 141 -1 0
124 141 -1 0
123 141 -1 0
122 141 -1 0
121 141 -1 0
120 141 -1 0
119 141 -1 0
294 140 -1 0
293 140 -1 0
292 140 -1 0
291 140 -1 0
290 140 -1 0
289 140 -1 0
288 140 -1 0
287 140 -1 0
286 140 -1 0
239 140 -1 1
238 140 -1 1
237 140 -1 1
236 140 -1 1
235 140 -1 1
234 140 -1 1
233 140 -1 1
232 140 -1 1
231 140 -1 1
230 140 -1 1
229 140 -1 1
228 140 -1 1
227 140 -1 1
226 140 -1 1
225 140 -1 1
128 140 -1 0
127 140 -1 0
126 140 -1 0
125 140 -1 0
124 140 -1 0
123 140 -1 0
122 140 -1 0
121 140 -1 0
120 140 -1 0
119 140 -1 0
118 140 -1 0
293 139 -1 0
292 139 -1 0
291 139 -1 0
290 139 -1 0
289 139 -1 0
288 139 -1 0
287 139 -1 0
240 139 -1 1
239 139 -1 1
238 139 -1 1
237 139 -1 1
236 139 -1 1
235 139 -1 1
234 139 -1 1
233 139 -1 1
232 139 -1 1
231 139 -1 1
230 139 -1 1
229 139 -1 1
228 139 -1 1
227 139 -1 1
226 139 -1 1
225 139 -1 1
127 139 -1 0
126 139 -1 0
125 139 -1 0
124 139 -1 0
123 139 -1 0
122 139 -1 0
121 139 -1 0
120 139 -1 0
119 139 -1 0
296 138 -1 0
295 138 -1 0
294 138 -1 0
293 138 -1 0
292 138 -1 0
291 138 -1 0
290 138 -1 0
240 138 -1 1
239 138 -1 1
238 138 -1 1
237 138 -1 1
236 138 -1 1
235 138 -1 1
234 138 -1 1
233 138 -1 1
232 138 -1 1
231 138 -1 1
230 138 -1 1
229 138 -1 1
228 138 -1 1
227 138 -1 1
226 138 -1 1
128 138 -1 0
127 138 -1 0
126 138 -1 0
125 138 -1 0
124 138 -1 0
123 138 -1 0
122 138 -1 0
121 138 -1 0
120 138 -1 0
119 138 -1 0
118 138 -1 0
297 137 -1 0
296 137 -1 0
295 137 -1 0
294 137 -1 0
293 137 -1 0
292 137 -1 0
291 137 -1 0
290 137 -1 0
289 137 -1 0
240 137 -1 1
239 137 -1 1
238 137 -1 1
237 137 -1 1
236 137 -1 1
235 137 -1 1
234 137 -1 1
233 137 -1 1
232 137 -1 1
231 137 -1 1
230 137 -1 1
229 137 -1 1
228 137 -1 1
227 137 -1 1
226 137 -1 1
127 137 -1 0
126 137 -1 0
125 137 -1 0
124 137 -1 0
123 137 -1 0
122 137 -1 0
121 137 -1 0
120 137 -1 0
119 137 -1 0
297 136 -1 0
296 136 -1 0
295 136 -1 0
294 136 -1 0
293 136 -1 0
292 136 -1 0
291 136 -1 0
290 136 -1 0
289 136 -1 0
241 136 -1 1
240 136 -1 1
239 136 -1 1
238 136 -1 1
237 136 -1 1
236 136 -1 1
235 136 -1 1
234 136 -1 1
233 136 -1 1
232 136 -1 1
231 136 -1 1
230 136 -1 1
229 136 -1 1
228 136 -1 1
227 136 -1 1
226 136 -1 1
127 136 -1 0
126 136 -1 0
125 136 -1 0
124 136 -1 0
123 136 -1 0
122 136 -1 0
121 136 -1 0
120 136 -1 0
119 136 -1 0
297 135 -1 0
296 135 -1 0
295 135 -1 0
294 135 -1 0
293 135 -1 0
292 135 -1 0
291 135 -1 0
290 135 -1 0
289 135 -1 0
240 135 -1 1
239 135 -1 1
238 135 -1 1
237 135 -1 1
236 135 -1 1
235 135 -1 1
234 135 -1 1
233 135 -1 1
232 135 -1 1
231 135 -1 1
230 135 -1 1
229 135 -1 1
228 135 -1 1
227 135 -1 1
127 135 -1 0
126 135 -1 0
125 135 -1 0
124 135 -1 0
123 135 -1 0
122 135 -1 0
121 135 -1 0
120 135 -1 0
119 135 -1 0
298 134 -1 0
297 134 -1 0
296 134 -1 0
295 134 -1 0
294 134 -1 0
293 134 -1 0
292 134 -1 0
291 134 -1 0
290 134 -1 0
289 134 -1 0
288 134 -1 0
240 134 -1 1
239 134 -1 1
238 134 -1 1
237 134 -1 1
236 134 -1 1
235 134 -1 1
234 134 -1 1
233 134 -1 1
232 134 -1 1
231 134 -1 1
230 134 -1 1
229 134 -1 1
228 134 -1 1
128 134 -1 0
127 134 -1 0
126 134 -1 0
125 134 -1 0
124 134 -1 0
123 134 -1 0
122 134 -1 0
121 134 -1 0
120 134 -1 0
119 134 -1 0
118 134 -1 0
297 133 -1 0
296 133 -1 0
295 133 -1 0
294 133 -1 0
293 133 -1 0
292 133 -1 0
291 133 -1 0
290 133 -1 0
289 133 -1 0
240 133 -1 1
239 133 -1 1
238 133 -1 1
237 133 -1 1
236 133 -1 1
235 133 -1 1
234 133 -1 1
233 133 -1 1
232 133 -1 1
231 133 -1 1
230 133 -1 1
229 133 -1 1
127 133 -1 0
126 133 -1 0
125 133 -1 0
124 133 -1 0
123 133 -1 0
122 133 -1 0
121 133 -1 0
120 133 -1 0
119 133 -1 0
298 132 -1 0
297 132 -1 0
296 132 -1 0
295 132 -1 0
294 132 -1 0
293 132 -1 0
292 132 -1 0
291 132 -1 0
290 132 -1 0
289 132 -1 0
239 132 -1 1
238 132 -1 1
237 132 -1 1
236 132 -1 1
235 132 -1 1
234 132 -1 1
233 132 -1 1
232 132 -1 1
231 132 -1 1
230 132 -1 1
127 132 -1 0
126 132 -1 0
125 132 -1 0
124 132 -1 0
123 132 -1 0
122 132 -1 0
121 132 -1 0
120 132 -1 0
119 132 -1 0
298 131 -1 0
297 131 -1 0
296 131 -1 0
295 131 -1 0
294 131 -1 0
293 131 -1 0
292 131 -1 0
291 131 -1 0
290 131 -1 0
289 131 -1 0
236 131 -1 1
235 131 -1 1
234 131 -1 1
233 131 -1 1
127 131 -1 0
126 131 -1 0
125 131 -1 0
124 131 -1 0
123 131 -1 0
122 131 -1 0
121 131 -1 0
120 131 -1 0
119 131 -1 0
298 130 -1 0
297 130 -1 0
296 130 -1 0
295 130 -1 0
294 130 -1 0
293 130 -1 0
292 130 -1 0
291 130 -1 0
290 130 -1 0
128 130 -1 0
127 130 -1 0
126 130 -1 0
125 130 -1 0
124 130 -1 0
123 130 -1 0
122 130 -1 0
121 130 -1 0
120 130 -1 0
119 130 -1 0
118 130 -1 0
301 129 -1 0
300 129 -1 0
299 129 -1 0
298 129 -1 0
297 129 -1 0
296 129 -1 0
295 129 -1 0
294 129 -1 0
293 129 -1 0
292 129 -1 0
291 129 -1 0
290 129 -1 0
289 129 -1 0
128 129 -1 0
127 129 -1 0
126 129 -1 0
125 129 -1 0
124 129 -1 0
123 129 -1 0
122 129 -1 0
121 129 -1 0
120 129 -1 0
119 129 -1 0
118 129 -1 0
302 128 -1 0
301 128 -1 0
300 128 -1 0
299 128 -1 0
298 128 -1 0
297 128 -1 0
296 128 -1 0
295 128 -1 0
294 128 -1 0
293 128 -1 0
292 128 -1 0
291 128 -1 0
290 128 -1 0
127 128 -1 0
126 128 -1 0
125 128 -1 0
124 128 -1 0
123 128 -1 0
122 128 -1 0
121 128 -1 0
120 128 -1 0
119 128 -1 0
302 127 -1 0
301 127 -1 0
300 127 -1 0
299 127 -1 0
298 127 -1 0
297 127 -1 0
296 127 -1 0
295 127 -1 0
294 127 -1 0
293 127 -1 0
292 127 -1 0
291 127 -1 0
290 127 -1 0
127 127 -1 0
126 127 -1 0
125 127 -1 0
124 127 -1 0
123 127 -1 0
122 127 -1 0
121 127 -1 0
120 127 -1 0
119 127 -1 0
302 126 -1 0
301 126 -1 0
300 126 -1 0
299 126 -1 0
298 126 -1 0
297 126 -1 0
296 126 -1 0
295 126 -1 0
294 126 -1 0
293 126 -1 0
292 126 -1 0
291 126 -1 0
290 126 -1 0
128 126 -1 0
127 126 -1 0
126 126 -1 0
125 126 -1 0
124 126 -1 0
123 126 -1 0
122 126 -1 0
121 126 -1 0
120 126 -1 0
119 126 -1 0
118 126 -1 0
303 125 -1 0
302 125 -1 0
301 125 -1 0
300 125 -1 0
299 125 -1 0
298 125 -1 0
297 125 -1 0
296 125 -1 0
295 125 -1 0
294 125 -1 0
293 125 -1 0
292 125 -1 0
291 125 -1 0
127 125 -1 0
126 125 -1 0
125 125 -1 0
124 125 -1 0
123 125 -1 0
122 125 -1 0
121 125 -1 0
120 125 -1 0
119 125 -1 0
303 124 -1 0
302 124 -1 0
301 124 -1 0
300 124 -1 0
299 124 -1 0
298 124 -1 0
297 124 -1 0
296 124 -1 0
295 124 -1 0
294 124 -1 0
293 124 -1 0
127 124 -1 0
126 124 -1 0
125 124 -1 0
124 124 -1 0
123 124 -1 0
122 124 -1 0
121 124 -1 0
120 124 -1 0
119 124 -1 0
302 123 -1 0
301 123 -1 0
300 123 -1 0
299 123 -1 0
298 123 -1 0
297 123 -1 0
296 123 -1 0
295 123 -1 0
294 123 -1 0
293 123 -1 0
127 123 -1 0
126 123 -1 0
125 123 -1 0
124 123 -1 0
123 123 -1 0
122 123 -1 0
121 123 -1 0
120 123 -1 0
119 123 -1 0
302 122 -1 0
301 122 -1 0
300 122 -1 0
299 122 -1 0
298 122 -1 0
297 122 -1 0
296 122 -1 0
295 122 -1 0
294 122 -1 0
293 122 -1 0
128 122 -1 0
127 122 -1 0
126 122 -1 0
125 122 -1 0
124 122 -1 0
123 122 -1 0
122 122 -1 0
121 122 -1 0
120 122 -1 0
119 122 -1 0
118 122 -1 0
302 121 -1 0
301 121 -1 0
300 121 -1 0
299 121 -1 0
298 121 -1 0
297 121 -1 0
296 121 -1 0
295 121 -1 0
294 121 -1 0
128 121 -1 0
127 121 -1 0
126 121 -1 0
125 121 -1 0
124 121 -1 0
123 121 -1 0
122 121 -1 0
121 121 -1 0
120 121 -1 0
119 121 -1 0
118 121 -1 0
301 120 -1 0
300 120 -1 0
299 120 -1 0
298 120 -1 0
297 120 -1 0
296 120 -1 0
295 120 -1 0
128 120 -1 0
127 120 -1 0
126 120 -1 0
125 120 -1 0
124 120 -1 0
123 120 -1 0
122 120 -1 0
121 120 -1 0
120 120 -1 0
119 120 -1 0
298 119 -1 0
128 119 -1 0
127 119 -1 0
126 119 -1 0
125 119 -1 0
124 119 -1 0
123 119 -1 0
122 119 -1 0
121 119 -1 0
120 119 -1 0
119 119 -1 0
129 118 -1 0
128 118 -1 0
127 118 -1 0
126 118 -1 0
125 118 -1 0
124 118 -1 0
123 118 -1 0
122 118 -1 0
121 118 -1 0
120 118 -1 0
119 118 -1 0
128 117 -1 0
127 117 -1 0
126 117 -1 0
125 117 -1 0
124 117 -1 0
123 117 -1 0
122 117 -1 0
121 117 -1 0
120 117 -1 0
128 116 -1 0
127 116 -1 0
126 116 -1 0
125 116 -1 0
124 116 -1 0
123 116 -1 0
122 116 -1 0
121 116 -1 0
120 116 -1 0
129 115 -1 0
128 115 -1 0
127 115 -1 0
126 115 -1 0
125 115 -1 0
124 115 -1 0
123 115 -1 0
122 115 -1 0
121 115 -1 0
120 115 -1 0
119 115 -1 0
128 114 -1 0
127 114 -1 0
126 114 -1 0
125 114 -1 0
124 114 -1 0
123 114 -1 0
122 114 -1 0
121 114 -1 0
120 114 -1 0
128 113 -1 0
127 113 -1 0
126 113 -1 0
125 113 -1 0
124 113 -1 0
123 113 -1 0
122 113 -1 0
121 113 -1 0
120 113 -1 0
129 112 -1 0
128 112 -1 0
127 112 -1 0
126 112 -1 0
125 112 -1 0
124 112 -1 0
123 112 -1 0
122 112 -1 0
121 112 -1 0
120 112 -1 0
119 112 -1 0
128 111 -1 0
127 111 -1 0
126 111 -1 0
125 111 -1 0
124 111 -1 0
123 111 -1 0
122 111 -1 0
121 111 -1 0
120 111 -1 0
129 110 -1 0
128 110 -1 0
127 110 -1 0
126 110 -1 0
125 110 -1 0
124 110 -1 0
123 110 -1 0
122 110 -1 0
121 110 -1 0
120 110 -1 0
130 109 -1 0
129 109 -1 0
128 109 -1 0
127 109 -1 0
126 109 -1 0
125 109 -1 0
124 109 -1 0
123 109 -1 0
122 109 -1 0
121 109 -1 0
120 109 -1 0
119 109 -1 0
130 108 -1 0
129 108 -1 0
128 108 -1 0
127 108 -1 0
126 108 -1 0
125 108 -1 0
124 108 -1 0
123 108 -1 0
122 108 -1 0
121 108 -1 0
120 108 -1 0
130 107 -1 0
129 107 -1 0
128 107 -1 0
127 107 -1 0
126 107 -1 0
125 107 -1 0
124 107 -1 0
123 107 -1 0
122 107 -1 0
121 107 -1 0
120 107 -1 0
131 106 -1 0
130 106 -1 0
129 106 -1 0
128 106 -1 0
127 106 -1 0
126 106 -1 0
125 106 -1 0
124 106 -1 0
123 106 -1 0
122 106 -1 0
121 106 -1 0
120 106 -1 0
131 105 -1 0
130 105 -1 0
129 105 -1 0
128 105 -1 0
127 105 -1 0
126 105 -1 0
125 105 -1 0
124 105 -1 0
123 105 -1 0
122 105 -1 0
121 105 -1 0
131 104 -1 0
130 104 -1 0
129 104 -1 0
128 104 -1 0
127 104 -1 0
126 104 -1 0
125 104 -1 0
124 104 -1 0
123 104 -1 0
122 104 -1 0
131 103 -1 0
130 103 -1 0
129 103 -1 0
128 103 -1 0
127 103 -1 0
126 103 -1 0
125 103 -1 0
124 103 -1 0
123 103 -1 0
122 103 -1 0
132 102 -1 0
131 102 -1 0
130 102 -1 0
129 102 -1 0
128 102 -1 0
127 102 -1 0
126 102 -1 0
125 102 -1 0
124 102 -1 0
123 102 -1 0
122 102 -1 0
132 101 -1 0
131 101 -1 0
130 101 -1 0
129 101 -1 0
128 101 -1 0
127 101 -1 0
126 101 -1 0
125 101 -1 0
124 101 -1 0
123 101 -1 0
132 100 -1 0
131 100 -1 0
130 100 -1 0
129 100 -1 0
128 100 -1 0
127 100 -1 0
126 100 -1 0
125 100 -1 0
124 100 -1 0
123 100 -1 0
132 99 -1 0
131 99 -1 0
130 99 -1 0
129 99 -1 0
128 99 -1 0
127 99 -1 0
126 99 -1 0
125 99 -1 0
124 99 -1 0
123 99 -1 0
133 98 -1 0
132 98 -1 0
131 98 -1 0
130 98 -1 0
129 98 -1 0
128 98 -1 0
127 98 -1 0
126 98 -1 0
125 98 -1 0
124 98 -1 0
123 98 -1 0
132 97 -1 0
131 97 -1 0
130 97 -1 0
129 97 -1 0
128 97 -1 0
127 97 -1 0
126 97 -1 0
125 97 -1 0
124 97 -1 0
132 96 -1 0
131 96 -1 0
130 96 -1 0
129 96 -1 0
128 96 -1 0
127 96 -1 0
126 96 -1 0
125 96 -1 0
124 96 -1 0
135 95 -1 0
134 95 -1 0
133 95 -1 0
132 95 -1 0
131 95 -1 0
130 95 -1 0
129 95 -1 0
128 95 -1 0
127 95 -1 0
126 95 -1 0
125 95 -1 0
124 95 -1 0
136 94 -1 0
135 94 -1 0
134 94 -1 0
133 94 -1 0
132 94 -1 0
131 94 -1 0
130 94 -1 0
129 94 -1 0
128 94 -1 0
127 94 -1 0
126 94 -1 0
125 94 -1 0
136 93 -1 0
135 93 -1 0
134 93 -1 0
133 93 -1 0
132 93 -1 0
131 93 -1 0
130 93 -1 0
129 93 -1 0
128 93 -1 0
136 92 -1 0
135 92 -1 0
134 92 -1 0
133 92 -1 0
132 92 -1 0
131 92 -1 0
130 92 -1 0
129 92 -1 0
128 92 -1 0
137 91 -1 0
136 91 -1 0
135 91 -1 0
134 91 -1 0
133 91 -1 0
132 91 -1 0
131 91 -1 0
130 91 -1 0
129 91 -1 0
128 91 -1 0
127 91 -1 0
138 90 -1 0
137 90 -1 0
136 90 -1 0
135 90 -1 0
134 90 -1 0
133 90 -1 0
132 90 -1 0
131 90 -1 0
130 90 -1 0
129 90 -1 0
128 90 -1 0
138 89 -1 0
137 89 -1 0
136 89 -1 0
135 89 -1 0
134 89 -1 0
133 89 -1 0
132 89 -1 0
131 89 -1 0
130 89 -1 0
129 89 -1 0
128 89 -1 0
138 88 -1 0
137 88 -1 0
136 88 -1 0
135 88 -1 0
134 88 -1 0
133 88 -1 0
132 88 -1 0
131 88 -1 0
130 88 -1 0
129 88 -1 0
128 88 -1 0
139 87 -1 0
138 87 -1 0
137 87 -1 0
136 87 -1 0
135 87 -1 0
134 87 -1 0
133 87 -1 0
132 87 -1 0
131 87 -1 0
130 87 -1 0
129 87 -1 0
139 86 -1 0
138 86 -1 0
137 86 -1 0
136 86 -1 0
135 86 -1 0
134 86 -1 0
133 86 -1 0
132 86 -1 0
131 86 -1 0
130 86 -1 0
139 85 -1 0
138 85 -1 0
137 85 -1 0
136 85 -1 0
135 85 -1 0
134 85 -1 0
133 85 -1 0
132 85 -1 0
131 85 -1 0
130 85 -1 0
140 84 -1 0
139 84 -1 0
138 84 -1 0
137 84 -1 0
136 84 -1 0
135 84 -1 0
134 84 -1 0
133 84 -1 0
132 84 -1 0
131 84 -1 0
130 84 -1 0
141 83 -1 0
140 83 -1 0
139 83 -1 0
138 83 -1 0
137 83 -1 0
136 83 -1 0
135 83 -1 0
134 83 -1 0
133 83 -1 0
132 83 -1 0
131 83 -1 0
130 83 -1 0
142 82 -1 0
141 82 -1 0
140 82 -1 0
139 82 -1 0
138 82 -1 0
137 82 -1 0
136 82 -1 0
135 82 -1 0
134 82 -1 0
133 82 -1 0
132 82 -1 0
131 82 -1 0
143 81 -1 0
142 81 -1 0
141 81 -1 0
140 81 -1 0
139 81 -1 0
138 81 -1 0
137 81 -1 0
136 81 -1 0
135 81 -1 0
134 81 -1 0
133 81 -1 0
132 81 -1 0
131 81 -1 0
143 80 -1 0
142 80 -1 0
141 80 -1 0
140 80 -1 0
139 80 -1 0
138 80 -1 0
137 80 -1 0
136 80 -1 0
135 80 -1 0
134 80 -1 0
133 80 -1 0
132 80 -1 0
131 80 -1 0
143 79 -1 0
142 79 -1 0
141 79 -1 0
140 79 -1 0
139 79 -1 0
138 79 -1 0
137 79 -1 0
136 79 -1 0
135 79 -1 0
134 79 -1 0
133 79 -1 0
132 79 -1 0
144 78 -1 0
143 78 -1 0
142 78 -1 0
141 78 -1 0
140 78 -1 0
139 78 -1 0
138 78 -1 0
137 78 -1 0
136 78 -1 0
135 78 -1 0
134 78 -1 0
133 78 -1 0
147 77 -1 0
146 77 -1 0
145 77 -1 0
144 77 -1 0
143 77 -1 0
142 77 -1 0
141 77 -1 0
140 77 -1 0
139 77 -1 0
138 77 -1 0
137 77 -1 0
136 77 -1 0
135 77 -1 0
134 77 -1 0
133 77 -1 0
148 76 -1 0
147 76 -1 0
146 76 -1 0
145 76 -1 0
144 76 -1 0
143 76 -1 0
142 76 -1 0
141 76 -1 0
140 76 -1 0
139 76 -1 0
138 76 -1 0
137 76 -1 0
136 76 -1 0
135 76 -1 0
134 76 -1 0
148 75 -1 0
147 75 -1 0
146 75 -1 0
145 75 -1 0
144 75 -1 0
143 75 -1 0
142 75 -1 0
141 75 -1 0
140 75 -1 0
139 75 -1 0
138 75 -1 0
137 75 -1 0
136 75 -1 0
135 75 -1 0
134 75 -1 0
150 74 -1 0
149 74 -1 0
148 74 -1 0
147 74 -1 0
146 74 -1 0
145 74 -1 0
144 74 -1 0
143 74 -1 0
142 74 -1 0
141 74 -1 0
140 74 -1 0
139 74 -1 0
138 74 -1 0
137 74 -1 0
136 74 -1 0
135 74 -1 0
151 73 -1 0
150 73 -1 0
149 73 -1 0
148 73 -1 0
147 73 -1 0
146 73 -1 0
145 73 -1 0
144 73 -1 0
143 73 -1 0
142 73 -1 0
141 73 -1 0
140 73 -1 0
139 73 -1 0
138 73 -1 0
151 72 -1 0
150 72 -1 0
149 72 -1 0
148 72 -1 0
147 72 -1 0
146 72 -1 0
145 72 -1 0
144 72 -1 0
143 72 -1 0
142 72 -1 0
141 72 -1 0
140 72 -1 0
152 71 -1 0
151 71 -1 0
150 71 -1 0
149 71 -1 0
148 71 -1 0
147 71 -1 0
146 71 -1 0
145 71 -1 0
144 71 -1 0
143 71 -1 0
142 71 -1 0
141 71 -1 0
140 71 -1 0
153 70 -1 0
152 70 -1 0
151 70 -1 0
150 70 -1 0
149 70 -1 0
148 70 -1 0
147 70 -1 0
146 70 -1 0
145 70 -1 0
144 70 -1 0
143 70 -1 0
142 70 -1 0
141 70 -1 0
140 70 -1 0
155 69 -1 0
154 69 -1 0
153 69 -1 0
152 69 -1 0
151 69 -1 0
150 69 -1 0
149 69 -1 0
148 69 -1 0
147 69 -1 0
146 69 -1 0
145 69 -1 0
144 69 -1 0
143 69 -1 0
142 69 -1 0
141 69 -1 0
156 68 -1 0
155 68 -1 0
154 68 -1 0
153 68 -1 0
152 68 -1 0
151 68 -1 0
150 68 -1 0
149 68 -1 0
148 68 -1 0
147 68 -1 0
146 68 -1 0
145 68 -1 0
144 68 -1 0
143 68 -1 0
161 67 -1 0
158 67 -1 0
157 67 -1 0
156 67 -1 0
155 67 -1 0
154 67 -1 0
153 67 -1 0
152 67 -1 0
151 67 -1 0
150 67 -1 0
149 67 -1 0
148 67 -1 0
147 67 -1 0
146 67 -1 0
145 67 -1 0
144 67 -1 0
143 67 -1 0
164 66 -1 0
163 66 -1 0
162 66 -1 0
161 66 -1 0
160 66 -1 0
159 66 -1 0
158 66 -1 0
157 66 -1 0
156 66 -1 0
155 66 -1 0
154 66 -1 0
153 66 -1 0
152 66 -1 0
151 66 -1 0
150 66 -1 0
149 66 -1 0
148 66 -1 0
147 66 -1 0
146 66 -1 0
145 66 -1 0
144 66 -1 0
165 65 -1 0
164 65 -1 0
163 65 -1 0
162 65 -1 0
161 65 -1 0
160 65 -1 0
159 65 -1 0
158 65 -1 0
157 65 -1 0
156 65 -1 0
155 65 -1 0
154 65 -1 0
153 65 -1 0
152 65 -1 0
151 65 -1 0
150 65 -1 0
149 65 -1 0
148 65 -1 0
147 65 -1 0
146 65 -1 0
145 65 -1 0
165 64 -1 0
164 64 -1 0
163 64 -1 0
162 64 -1 0
161 64 -1 0
160 64 -1 0
159 64 -1 0
158 64 -1 0
157 64 -1 0
156 64 -1 0
155 64 -1 0
154 64 -1 0
153 64 -1 0
152 64 -1 0
151 64 -1 0
150 64 -1 0
149 64 -1 0
148 64 -1 0
147 64 -1 0
146 64 -1 0
145 64 -1 0
165 63 -1 0
164 63 -1 0
163 63 -1 0
162 63 -1 0
161 63 -1 0
160 63 -1 0
159 63 -1 0
158 63 -1 0
157 63 -1 0
156 63 -1 0
155 63 -1 0
154 63 -1 0
153 63 -1 0
152 63 -1 0
151 63 -1 0
150 63 -1 0
149 63 -1 0
148 63 -1 0
147 63 -1 0
146 63 -1 0
166 62 -1 0
165 62 -1 0
164 62 -1 0
163 62 -1 0
162 62 -1 0
161 62 -1 0
160 62 -1 0
159 62 -1 0
158 62 -1 0
157 62 -1 0
156 62 -1 0
155 62 -1 0
154 62 -1 0
153 62 -1 0
152 62 -1 0
151 62 -1 0
150 62 -1 0
149 62 -1 0
148 62 -1 0
165 61 -1 0
164 61 -1 0
163 61 -1 0
162 61 -1 0
161 61 -1 0
160 61 -1 0
159 61 -1 0
158 61 -1 0
157 61 -1 0
156 61 -1 0
155 61 -1 0
154 61 -1 0
153 61 -1 0
152 61 -1 0
151 61 -1 0
150 61 -1 0
149 61 -1 0
165 60 -1 0
164 60 -1 0
163 60 -1 0
162 60 -1 0
161 60 -1 0
160 60 -1 0
159 60 -1 0
158 60 -1 0
157 60 -1 0
156 60 -1 0
155 60 -1 0
154 60 -1 0
153 60 -1 0
152 60 -1 0
151 60 -1 0
150 60 -1 0
165 59 -1 0
164 59 -1 0
163 59 -1 0
162 59 -1 0
161 59 -1 0
160 59 -1 0
159 59 -1 0
158 59 -1 0
157 59 -1 0
156 59 -1 0
155 59 -1 0
154 59 -1 0
153 59 -1 0
152 59 -1 0
151 59 -1 0
164 58 -1 0
163 58 -1 0
162 58 -1 0
161 58 -1 0
160 58 -1 0
159 58 -1 0
158 58 -1 0
157 58 -1 0
156 58 -1 0
155 58 -1 0
154 58 -1 0
161 57 -1 0
158 57 -1 0
157 57 -1 0
