2597 408 341
138 252 -1 0
141 251 -1 0
140 251 -1 0
139 251 -1 0
138 251 -1 0
137 251 -1 0
136 251 -1 0
135 251 -1 0
142 250 -1 0
141 250 -1 0
140 250 -1 0
139 250 -1 0
138 250 -1 0
137 250 -1 0
136 250 -1 0
135 250 -1 0
134 250 -1 0
142 249 -1 0
141 249 -1 0
140 249 -1 0
139 249 -1 0
138 249 -1 0
137 249 -1 0
136 249 -1 0
135 249 -1 0
134 249 -1 0
142 248 -1 0
141 248 -1 0
140 248 -1 0
139 248 -1 0
138 248 -1 0
137 248 -1 0
136 248 -1 0
135 248 -1 0
134 248 -1 0
143 247 -1 0
142 247 -1 0
141 247 -1 0
140 247 -1 0
139 247 -1 0
138 247 -1 0
137 247 -1 0
136 247 -1 0
135 247 -1 0
134 247 -1 0
133 247 -1 0
143 246 -1 0
142 246 -1 0
141 246 -1 0
140 246 -1 0
139 246 -1 0
138 246 -1 0
137 246 -1 0
136 246 -1 0
135 246 -1 0
134 246 -1 0
133 246 -1 0
132 246 -1 0
143 245 -1 0
142 245 -1 0
141 245 -1 0
140 245 -1 0
139 245 -1 0
138 245 -1 0
137 245 -1 0
136 245 -1 0
135 245 -1 0
134 245 -1 0
133 245 -1 0
132 245 -1 0
131 245 -1 0
142 244 -1 0
141 244 -1 0
140 244 -1 0
139 244 -1 0
138 244 -1 0
137 244 -1 0
136 244 -1 0
135 244 -1 0
134 244 -1 0
133 244 -1 0
132 244 -1 0
131 244 -1 0
142 243 -1 0
141 243 -1 0
140 243 -1 0
139 243 -1 0
138 243 -1 0
137 243 -1 0
136 243 -1 0
135 243 -1 0
134 243 -1 0
133 243 -1 0
132 243 -1 0
131 243 -1 0
130 243 -1 0
142 242 -1 0
141 242 -1 0
140 242 -1 0
139 242 -1 0
138 242 -1 0
137 242 -1 0
136 242 -1 0
135 242 -1 0
134 242 -1 0
133 242 -1 0
132 242 -1 0
131 242 -1 0
130 242 -1 0
129 242 -1 0
141 241 -1 0
140 241 -1 0
139 241 -1 0
138 241 -1 0
137 241 -1 0
136 241 -1 0
135 241 -1 0
134 241 -1 0
133 241 -1 0
132 241 -1 0
131 241 -1 0
130 241 -1 0
129 241 -1 0
140 240 -1 0
139 240 -1 0
138 240 -1 0
137 240 -1 0
136 240 -1 0
135 240 -1 0
134 240 -1 0
133 240 -1 0
132 240 -1 0
131 240 -1 0
130 240 -1 0
129 240 -1 0
139 239 -1 0
138 239 -1 0
137 239 -1 0
136 239 -1 0
135 239 -1 0
134 239 -1 0
133 239 -1 0
132 239 -1 0
131 239 -1 0
130 239 -1 0
129 239 -1 0
128 239 -1 0
138 238 -1 0
137 238 -1 0
136 238 -1 0
135 238 -1 0
134 238 -1 0
133 238 -1 0
132 238 -1 0
131 238 -1 0
130 238 -1 0
129 238 -1 0
138 237 -1 0
137 237 -1 0
136 237 -1 0
135 237 -1 0
134 237 -1 0
133 237 -1 0
132 237 -1 0
131 237 -1 0
130 237 -1 0
129 237 -1 0
128 237 -1 0
137 236 -1 0
136 236 -1 0
135 236 -1 0
134 236 -1 0
133 236 -1 0
132 236 -1 0
131 236 -1 0
130 236 -1 0
129 236 -1 0
128 236 -1 0
138 235 -1 0
137 235 -1 0
136 235 -1 0
135 235 -1 0
134 235 -1 0
133 235 -1 0
132 235 -1 0
131 235 -1 0
130 235 -1 0
129 235 -1 0
128 235 -1 0
137 234 -1 0
136 234 -1 0
135 234 -1 0
134 234 -1 0
133 234 -1 0
132 234 -1 0
131 234 -1 0
130 234 -1 0
129 234 -1 0
128 234 -1 0
127 234 -1 0
137 233 -1 0
136 233 -1 0
135 233 -1 0
134 233 -1 0
133 233 -1 0
132 233 -1 0
131 233 -1 0
130 233 -1 0
129 233 -1 0
128 233 -1 0
137 232 -1 0
136 232 -1 0
135 232 -1 0
134 232 -1 0
133 232 -1 0
132 232 -1 0
131 232 -1 0
130 232 -1 0
129 232 -1 0
128 232 -1 0
136 231 -1 0
135 231 -1 0
134 231 -1 0
133 231 -1 0
132 231 -1 0
131 231 -1 0
130 231 -1 0
129 231 -1 0
128 231 -1 0
127 231 -1 0
135 230 -1 0
134 230 -1 0
133 230 -1 0
132 230 -1 0
131 230 -1 0
130 230 -1 0
129 230 -1 0
128 230 -1 0
127 230 -1 0
126 230 -1 0
134 229 -1 0
133 229 -1 0
132 229 -1 0
131 229 -1 0
130 229 -1 0
129 229 -1 0
128 229 -1 0
127 229 -1 0
126 229 -1 0
134 228 -1 0
133 228 -1 0
132 228 -1 0
131 228 -1 0
130 228 -1 0
129 228 -1 0
128 228 -1 0
127 228 -1 0
126 228 -1 0
135 227 -1 0
134 227 -1 0
133 227 -1 0
132 227 -1 0
131 227 -1 0
130 227 -1 0
129 227 -1 0
128 227 -1 0
127 227 -1 0
126 227 -1 0
125 227 -1 0
134 226 -1 0
133 226 -1 0
132 226 -1 0
131 226 -1 0
130 226 -1 0
129 226 -1 0
128 226 -1 0
127 226 -1 0
126 226 -1 0
125 226 -1 0
134 225 -1 0
133 225 -1 0
132 225 -1 0
131 225 -1 0
130 225 -1 0
129 225 -1 0
128 225 -1 0
127 225 -1 0
126 225 -1 0
125 225 -1 0
134 224 -1 0
133 224 -1 0
132 224 -1 0
131 224 -1 0
130 224 -1 0
129 224 -1 0
128 224 -1 0
127 224 -1 0
126 224 -1 0
125 224 -1 0
134 223 -1 0
133 223 -1 0
132 223 -1 0
131 223 -1 0
130 223 -1 0
129 223 -1 0
128 223 -1 0
127 223 -1 0
126 223 -1 0
125 223 -1 0
124 223 -1 0
133 222 -1 0
132 222 -1 0
131 222 -1 0
130 222 -1 0
129 222 -1 0
128 222 -1 0
127 222 -1 0
126 222 -1 0
125 222 -1 0
133 221 -1 0
132 221 -1 0
131 221 -1 0
130 221 -1 0
129 221 -1 0
128 221 -1 0
127 221 -1 0
126 221 -1 0
125 221 -1 0
134 220 -1 0
133 220 -1 0
132 220 -1 0
131 220 -1 0
130 220 -1 0
129 220 -1 0
128 220 -1 0
127 220 -1 0
126 220 -1 0
125 220 -1 0
124 220 -1 0
133 219 -1 0
132 219 -1 0
131 219 -1 0
130 219 -1 0
129 219 -1 0
128 219 -1 0
127 219 -1 0
126 219 -1 0
125 219 -1 0
133 218 -1 0
132 218 -1 0
131 218 -1 0
130 218 -1 0
129 218 -1 0
128 218 -1 0
127 218 -1 0
126 218 -1 0
125 218 -1 0
133 217 -1 0
132 217 -1 0
131 217 -1 0
130 217 -1 0
129 217 -1 0
128 217 -1 0
127 217 -1 0
126 217 -1 0
125 217 -1 0
132 216 -1 0
131 216 -1 0
130 216 -1 0
129 216 -1 0
128 216 -1 0
127 216 -1 0
126 216 -1 0
125 216 -1 0
124 216 -1 0
132 215 -1 0
131 215 -1 0
130 215 -1 0
129 215 -1 0
128 215 -1 0
127 215 -1 0
126 215 -1 0
125 215 -1 0
124 215 -1 0
132 214 -1 0
131 214 -1 0
130 214 -1 0
129 214 -1 0
128 214 -1 0
127 214 -1 0
126 214 -1 0
125 214 -1 0
124 214 -1 0
133 213 -1 0
132 213 -1 0
131 213 -1 0
130 213 -1 0
129 213 -1 0
128 213 -1 0
127 213 -1 0
126 213 -1 0
125 213 -1 0
124 213 -1 0
123 213 -1 0
132 212 -1 0
131 212 -1 0
130 212 -1 0
129 212 -1 0
128 212 -1 0
127 212 -1 0
126 212 -1 0
125 212 -1 0
124 212 -1 0
132 211 -1 0
131 211 -1 0
130 211 -1 0
129 211 -1 0
128 211 -1 0
127 211 -1 0
126 211 -1 0
125 211 -1 0
124 211 -1 0
132 210 -1 0
131 210 -1 0
130 210 -1 0
129 210 -1 0
128 210 -1 0
127 210 -1 0
126 210 -1 0
125 210 -1 0
124 210 -1 0
133 209 -1 0
132 209 -1 0
131 209 -1 0
130 209 -1 0
129 209 -1 0
128 209 -1 0
127 209 -1 0
126 209 -1 0
125 209 -1 0
124 209 -1 0
123 209 -1 0
132 208 -1 0
131 208 -1 0
130 208 -1 0
129 208 -1 0
128 208 -1 0
127 208 -1 0
126 208 -1 0
125 208 -1 0
124 208 -1 0
123 208 -1 0
122 208 -1 0
132 207 -1 0
131 207 -1 0
130 207 -1 0
129 207 -1 0
128 207 -1 0
127 207 -1 0
126 207 -1 0
125 207 -1 0
124 207 -1 0
123 207 -1 0
122 207 -1 0
121 207 -1 0
305 206 -1 0
132 206 -1 0
131 206 -1 0
130 206 -1 0
129 206 -1 0
128 206 -1 0
127 206 -1 0
126 206 -1 0
125 206 -1 0
124 206 -1 0
123 206 -1 0
122 206 -1 0
121 206 -1 0
308 205 -1 0
307 205 -1 0
306 205 -1 0
305 205 -1 0
304 205 -1 0
303 205 -1 0
302 205 -1 0
131 205 -1 0
130 205 -1 0
129 205 -1 0
128 205 -1 0
127 205 -1 0
126 205 -1 0
125 205 -1 0
124 205 -1 0
123 205 -1 0
122 205 -1 0
121 205 -1 0
309 204 -1 0
308 204 -1 0
307 204 -1 0
306 204 -1 0
305 204 -1 0
304 204 -1 0
303 204 -1 0
302 204 -1 0
301 204 -1 0
130 204 -1 0
129 204 -1 0
128 204 -1 0
127 204 -1 0
126 204 -1 0
125 204 -1 0
124 204 -1 0
123 204 -1 0
122 204 -1 0
121 204 -1 0
120 204 -1 0
309 203 -1 0
308 203 -1 0
307 203 -1 0
306 203 -1 0
305 203 -1 0
304 203 -1 0
303 203 -1 0
302 203 -1 0
301 203 -1 0
129 203 -1 0
128 203 -1 0
127 203 -1 0
126 203 -1 0
125 203 -1 0
124 203 -1 0
123 203 -1 0
122 203 -1 0
121 203 -1 0
309 202 -1 0
308 202 -1 0
307 202 -1 0
306 202 -1 0
305 202 -1 0
304 202 -1 0
303 202 -1 0
302 202 -1 0
301 202 -1 0
129 202 -1 0
128 202 -1 0
127 202 -1 0
126 202 -1 0
125 202 -1 0
124 202 -1 0
123 202 -1 0
122 202 -1 0
121 202 -1 0
310 201 -1 0
309 201 -1 0
308 201 -1 0
307 201 -1 0
306 201 -1 0
305 201 -1 0
304 201 -1 0
303 201 -1 0
302 201 -1 0
301 201 -1 0
300 201 -1 0
130 201 -1 0
129 201 -1 0
128 201 -1 0
127 201 -1 0
126 201 -1 0
125 201 -1 0
124 201 -1 0
123 201 -1 0
122 201 -1 0
121 201 -1 0
120 201 -1 0
310 200 -1 0
309 200 -1 0
308 200 -1 0
307 200 -1 0
306 200 -1 0
305 200 -1 0
304 200 -1 0
303 200 -1 0
302 200 -1 0
301 200 -1 0
300 200 -1 0
129 200 -1 0
128 200 -1 0
127 200 -1 0
126 200 -1 0
125 200 -1 0
124 200 -1 0
123 200 -1 0
122 200 -1 0
121 200 -1 0
120 200 -1 0
310 199 -1 0
309 199 -1 0
308 199 -1 0
307 199 -1 0
306 199 -1 0
305 199 -1 0
304 199 -1 0
303 199 -1 0
302 199 -1 0
301 199 -1 0
300 199 -1 0
129 199 -1 0
128 199 -1 0
127 199 -1 0
126 199 -1 0
125 199 -1 0
124 199 -1 0
123 199 -1 0
122 199 -1 0
121 199 -1 0
120 199 -1 0
309 198 -1 0
308 198 -1 0
307 198 -1 0
306 198 -1 0
305 198 -1 0
304 198 -1 0
303 198 -1 0
302 198 -1 0
301 198 -1 0
129 198 -1 0
128 198 -1 0
127 198 -1 0
126 198 -1 0
125 198 -1 0
124 198 -1 0
123 198 -1 0
122 198 -1 0
121 198 -1 0
120 198 -1 0
119 198 -1 0
310 197 -1 0
309 197 -1 0
308 197 -1 0
307 197 -1 0
306 197 -1 0
305 197 -1 0
304 197 -1 0
303 197 -1 0
302 197 -1 0
301 197 -1 0
300 197 -1 0
128 197 -1 0
127 197 -1 0
126 197 -1 0
125 197 -1 0
124 197 -1 0
123 197 -1 0
122 197 -1 0
121 197 -1 0
120 197 -1 0
119 197 -1 0
309 196 -1 0
308 196 -1 0
307 196 -1 0
306 196 -1 0
305 196 -1 0
304 196 -1 0
303 196 -1 0
302 196 -1 0
301 196 -1 0
128 196 -1 0
127 196 -1 0
126 196 -1 0
125 196 -1 0
124 196 -1 0
123 196 -1 0
122 196 -1 0
121 196 -1 0
120 196 -1 0
119 196 -1 0
309 195 -1 0
308 195 -1 0
307 195 -1 0
306 195 -1 0
305 195 -1 0
304 195 -1 0
303 195 -1 0
302 195 -1 0
301 195 -1 0
128 195 -1 0
127 195 -1 0
126 195 -1 0
125 195 -1 0
124 195 -1 0
123 195 -1 0
122 195 -1 0
121 195 -1 0
120 195 -1 0
119 195 -1 0
309 194 -1 0
308 194 -1 0
307 194 -1 0
306 194 -1 0
305 194 -1 0
304 194 -1 0
303 194 -1 0
302 194 -1 0
301 194 -1 0
235 194 -1 1
128 194 -1 0
127 194 -1 0
126 194 -1 0
125 194 -1 0
124 194 -1 0
123 194 -1 0
122 194 -1 0
121 194 -1 0
120 194 -1 0
119 194 -1 0
118 194 -1 0
310 193 -1 0
309 193 -1 0
308 193 -1 0
307 193 -1 0
306 193 -1 0
305 193 -1 0
304 193 -1 0
303 193 -1 0
302 193 -1 0
301 193 -1 0
300 193 -1 0
238 193 -1 1
237 193 -1 1
236 193 -1 1
235 193 -1 1
234 193 -1 1
233 193 -1 1
232 193 -1 1
127 193 -1 0
126 193 -1 0
125 193 -1 0
124 193 -1 0
123 193 -1 0
122 193 -1 0
121 193 -1 0
120 193 -1 0
119 193 -1 0
309 192 -1 0
308 192 -1 0
307 192 -1 0
306 192 -1 0
305 192 -1 0
304 192 -1 0
303 192 -1 0
302 192 -1 0
301 192 -1 0
239 192 -1 1
238 192 -1 1
237 192 -1 1
236 192 -1 1
235 192 -1 1
234 192 -1 1
233 192 -1 1
232 192 -1 1
231 192 -1 1
127 192 -1 0
126 192 -1 0
125 192 -1 0
124 192 -1 0
123 192 -1 0
122 192 -1 0
121 192 -1 0
120 192 -1 0
119 192 -1 0
118 192 -1 0
117 192 -1 0
309 191 -1 0
308 191 -1 0
307 191 -1 0
306 191 -1 0
305 191 -1 0
304 191 -1 0
303 191 -1 0
302 191 -1 0
301 191 -1 0
239 191 -1 1
238 191 -1 1
237 191 -1 1
236 191 -1 1
235 191 -1 1
234 191 -1 1
233 191 -1 1
232 191 -1 1
231 191 -1 1
230 191 -1 1
127 191 -1 0
126 191 -1 0
125 191 -1 0
124 191 -1 0
123 191 -1 0
122 191 -1 0
121 191 -1 0
120 191 -1 0
119 191 -1 0
118 191 -1 0
117 191 -1 0
116 191 -1 0
310 190 -1 0
309 190 -1 0
308 190 -1 0
307 190 -1 0
306 190 -1 0
305 190 -1 0
304 190 -1 0
303 190 -1 0
302 190 -1 0
301 190 -1 0
300 190 -1 0
239 190 -1 1
238 190 -1 1
237 190 -1 1
236 190 -1 1
235 190 -1 1
234 190 -1 1
233 190 -1 1
232 190 -1 1
231 190 -1 1
230 190 -1 1
229 190 -1 1
126 190 -1 0
125 190 -1 0
124 190 -1 0
123 190 -1 0
122 190 -1 0
121 190 -1 0
120 190 -1 0
119 190 -1 0
118 190 -1 0
117 190 -1 0
116 190 -1 0
309 189 -1 0
308 189 -1 0
307 189 -1 0
306 189 -1 0
305 189 -1 0
304 189 -1 0
303 189 -1 0
302 189 -1 0
301 189 -1 0
240 189 -1 1
239 189 -1 1
238 189 -1 1
237 189 -1 1
236 189 -1 1
235 189 -1 1
234 189 -1 1
233 189 -1 1
232 189 -1 1
231 189 -1 1
230 189 -1 1
229 189 -1 1
124 189 -1 0
123 189 -1 0
122 189 -1 0
121 189 -1 0
120 189 -1 0
119 189 -1 0
118 189 -1 0
117 189 -1 0
116 189 -1 0
309 188 -1 0
308 188 -1 0
307 188 -1 0
306 188 -1 0
305 188 -1 0
304 188 -1 0
303 188 -1 0
302 188 -1 0
301 188 -1 0
240 188 -1 1
239 188 -1 1
238 188 -1 1
237 188 -1 1
236 188 -1 1
235 188 -1 1
234 188 -1 1
233 188 -1 1
232 188 -1 1
231 188 -1 1
230 188 -1 1
229 188 -1 1
125 188 -1 0
124 188 -1 0
123 188 -1 0
122 188 -1 0
121 188 -1 0
120 188 -1 0
119 188 -1 0
118 188 -1 0
117 188 -1 0
116 188 -1 0
115 188 -1 0
310 187 -1 0
309 187 -1 0
308 187 -1 0
307 187 -1 0
306 187 -1 0
305 187 -1 0
304 187 -1 0
303 187 -1 0
302 187 -1 0
301 187 -1 0
300 187 -1 0
239 187 -1 1
238 187 -1 1
237 187 -1 1
236 187 -1 1
235 187 -1 1
234 187 -1 1
233 187 -1 1
232 187 -1 1
231 187 -1 1
230 187 -1 1
229 187 -1 1
228 187 -1 1
124 187 -1 0
123 187 -1 0
122 187 -1 0
121 187 -1 0
120 187 -1 0
119 187 -1 0
118 187 -1 0
117 187 -1 0
116 187 -1 0
309 186 -1 0
308 186 -1 0
307 186 -1 0
306 186 -1 0
305 186 -1 0
304 186 -1 0
303 186 -1 0
302 186 -1 0
301 186 -1 0
239 186 -1 1
238 186 -1 1
237 186 -1 1
236 186 -1 1
235 186 -1 1
234 186 -1 1
233 186 -1 1
232 186 -1 1
231 186 -1 1
230 186 -1 1
229 186 -1 1
228 186 -1 1
124 186 -1 0
123 186 -1 0
122 186 -1 0
121 186 -1 0
120 186 -1 0
119 186 -1 0
118 186 -1 0
117 186 -1 0
116 186 -1 0
309 185 -1 0
308 185 -1 0
307 185 -1 0
306 185 -1 0
305 185 -1 0
304 185 -1 0
303 185 -1 0
302 185 -1 0
301 185 -1 0
239 185 -1 1
238 185 -1 1
237 185 -1 1
236 185 -1 1
235 185 -1 1
234 185 -1 1
233 185 -1 1
232 185 -1 1
231 185 -1 1
230 185 -1 1
229 185 -1 1
124 185 -1 0
123 185 -1 0
122 185 -1 0
121 185 -1 0
120 185 -1 0
119 185 -1 0
118 185 -1 0
117 185 -1 0
116 185 -1 0
309 184 -1 0
308 184 -1 0
307 184 -1 0
306 184 -1 0
305 184 -1 0
304 184 -1 0
303 184 -1 0
302 184 -1 0
301 184 -1 0
238 184 -1 1
237 184 -1 1
236 184 -1 1
235 184 -1 1
234 184 -1 1
233 184 -1 1
232 184 -1 1
231 184 -1 1
230 184 -1 1
229 184 -1 1
228 184 -1 1
124 184 -1 0
123 184 -1 0
122 184 -1 0
121 184 -1 0
120 184 -1 0
119 184 -1 0
118 184 -1 0
117 184 -1 0
116 184 -1 0
310 183 -1 0
309 183 -1 0
308 183 -1 0
307 183 -1 0
306 183 -1 0
305 183 -1 0
304 183 -1 0
303 183 -1 0
302 183 -1 0
301 183 -1 0
300 183 -1 0
238 183 -1 1
237 183 -1 1
236 183 -1 1
235 183 -1 1
234 183 -1 1
233 183 -1 1
232 183 -1 1
231 183 -1 1
230 183 -1 1
229 183 -1 1
228 183 -1 1
125 183 -1 0
124 183 -1 0
123 183 -1 0
122 183 -1 0
121 183 -1 0
120 183 -1 0
119 183 -1 0
118 183 -1 0
117 183 -1 0
116 183 -1 0
115 183 -1 0
309 182 -1 0
308 182 -1 0
307 182 -1 0
306 182 -1 0
305 182 -1 0
304 182 -1 0
303 182 -1 0
302 182 -1 0
301 182 -1 0
237 182 -1 1
236 182 -1 1
235 182 -1 1
234 182 -1 1
233 182 -1 1
232 182 -1 1
231 182 -1 1
230 182 -1 1
229 182 -1 1
124 182 -1 0
123 182 -1 0
122 182 -1 0
121 182 -1 0
120 182 -1 0
119 182 -1 0
118 182 -1 0
117 182 -1 0
116 182 -1 0
310 181 -1 0
309 181 -1 0
308 181 -1 0
307 181 -1 0
306 181 -1 0
305 181 -1 0
304 181 -1 0
303 181 -1 0
302 181 -1 0
301 181 -1 0
300 181 -1 0
237 181 -1 1
236 181 -1 1
235 181 -1 1
234 181 -1 1
233 181 -1 1
232 181 -1 1
231 181 -1 1
230 181 -1 1
229 181 -1 1
124 181 -1 0
123 181 -1 0
122 181 -1 0
121 181 -1 0
120 181 -1 0
119 181 -1 0
118 181 -1 0
117 181 -1 0
116 181 -1 0
310 180 -1 0
309 180 -1 0
308 180 -1 0
307 180 -1 0
306 180 -1 0
305 180 -1 0
304 180 -1 0
303 180 -1 0
302 180 -1 0
301 180 -1 0
300 180 -1 0
238 180 -1 1
237 180 -1 1
236 180 -1 1
235 180 -1 1
234 180 -1 1
233 180 -1 1
232 180 -1 1
231 180 -1 1
230 180 -1 1
229 180 -1 1
228 180 -1 1
124 180 -1 0
123 180 -1 0
122 180 -1 0
121 180 -1 0
120 180 -1 0
119 180 -1 0
118 180 -1 0
117 180 -1 0
116 180 -1 0
310 179 -1 0
309 179 -1 0
308 179 -1 0
307 179 -1 0
306 179 -1 0
305 179 -1 0
304 179 -1 0
303 179 -1 0
302 179 -1 0
301 179 -1 0
300 179 -1 0
238 179 -1 1
237 179 -1 1
236 179 -1 1
235 179 -1 1
234 179 -1 1
233 179 -1 1
232 179 -1 1
231 179 -1 1
230 179 -1 1
229 179 -1 1
228 179 -1 1
125 179 -1 0
124 179 -1 0
123 179 -1 0
122 179 -1 0
121 179 -1 0
120 179 -1 0
119 179 -1 0
118 179 -1 0
117 179 -1 0
116 179 -1 0
115 179 -1 0
310 178 -1 0
309 178 -1 0
308 178 -1 0
307 178 -1 0
306 178 -1 0
305 178 -1 0
304 178 -1 0
303 178 -1 0
302 178 -1 0
301 178 -1 0
300 178 -1 0
238 178 -1 1
237 178 -1 1
236 178 -1 1
235 178 -1 1
234 178 -1 1
233 178 -1 1
232 178 -1 1
231 178 -1 1
230 178 -1 1
229 178 -1 1
228 178 -1 1
124 178 -1 0
123 178 -1 0
122 178 -1 0
121 178 -1 0
120 178 -1 0
119 178 -1 0
118 178 -1 0
117 178 -1 0
116 178 -1 0
309 177 -1 0
308 177 -1 0
307 177 -1 0
306 177 -1 0
305 177 -1 0
304 177 -1 0
303 177 -1 0
302 177 -1 0
301 177 -1 0
237 177 -1 1
236 177 -1 1
235 177 -1 1
234 177 -1 1
233 177 -1 1
232 177 -1 1
231 177 -1 1
230 177 -1 1
229 177 -1 1
124 177 -1 0
123 177 -1 0
122 177 -1 0
121 177 -1 0
120 177 -1 0
119 177 -1 0
118 177 -1 0
117 177 -1 0
116 177 -1 0
310 176 -1 0
309 176 -1 0
308 176 -1 0
307 176 -1 0
306 176 -1 0
305 176 -1 0
304 176 -1 0
303 176 -1 0
302 176 -1 0
301 176 -1 0
300 176 -1 0
238 176 -1 1
237 176 -1 1
236 176 -1 1
235 176 -1 1
234 176 -1 1
233 176 -1 1
232 176 -1 1
231 176 -1 1
230 176 -1 1
229 176 -1 1
228 176 -1 1
125 176 -1 0
124 176 -1 0
123 176 -1 0
122 176 -1 0
121 176 -1 0
120 176 -1 0
119 176 -1 0
118 176 -1 0
117 176 -1 0
116 176 -1 0
115 176 -1 0
309 175 -1 0
308 175 -1 0
307 175 -1 0
306 175 -1 0
305 175 -1 0
304 175 -1 0
303 175 -1 0
302 175 -1 0
301 175 -1 0
238 175 -1 1
237 175 -1 1
236 175 -1 1
235 175 -1 1
234 175 -1 1
233 175 -1 1
232 175 -1 1
231 175 -1 1
230 175 -1 1
229 175 -1 1
228 175 -1 1
124 175 -1 0
123 175 -1 0
122 175 -1 0
121 175 -1 0
120 175 -1 0
119 175 -1 0
118 175 -1 0
117 175 -1 0
116 175 -1 0
310 174 -1 0
309 174 -1 0
308 174 -1 0
307 174 -1 0
306 174 -1 0
305 174 -1 0
304 174 -1 0
303 174 -1 0
302 174 -1 0
301 174 -1 0
300 174 -1 0
238 174 -1 1
237 174 -1 1
236 174 -1 1
235 174 -1 1
234 174 -1 1
233 174 -1 1
232 174 -1 1
231 174 -1 1
230 174 -1 1
229 174 -1 1
228 174 -1 1
124 174 -1 0
123 174 -1 0
122 174 -1 0
121 174 -1 0
120 174 -1 0
119 174 -1 0
118 174 -1 0
117 174 -1 0
116 174 -1 0
309 173 -1 0
308 173 -1 0
307 173 -1 0
306 173 -1 0
305 173 -1 0
304 173 -1 0
303 173 -1 0
302 173 -1 0
301 173 -1 0
238 173 -1 1
237 173 -1 1
236 173 -1 1
235 173 -1 1
234 173 -1 1
233 173 -1 1
232 173 -1 1
231 173 -1 1
230 173 -1 1
229 173 -1 1
228 173 -1 1
124 173 -1 0
123 173 -1 0
122 173 -1 0
121 173 -1 0
120 173 -1 0
119 173 -1 0
118 173 -1 0
117 173 -1 0
116 173 -1 0
309 172 -1 0
308 172 -1 0
307 172 -1 0
306 172 -1 0
305 172 -1 0
304 172 -1 0
303 172 -1 0
302 172 -1 0
301 172 -1 0
238 172 -1 1
237 172 -1 1
236 172 -1 1
235 172 -1 1
234 172 -1 1
233 172 -1 1
232 172 -1 1
231 172 -1 1
230 172 -1 1
229 172 -1 1
228 172 -1 1
123 172 -1 0
122 172 -1 0
121 172 -1 0
120 172 -1 0
119 172 -1 0
118 172 -1 0
117 172 -1 0
309 171 -1 0
308 171 -1 0
307 171 -1 0
306 171 -1 0
305 171 -1 0
304 171 -1 0
303 171 -1 0
302 171 -1 0
301 171 -1 0
238 171 -1 1
237 171 -1 1
236 171 -1 1
235 171 -1 1
234 171 -1 1
233 171 -1 1
232 171 -1 1
231 171 -1 1
230 171 -1 1
229 171 -1 1
228 171 -1 1
124 171 -1 0
123 171 -1 0
122 171 -1 0
121 171 -1 0
120 171 -1 0
119 171 -1 0
118 171 -1 0
117 171 -1 0
116 171 -1 0
308 170 -1 0
307 170 -1 0
306 170 -1 0
305 170 -1 0
304 170 -1 0
303 170 -1 0
302 170 -1 0
301 170 -1 0
237 170 -1 1
236 170 -1 1
235 170 -1 1
234 170 -1 1
233 170 -1 1
232 170 -1 1
231 170 -1 1
230 170 -1 1
229 170 -1 1
124 170 -1 0
123 170 -1 0
122 170 -1 0
121 170 -1 0
120 170 -1 0
119 170 -1 0
118 170 -1 0
117 170 -1 0
116 170 -1 0
308 169 -1 0
307 169 -1 0
306 169 -1 0
305 169 -1 0
304 169 -1 0
303 169 -1 0
302 169 -1 0
301 169 -1 0
300 169 -1 0
237 169 -1 1
236 169 -1 1
235 169 -1 1
234 169 -1 1
233 169 -1 1
232 169 -1 1
231 169 -1 1
230 169 -1 1
229 169 -1 1
124 169 -1 0
123 169 -1 0
122 169 -1 0
121 169 -1 0
120 169 -1 0
119 169 -1 0
118 169 -1 0
117 169 -1 0
116 169 -1 0
308 168 -1 0
307 168 -1 0
306 168 -1 0
305 168 -1 0
304 168 -1 0
303 168 -1 0
302 168 -1 0
301 168 -1 0
300 168 -1 0
238 168 -1 1
237 168 -1 1
236 168 -1 1
235 168 -1 1
234 168 -1 1
233 168 -1 1
232 168 -1 1
231 168 -1 1
230 168 -1 1
229 168 -1 1
228 168 -1 1
125 168 -1 0
124 168 -1 0
123 168 -1 0
122 168 -1 0
121 168 -1 0
120 168 -1 0
119 168 -1 0
118 168 -1 0
117 168 -1 0
116 168 -1 0
115 168 -1 0
308 167 -1 0
307 167 -1 0
306 167 -1 0
305 167 -1 0
304 167 -1 0
303 167 -1 0
302 167 -1 0
301 167 -1 0
300 167 -1 0
238 167 -1 1
237 167 -1 1
236 167 -1 1
235 167 -1 1
234 167 -1 1
233 167 -1 1
232 167 -1 1
231 167 -1 1
230 167 -1 1
229 167 -1 1
124 167 -1 0
123 167 -1 0
122 167 -1 0
121 167 -1 0
120 167 -1 0
119 167 -1 0
118 167 -1 0
117 167 -1 0
116 167 -1 0
309 166 -1 0
308 166 -1 0
307 166 -1 0
306 166 -1 0
305 166 -1 0
304 166 -1 0
303 166 -1 0
302 166 -1 0
301 166 -1 0
300 166 -1 0
299 166 -1 0
239 166 -1 1
238 166 -1 1
237 166 -1 1
236 166 -1 1
235 166 -1 1
234 166 -1 1
233 166 -1 1
232 166 -1 1
231 166 -1 1
230 166 -1 1
229 166 -1 1
124 166 -1 0
123 166 -1 0
122 166 -1 0
121 166 -1 0
120 166 -1 0
119 166 -1 0
118 166 -1 0
117 166 -1 0
116 166 -1 0
308 165 -1 0
307 165 -1 0
306 165 -1 0
305 165 -1 0
304 165 -1 0
303 165 -1 0
302 165 -1 0
301 165 -1 0
300 165 -1 0
239 165 -1 1
238 165 -1 1
237 165 -1 1
236 165 -1 1
235 165 -1 1
234 165 -1 1
233 165 -1 1
232 165 -1 1
231 165 -1 1
230 165 -1 1
229 165 -1 1
124 165 -1 0
123 165 -1 0
122 165 -1 0
121 165 -1 0
120 165 -1 0
119 165 -1 0
118 165 -1 0
117 165 -1 0
116 165 -1 0
309 164 -1 0
308 164 -1 0
307 164 -1 0
306 164 -1 0
305 164 -1 0
304 164 -1 0
303 164 -1 0
302 164 -1 0
301 164 -1 0
300 164 -1 0
299 164 -1 0
239 164 -1 1
238 164 -1 1
237 164 -1 1
236 164 -1 1
235 164 -1 1
234 164 -1 1
233 164 -1 1
232 164 -1 1
231 164 -1 1
230 164 -1 1
124 164 -1 0
123 164 -1 0
122 164 -1 0
121 164 -1 0
120 164 -1 0
119 164 -1 0
118 164 -1 0
117 164 -1 0
116 164 -1 0
308 163 -1 0
307 163 -1 0
306 163 -1 0
305 163 -1 0
304 163 -1 0
303 163 -1 0
302 163 -1 0
301 163 -1 0
300 163 -1 0
299 163 -1 0
298 163 -1 0
240 163 -1 1
239 163 -1 1
238 163 -1 1
237 163 -1 1
236 163 -1 1
235 163 -1 1
234 163 -1 1
233 163 -1 1
232 163 -1 1
231 163 -1 1
230 163 -1 1
125 163 -1 0
124 163 -1 0
123 163 -1 0
122 163 -1 0
121 163 -1 0
120 163 -1 0
119 163 -1 0
118 163 -1 0
117 163 -1 0
116 163 -1 0
115 163 -1 0
308 162 -1 0
307 162 -1 0
306 162 -1 0
305 162 -1 0
304 162 -1 0
303 162 -1 0
302 162 -1 0
301 162 -1 0
300 162 -1 0
299 162 -1 0
298 162 -1 0
239 162 -1 1
238 162 -1 1
237 162 -1 1
236 162 -1 1
235 162 -1 1
234 162 -1 1
233 162 -1 1
232 162 -1 1
231 162 -1 1
124 162 -1 0
123 162 -1 0
122 162 -1 0
121 162 -1 0
120 162 -1 0
119 162 -1 0
118 162 -1 0
117 162 -1 0
116 162 -1 0
308 161 -1 0
307 161 -1 0
306 161 -1 0
305 161 -1 0
304 161 -1 0
303 161 -1 0
302 161 -1 0
301 161 -1 0
300 161 -1 0
299 161 -1 0
298 161 -1 0
240 161 -1 1
239 161 -1 1
238 161 -1 1
237 161 -1 1
236 161 -1 1
235 161 -1 1
234 161 -1 1
233 161 -1 1
232 161 -1 1
231 161 -1 1
230 161 -1 1
124 161 -1 0
123 161 -1 0
122 161 -1 0
121 161 -1 0
120 161 -1 0
119 161 -1 0
118 161 -1 0
117 161 -1 0
116 161 -1 0
307 160 -1 0
306 160 -1 0
305 160 -1 0
304 160 -1 0
303 160 -1 0
302 160 -1 0
301 160 -1 0
300 160 -1 0
299 160 -1 0
298 160 -1 0
297 160 -1 0
240 160 -1 1
239 160 -1 1
238 160 -1 1
237 160 -1 1
236 160 -1 1
235 160 -1 1
234 160 -1 1
233 160 -1 1
232 160 -1 1
231 160 -1 1
124 160 -1 0
123 160 -1 0
122 160 -1 0
121 160 -1 0
120 160 -1 0
119 160 -1 0
118 160 -1 0
117 160 -1 0
116 160 -1 0
306 159 -1 0
305 159 -1 0
304 159 -1 0
303 159 -1 0
302 159 -1 0
301 159 -1 0
300 159 -1 0
299 159 -1 0
298 159 -1 0
240 159 -1 1
239 159 -1 1
238 159 -1 1
237 159 -1 1
236 159 -1 1
235 159 -1 1
234 159 -1 1
233 159 -1 1
232 159 -1 1
231 159 -1 1
230 159 -1 1
124 159 -1 0
123 159 -1 0
122 159 -1 0
121 159 -1 0
120 159 -1 0
119 159 -1 0
118 159 -1 0
117 159 -1 0
116 159 -1 0
306 158 -1 0
305 158 -1 0
304 158 -1 0
303 158 -1 0
302 158 -1 0
301 158 -1 0
300 158 -1 0
299 158 -1 0
298 158 -1 0
240 158 -1 1
239 158 -1 1
238 158 -1 1
237 158 -1 1
236 158 -1 1
235 158 -1 1
234 158 -1 1
233 158 -1 1
232 158 -1 1
231 158 -1 1
230 158 -1 1
125 158 -1 0
124 158 -1 0
123 158 -1 0
122 158 -1 0
121 158 -1 0
120 158 -1 0
119 158 -1 0
118 158 -1 0
117 158 -1 0
116 158 -1 0
115 158 -1 0
306 157 -1 0
305 157 -1 0
304 157 -1 0
303 157 -1 0
302 157 -1 0
301 157 -1 0
300 157 -1 0
299 157 -1 0
298 157 -1 0
241 157 -1 1
240 157 -1 1
239 157 -1 1
238 157 -1 1
237 157 -1 1
236 157 -1 1
235 157 -1 1
234 157 -1 1
233 157 -1 1
232 157 -1 1
231 157 -1 1
230 157 -1 1
124 157 -1 0
123 157 -1 0
122 157 -1 0
121 157 -1 0
120 157 -1 0
119 157 -1 0
118 157 -1 0
117 157 -1 0
116 157 -1 0
305 156 -1 0
304 156 -1 0
303 156 -1 0
302 156 -1 0
301 156 -1 0
300 156 -1 0
299 156 -1 0
298 156 -1 0
297 156 -1 0
240 156 -1 1
239 156 -1 1
238 156 -1 1
237 156 -1 1
236 156 -1 1
235 156 -1 1
234 156 -1 1
233 156 -1 1
232 156 -1 1
231 156 -1 1
124 156 -1 0
123 156 -1 0
122 156 -1 0
121 156 -1 0
120 156 -1 0
119 156 -1 0
118 156 -1 0
117 156 -1 0
116 156 -1 0
305 155 -1 0
304 155 -1 0
303 155 -1 0
302 155 -1 0
301 155 -1 0
300 155 -1 0
299 155 -1 0
298 155 -1 0
297 155 -1 0
240 155 -1 1
239 155 -1 1
238 155 -1 1
237 155 -1 1
236 155 -1 1
235 155 -1 1
234 155 -1 1
233 155 -1 1
232 155 -1 1
231 155 -1 1
124 155 -1 0
123 155 -1 0
122 155 -1 0
121 155 -1 0
120 155 -1 0
119 155 -1 0
118 155 -1 0
117 155 -1 0
116 155 -1 0
305 154 -1 0
304 154 -1 0
303 154 -1 0
302 154 -1 0
301 154 -1 0
300 154 -1 0
299 154 -1 0
298 154 -1 0
297 154 -1 0
240 154 -1 1
239 154 -1 1
238 154 -1 1
237 154 -1 1
236 154 -1 1
235 154 -1 1
234 154 -1 1
233 154 -1 1
232 154 -1 1
231 154 -1 1
124 154 -1 0
123 154 -1 0
122 154 -1 0
121 154 -1 0
120 154 -1 0
119 154 -1 0
118 154 -1 0
117 154 -1 0
116 154 -1 0
306 153 -1 0
305 153 -1 0
304 153 -1 0
303 153 -1 0
302 153 -1 0
301 153 -1 0
300 153 -1 0
299 153 -1 0
298 153 -1 0
297 153 -1 0
296 153 -1 0
239 153 -1 1
238 153 -1 1
237 153 -1 1
236 153 -1 1
235 153 -1 1
234 153 -1 1
233 153 -1 1
232 153 -1 1
125 153 -1 0
124 153 -1 0
123 153 -1 0
122 153 -1 0
121 153 -1 0
120 153 -1 0
119 153 -1 0
118 153 -1 0
117 153 -1 0
116 153 -1 0
115 153 -1 0
305 152 -1 0
304 152 -1 0
303 152 -1 0
302 152 -1 0
301 152 -1 0
300 152 -1 0
299 152 -1 0
298 152 -1 0
297 152 -1 0
236 152 -1 1
235 152 -1 1
124 152 -1 0
123 152 -1 0
122 152 -1 0
121 152 -1 0
120 152 -1 0
119 152 -1 0
118 152 -1 0
117 152 -1 0
116 152 -1 0
305 151 -1 0
304 151 -1 0
303 151 -1 0
302 151 -1 0
301 151 -1 0
300 151 -1 0
299 151 -1 0
298 151 -1 0
297 151 -1 0
124 151 -1 0
123 151 -1 0
122 151 -1 0
121 151 -1 0
120 151 -1 0
119 151 -1 0
118 151 -1 0
117 151 -1 0
116 151 -1 0
305 150 -1 0
304 150 -1 0
303 150 -1 0
302 150 -1 0
301 150 -1 0
300 150 -1 0
299 150 -1 0
298 150 -1 0
297 150 -1 0
124 150 -1 0
123 150 -1 0
122 150 -1 0
121 150 -1 0
120 150 -1 0
119 150 -1 0
118 150 -1 0
117 150 -1 0
116 150 -1 0
304 149 -1 0
303 149 -1 0
302 149 -1 0
301 149 -1 0
300 149 -1 0
299 149 -1 0
298 149 -1 0
124 149 -1 0
123 149 -1 0
122 149 -1 0
121 149 -1 0
120 149 -1 0
119 149 -1 0
118 149 -1 0
117 149 -1 0
116 149 -1 0
302 148 -1 0
301 148 -1 0
300 148 -1 0
299 148 -1 0
298 148 -1 0
297 148 -1 0
296 148 -1 0
124 148 -1 0
123 148 -1 0
122 148 -1 0
121 148 -1 0
120 148 -1 0
119 148 -1 0
118 148 -1 0
117 148 -1 0
116 148 -1 0
303 147 -1 0
302 147 -1 0
301 147 -1 0
300 147 -1 0
299 147 -1 0
298 147 -1 0
297 147 -1 0
296 147 -1 0
295 147 -1 0
125 147 -1 0
124 147 -1 0
123 147 -1 0
122 147 -1 0
121 147 -1 0
120 147 -1 0
119 147 -1 0
118 147 -1 0
117 147 -1 0
116 147 -1 0
115 147 -1 0
303 146 -1 0
302 146 -1 0
301 146 -1 0
300 146 -1 0
299 146 -1 0
298 146 -1 0
297 146 -1 0
296 146 -1 0
295 146 -1 0
125 146 -1 0
124 146 -1 0
123 146 -1 0
122 146 -1 0
121 146 -1 0
120 146 -1 0
119 146 -1 0
118 146 -1 0
117 146 -1 0
116 146 -1 0
303 145 -1 0
302 145 -1 0
301 145 -1 0
300 145 -1 0
299 145 -1 0
298 145 -1 0
297 145 -1 0
296 145 -1 0
295 145 -1 0
125 145 -1 0
124 145 -1 0
123 145 -1 0
122 145 -1 0
121 145 -1 0
120 145 -1 0
119 145 -1 0
118 145 -1 0
117 145 -1 0
116 145 -1 0
304 144 -1 0
303 144 -1 0
302 144 -1 0
301 144 -1 0
300 144 -1 0
299 144 -1 0
298 144 -1 0
297 144 -1 0
296 144 -1 0
295 144 -1 0
294 144 -1 0
126 144 -1 0
125 144 -1 0
124 144 -1 0
123 144 -1 0
122 144 -1 0
121 144 -1 0
120 144 -1 0
119 144 -1 0
118 144 -1 0
117 144 -1 0
116 144 -1 0
303 143 -1 0
302 143 -1 0
301 143 -1 0
300 143 -1 0
299 143 -1 0
298 143 -1 0
297 143 -1 0
296 143 -1 0
295 143 -1 0
125 143 -1 0
124 143 -1 0
123 143 -1 0
122 143 -1 0
121 143 -1 0
120 143 -1 0
119 143 -1 0
118 143 -1 0
117 143 -1 0
303 142 -1 0
302 142 -1 0
301 142 -1 0
300 142 -1 0
299 142 -1 0
298 142 -1 0
297 142 -1 0
296 142 -1 0
295 142 -1 0
294 142 -1 0
125 142 -1 0
124 142 -1 0
123 142 -1 0
122 142 -1 0
121 142 -1 0
120 142 -1 0
119 142 -1 0
118 142 -1 0
117 142 -1 0
303 141 -1 0
302 141 -1 0
301 141 -1 0
300 141 -1 0
299 141 -1 0
298 141 -1 0
297 141 -1 0
296 141 -1 0
295 141 -1 0
294 141 -1 0
125 141 -1 0
124 141 -1 0
123 141 -1 0
122 141 -1 0
121 141 -1 0
120 141 -1 0
119 141 -1 0
118 141 -1 0
117 141 -1 0
302 140 -1 0
301 140 -1 0
300 140 -1 0
299 140 -1 0
298 140 -1 0
297 140 -1 0
296 140 -1 0
295 140 -1 0
294 140 -1 0
126 140 -1 0
125 140 -1 0
124 140 -1 0
123 140 -1 0
122 140 -1 0
121 140 -1 0
120 140 -1 0
119 140 -1 0
118 140 -1 0
303 139 -1 0
302 139 -1 0
301 139 -1 0
300 139 -1 0
299 139 -1 0
298 139 -1 0
297 139 -1 0
296 139 -1 0
295 139 -1 0
294 139 -1 0
293 139 -1 0
129 139 -1 0
128 139 -1 0
127 139 -1 0
126 139 -1 0
125 139 -1 0
124 139 -1 0
123 139 -1 0
122 139 -1 0
121 139 -1 0
120 139 -1 0
119 139 -1 0
118 139 -1 0
302 138 -1 0
301 138 -1 0
300 138 -1 0
299 138 -1 0
298 138 -1 0
297 138 -1 0
296 138 -1 0
295 138 -1 0
294 138 -1 0
130 138 -1 0
129 138 -1 0
128 138 -1 0
127 138 -1 0
126 138 -1 0
125 138 -1 0
124 138 -1 0
123 138 -1 0
122 138 -1 0
121 138 -1 0
120 138 -1 0
119 138 -1 0
118 138 -1 0
302 137 -1 0
301 137 -1 0
300 137 -1 0
299 137 -1 0
298 137 -1 0
297 137 -1 0
296 137 -1 0
295 137 -1 0
294 137 -1 0
130 137 -1 0
129 137 -1 0
128 137 -1 0
127 137 -1 0
126 137 -1 0
125 137 -1 0
124 137 -1 0
123 137 -1 0
122 137 -1 0
121 137 -1 0
120 137 -1 0
119 137 -1 0
118 137 -1 0
302 136 -1 0
301 136 -1 0
300 136 -1 0
299 136 -1 0
298 136 -1 0
297 136 -1 0
296 136 -1 0
295 136 -1 0
294 136 -1 0
293 136 -1 0
130 136 -1 0
129 136 -1 0
128 136 -1 0
127 136 -1 0
126 136 -1 0
125 136 -1 0
124 136 -1 0
123 136 -1 0
122 136 -1 0
121 136 -1 0
120 136 -1 0
119 136 -1 0
118 136 -1 0
117 136 -1 0
301 135 -1 0
300 135 -1 0
299 135 -1 0
298 135 -1 0
297 135 -1 0
296 135 -1 0
295 135 -1 0
294 135 -1 0
293 135 -1 0
292 135 -1 0
131 135 -1 0
130 135 -1 0
129 135 -1 0
128 135 -1 0
127 135 -1 0
126 135 -1 0
125 135 -1 0
124 135 -1 0
123 135 -1 0
122 135 -1 0
121 135 -1 0
120 135 -1 0
119 135 -1 0
118 135 -1 0
300 134 -1 0
299 134 -1 0
298 134 -1 0
297 134 -1 0
296 134 -1 0
295 134 -1 0
294 134 -1 0
293 134 -1 0
292 134 -1 0
131 134 -1 0
130 134 -1 0
129 134 -1 0
128 134 -1 0
127 134 -1 0
126 134 -1 0
125 134 -1 0
124 134 -1 0
123 134 -1 0
122 134 -1 0
121 134 -1 0
120 134 -1 0
119 134 -1 0
118 134 -1 0
300 133 -1 0
299 133 -1 0
298 133 -1 0
297 133 -1 0
296 133 -1 0
295 133 -1 0
294 133 -1 0
293 133 -1 0
292 133 -1 0
130 133 -1 0
129 133 -1 0
128 133 -1 0
127 133 -1 0
126 133 -1 0
125 133 -1 0
124 133 -1 0
123 133 -1 0
122 133 -1 0
121 133 -1 0
120 133 -1 0
119 133 -1 0
118 133 -1 0
301 132 -1 0
300 132 -1 0
299 132 -1 0
298 132 -1 0
297 132 -1 0
296 132 -1 0
295 132 -1 0
294 132 -1 0
293 132 -1 0
292 132 -1 0
291 132 -1 0
130 132 -1 0
129 132 -1 0
128 132 -1 0
127 132 -1 0
126 132 -1 0
125 132 -1 0
124 132 -1 0
123 132 -1 0
122 132 -1 0
121 132 -1 0
120 132 -1 0
119 132 -1 0
300 131 -1 0
299 131 -1 0
298 131 -1 0
297 131 -1 0
296 131 -1 0
295 131 -1 0
294 131 -1 0
293 131 -1 0
292 131 -1 0
130 131 -1 0
129 131 -1 0
128 131 -1 0
127 131 -1 0
126 131 -1 0
125 131 -1 0
124 131 -1 0
123 131 -1 0
122 131 -1 0
121 131 -1 0
120 131 -1 0
300 130 -1 0
299 130 -1 0
298 130 -1 0
297 130 -1 0
296 130 -1 0
295 130 -1 0
294 130 -1 0
293 130 -1 0
292 130 -1 0
291 130 -1 0
129 130 -1 0
128 130 -1 0
127 130 -1 0
126 130 -1 0
125 130 -1 0
124 130 -1 0
123 130 -1 0
122 130 -1 0
121 130 -1 0
300 129 -1 0
299 129 -1 0
298 129 -1 0
297 129 -1 0
296 129 -1 0
295 129 -1 0
294 129 -1 0
293 129 -1 0
292 129 -1 0
291 129 -1 0
290 129 -1 0
126 129 -1 0
124 129 -1 0
299 128 -1 0
298 128 -1 0
297 128 -1 0
296 128 -1 0
295 128 -1 0
294 128 -1 0
293 128 -1 0
292 128 -1 0
291 128 -1 0
290 128 -1 0
298 127 -1 0
297 127 -1 0
296 127 -1 0
295 127 -1 0
294 127 -1 0
293 127 -1 0
292 127 -1 0
291 127 -1 0
290 127 -1 0
299 126 -1 0
298 126 -1 0
297 126 -1 0
296 126 -1 0
295 126 -1 0
294 126 -1 0
293 126 -1 0
292 126 -1 0
291 126 -1 0
290 126 -1 0
289 126 -1 0
298 125 -1 0
297 125 -1 0
296 125 -1 0
295 125 -1 0
294 125 -1 0
293 125 -1 0
292 125 -1 0
291 125 -1 0
290 125 -1 0
298 124 -1 0
297 124 -1 0
296 124 -1 0
295 124 -1 0
294 124 -1 0
293 124 -1 0
292 124 -1 0
291 124 -1 0
290 124 -1 0
289 124 -1 0
298 123 -1 0
297 123 -1 0
296 123 -1 0
295 123 -1 0
294 123 -1 0
293 123 -1 0
292 123 -1 0
291 123 -1 0
290 123 -1 0
289 123 -1 0
297 122 -1 0
296 122 -1 0
295 122 -1 0
294 122 -1 0
293 122 -1 0
292 122 -1 0
291 122 -1 0
290 122 -1 0
289 122 -1 0
288 122 -1 0
298 121 -1 0
297 121 -1 0
296 121 -1 0
295 121 -1 0
294 121 -1 0
293 121 -1 0
292 121 -1 0
291 121 -1 0
290 121 -1 0
289 121 -1 0
288 121 -1 0
287 121 -1 0
297 120 -1 0
296 120 -1 0
295 120 -1 0
294 120 -1 0
293 120 -1 0
292 120 -1 0
291 120 -1 0
290 120 -1 0
289 120 -1 0
288 120 -1 0
287 120 -1 0
286 120 -1 0
297 119 -1 0
296 119 -1 0
295 119 -1 0
294 119 -1 0
293 119 -1 0
292 119 -1 0
291 119 -1 0
290 119 -1 0
289 119 -1 0
288 119 -1 0
287 119 -1 0
286 119 -1 0
285 119 -1 0
297 118 -1 0
296 118 -1 0
295 118 -1 0
294 118 -1 0
293 118 -1 0
292 118 -1 0
291 118 -1 0
290 118 -1 0
289 118 -1 0
288 118 -1 0
287 118 -1 0
286 118 -1 0
285 118 -1 0
296 117 -1 0
295 117 -1 0
294 117 -1 0
293 117 -1 0
292 117 -1 0
291 117 -1 0
290 117 -1 0
289 117 -1 0
288 117 -1 0
287 117 -1 0
286 117 -1 0
285 117 -1 0
295 116 -1 0
294 116 -1 0
293 116 -1 0
292 116 -1 0
291 116 -1 0
290 116 -1 0
289 116 -1 0
288 116 -1 0
287 116 -1 0
286 116 -1 0
285 116 -1 0
284 116 -1 0
295 115 -1 0
294 115 -1 0
293 115 -1 0
292 115 -1 0
291 115 -1 0
290 115 -1 0
289 115 -1 0
288 115 -1 0
287 115 -1 0
286 115 -1 0
285 115 -1 0
294 114 -1 0
293 114 -1 0
292 114 -1 0
291 114 -1 0
290 114 -1 0
289 114 -1 0
288 114 -1 0
287 114 -1 0
286 114 -1 0
285 114 -1 0
294 113 -1 0
293 113 -1 0
292 113 -1 0
291 113 -1 0
290 113 -1 0
289 113 -1 0
288 113 -1 0
287 113 -1 0
286 113 -1 0
285 113 -1 0
293 112 -1 0
292 112 -1 0
291 112 -1 0
290 112 -1 0
289 112 -1 0
288 112 -1 0
287 112 -1 0
286 112 -1 0
290 111 -1 0
289 111 -1 0
