2511 408 341
221 237 -1 0
216 237 -1 0
224 236 -1 0
223 236 -1 0
222 236 -1 0
221 236 -1 0
220 236 -1 0
219 236 -1 0
218 236 -1 0
217 236 -1 0
216 236 -1 0
215 236 -1 0
214 236 -1 0
213 236 -1 0
225 235 -1 0
224 235 -1 0
223 235 -1 0
222 235 -1 0
221 235 -1 0
220 235 -1 0
219 235 -1 0
218 235 -1 0
217 235 -1 0
216 235 -1 0
215 235 -1 0
214 235 -1 0
213 235 -1 0
212 235 -1 0
211 235 -1 0
225 234 -1 0
224 234 -1 0
223 234 -1 0
222 234 -1 0
221 234 -1 0
220 234 -1 0
219 234 -1 0
218 234 -1 0
217 234 -1 0
216 234 -1 0
215 234 -1 0
214 234 -1 0
213 234 -1 0
212 234 -1 0
211 234 -1 0
210 234 -1 0
209 234 -1 0
225 233 -1 0
224 233 -1 0
223 233 -1 0
222 233 -1 0
221 233 -1 0
220 233 -1 0
219 233 -1 0
218 233 -1 0
217 233 -1 0
216 233 -1 0
215 233 -1 0
214 233 -1 0
213 233 -1 0
212 233 -1 0
211 233 -1 0
210 233 -1 0
209 233 -1 0
208 233 -1 0
206 233 -1 0
226 232 -1 0
225 232 -1 0
224 232 -1 0
223 232 -1 0
222 232 -1 0
221 232 -1 0
220 232 -1 0
219 232 -1 0
218 232 -1 0
217 232 -1 0
216 232 -1 0
215 232 -1 0
214 232 -1 0
213 232 -1 0
212 232 -1 0
211 232 -1 0
210 232 -1 0
209 232 -1 0
208 232 -1 0
207 232 -1 0
206 232 -1 0
205 232 -1 0
204 232 -1 0
203 232 -1 0
225 231 -1 0
224 231 -1 0
223 231 -1 0
222 231 -1 0
221 231 -1 0
220 231 -1 0
219 231 -1 0
218 231 -1 0
217 231 -1 0
216 231 -1 0
215 231 -1 0
214 231 -1 0
213 231 -1 0
212 231 -1 0
211 231 -1 0
210 231 -1 0
209 231 -1 0
208 231 -1 0
207 231 -1 0
206 231 -1 0
205 231 -1 0
204 231 -1 0
203 231 -1 0
202 231 -1 0
225 230 -1 0
224 230 -1 0
223 230 -1 0
222 230 -1 0
221 230 -1 0
220 230 -1 0
219 230 -1 0
218 230 -1 0
217 230 -1 0
216 230 -1 0
215 230 -1 0
214 230 -1 0
213 230 -1 0
212 230 -1 0
211 230 -1 0
210 230 -1 0
209 230 -1 0
208 230 -1 0
207 230 -1 0
206 230 -1 0
205 230 -1 0
204 230 -1 0
203 230 -1 0
202 230 -1 0
201 230 -1 0
200 230 -1 0
199 230 -1 0
225 229 -1 0
224 229 -1 0
223 229 -1 0
222 229 -1 0
221 229 -1 0
220 229 -1 0
219 229 -1 0
218 229 -1 0
217 229 -1 0
216 229 -1 0
215 229 -1 0
214 229 -1 0
213 229 -1 0
212 229 -1 0
211 229 -1 0
210 229 -1 0
209 229 -1 0
208 229 -1 0
207 229 -1 0
206 229 -1 0
205 229 -1 0
204 229 -1 0
203 229 -1 0
202 229 -1 0
201 229 -1 0
200 229 -1 0
199 229 -1 0
198 229 -1 0
197 229 -1 0
196 229 -1 0
224 228 -1 0
223 228 -1 0
222 228 -1 0
221 228 -1 0
220 228 -1 0
219 228 -1 0
218 228 -1 0
217 228 -1 0
216 228 -1 0
215 228 -1 0
214 228 -1 0
213 228 -1 0
212 228 -1 0
211 228 -1 0
210 228 -1 0
209 228 -1 0
208 228 -1 0
207 228 -1 0
206 228 -1 0
205 228 -1 0
204 228 -1 0
203 228 -1 0
202 228 -1 0
201 228 -1 0
200 228 -1 0
199 228 -1 0
198 228 -1 0
197 228 -1 0
196 228 -1 0
195 228 -1 0
221 227 -1 0
217 227 -1 0
216 227 -1 0
215 227 -1 0
214 227 -1 0
213 227 -1 0
212 227 -1 0
211 227 -1 0
210 227 -1 0
209 227 -1 0
208 227 -1 0
207 227 -1 0
206 227 -1 0
205 227 -1 0
204 227 -1 0
203 227 -1 0
202 227 -1 0
201 227 -1 0
200 227 -1 0
199 227 -1 0
198 227 -1 0
197 227 -1 0
196 227 -1 0
195 227 -1 0
194 227 -1 0
216 226 -1 0
215 226 -1 0
214 226 -1 0
213 226 -1 0
212 226 -1 0
211 226 -1 0
210 226 -1 0
209 226 -1 0
208 226 -1 0
207 226 -1 0
206 226 -1 0
205 226 -1 0
204 226 -1 0
203 226 -1 0
202 226 -1 0
201 226 -1 0
200 226 -1 0
199 226 -1 0
198 226 -1 0
197 226 -1 0
196 226 -1 0
195 226 -1 0
194 226 -1 0
193 226 -1 0
215 225 -1 0
214 225 -1 0
213 225 -1 0
212 225 -1 0
211 225 -1 0
210 225 -1 0
209 225 -1 0
208 225 -1 0
207 225 -1 0
206 225 -1 0
205 225 -1 0
204 225 -1 0
203 225 -1 0
202 225 -1 0
201 225 -1 0
200 225 -1 0
199 225 -1 0
198 225 -1 0
197 225 -1 0
196 225 -1 0
195 225 -1 0
194 225 -1 0
193 225 -1 0
192 225 -1 0
191 225 -1 0
190 225 -1 0
213 224 -1 0
212 224 -1 0
211 224 -1 0
210 224 -1 0
209 224 -1 0
208 224 -1 0
207 224 -1 0
206 224 -1 0
205 224 -1 0
204 224 -1 0
203 224 -1 0
202 224 -1 0
201 224 -1 0
200 224 -1 0
199 224 -1 0
198 224 -1 0
197 224 -1 0
196 224 -1 0
195 224 -1 0
194 224 -1 0
193 224 -1 0
192 224 -1 0
191 224 -1 0
190 224 -1 0
189 224 -1 0
210 223 -1 0
209 223 -1 0
208 223 -1 0
207 223 -1 0
206 223 -1 0
205 223 -1 0
204 223 -1 0
203 223 -1 0
202 223 -1 0
201 223 -1 0
200 223 -1 0
199 223 -1 0
198 223 -1 0
197 223 -1 0
196 223 -1 0
195 223 -1 0
194 223 -1 0
193 223 -1 0
192 223 -1 0
191 223 -1 0
190 223 -1 0
189 223 -1 0
188 223 -1 0
207 222 -1 0
206 222 -1 0
205 222 -1 0
204 222 -1 0
203 222 -1 0
202 222 -1 0
201 222 -1 0
200 222 -1 0
199 222 -1 0
198 222 -1 0
197 222 -1 0
196 222 -1 0
195 222 -1 0
194 222 -1 0
193 222 -1 0
192 222 -1 0
191 222 -1 0
190 222 -1 0
189 222 -1 0
188 222 -1 0
187 222 -1 0
186 222 -1 0
204 221 -1 0
203 221 -1 0
202 221 -1 0
201 221 -1 0
200 221 -1 0
199 221 -1 0
198 221 -1 0
197 221 -1 0
196 221 -1 0
195 221 -1 0
194 221 -1 0
193 221 -1 0
192 221 -1 0
191 221 -1 0
190 221 -1 0
189 221 -1 0
188 221 -1 0
187 221 -1 0
186 221 -1 0
185 221 -1 0
184 221 -1 0
183 221 -1 0
201 220 -1 0
200 220 -1 0
199 220 -1 0
198 220 -1 0
197 220 -1 0
196 220 -1 0
195 220 -1 0
194 220 -1 0
193 220 -1 0
192 220 -1 0
191 220 -1 0
190 220 -1 0
189 220 -1 0
188 220 -1 0
187 220 -1 0
186 220 -1 0
185 220 -1 0
184 220 -1 0
183 220 -1 0
182 220 -1 0
181 220 -1 0
180 220 -1 0
200 219 -1 0
199 219 -1 0
198 219 -1 0
197 219 -1 0
196 219 -1 0
195 219 -1 0
194 219 -1 0
193 219 -1 0
192 219 -1 0
191 219 -1 0
190 219 -1 0
189 219 -1 0
188 219 -1 0
187 219 -1 0
186 219 -1 0
185 219 -1 0
184 219 -1 0
183 219 -1 0
182 219 -1 0
181 219 -1 0
180 219 -1 0
179 219 -1 0
199 218 -1 0
198 218 -1 0
197 218 -1 0
196 218 -1 0
195 218 -1 0
194 218 -1 0
193 218 -1 0
192 218 -1 0
191 218 -1 0
190 218 -1 0
189 218 -1 0
188 218 -1 0
187 218 -1 0
186 218 -1 0
185 218 -1 0
184 218 -1 0
183 218 -1 0
182 218 -1 0
181 218 -1 0
180 218 -1 0
179 218 -1 0
178 218 -1 0
197 217 -1 0
196 217 -1 0
195 217 -1 0
194 217 -1 0
193 217 -1 0
192 217 -1 0
191 217 -1 0
190 217 -1 0
189 217 -1 0
188 217 -1 0
187 217 -1 0
186 217 -1 0
185 217 -1 0
184 217 -1 0
183 217 -1 0
182 217 -1 0
181 217 -1 0
180 217 -1 0
179 217 -1 0
178 217 -1 0
177 217 -1 0
195 216 -1 0
194 216 -1 0
193 216 -1 0
192 216 -1 0
191 216 -1 0
190 216 -1 0
189 216 -1 0
188 216 -1 0
187 216 -1 0
186 216 -1 0
185 216 -1 0
184 216 -1 0
183 216 -1 0
182 216 -1 0
181 216 -1 0
180 216 -1 0
179 216 -1 0
178 216 -1 0
177 216 -1 0
195 215 -1 0
194 215 -1 0
193 215 -1 0
192 215 -1 0
191 215 -1 0
190 215 -1 0
189 215 -1 0
188 215 -1 0
187 215 -1 0
186 215 -1 0
185 215 -1 0
184 215 -1 0
183 215 -1 0
182 215 -1 0
181 215 -1 0
180 215 -1 0
179 215 -1 0
178 215 -1 0
177 215 -1 0
176 215 -1 0
194 214 -1 0
193 214 -1 0
192 214 -1 0
191 214 -1 0
190 214 -1 0
189 214 -1 0
188 214 -1 0
187 214 -1 0
186 214 -1 0
185 214 -1 0
184 214 -1 0
183 214 -1 0
182 214 -1 0
181 214 -1 0
180 214 -1 0
179 214 -1 0
178 214 -1 0
177 214 -1 0
176 214 -1 0
175 214 -1 0
192 213 -1 0
191 213 -1 0
190 213 -1 0
189 213 -1 0
188 213 -1 0
187 213 -1 0
186 213 -1 0
185 213 -1 0
184 213 -1 0
183 213 -1 0
182 213 -1 0
181 213 -1 0
180 213 -1 0
179 213 -1 0
178 213 -1 0
177 213 -1 0
176 213 -1 0
175 213 -1 0
189 212 -1 0
187 212 -1 0
186 212 -1 0
185 212 -1 0
184 212 -1 0
183 212 -1 0
182 212 -1 0
181 212 -1 0
180 212 -1 0
179 212 -1 0
178 212 -1 0
177 212 -1 0
176 212 -1 0
175 212 -1 0
185 211 -1 0
184 211 -1 0
183 211 -1 0
182 211 -1 0
181 211 -1 0
180 211 -1 0
179 211 -1 0
178 211 -1 0
177 211 -1 0
176 211 -1 0
175 211 -1 0
174 211 -1 0
184 210 -1 0
183 210 -1 0
182 210 -1 0
181 210 -1 0
180 210 -1 0
179 210 -1 0
178 210 -1 0
177 210 -1 0
176 210 -1 0
175 210 -1 0
174 210 -1 0
183 209 -1 0
182 209 -1 0
181 209 -1 0
180 209 -1 0
179 209 -1 0
178 209 -1 0
177 209 -1 0
176 209 -1 0
175 209 -1 0
174 209 -1 0
173 209 -1 0
183 208 -1 0
182 208 -1 0
181 208 -1 0
180 208 -1 0
179 208 -1 0
178 208 -1 0
177 208 -1 0
176 208 -1 0
175 208 -1 0
174 208 -1 0
173 208 -1 0
182 207 -1 0
181 207 -1 0
180 207 -1 0
179 207 -1 0
178 207 -1 0
177 207 -1 0
176 207 -1 0
175 207 -1 0
174 207 -1 0
173 207 -1 0
172 207 -1 0
182 206 -1 0
181 206 -1 0
180 206 -1 0
179 206 -1 0
178 206 -1 0
177 206 -1 0
176 206 -1 0
175 206 -1 0
174 206 -1 0
173 206 -1 0
172 206 -1 0
171 206 -1 0
182 205 -1 0
181 205 -1 0
180 205 -1 0
179 205 -1 0
178 205 -1 0
177 205 -1 0
176 205 -1 0
175 205 -1 0
174 205 -1 0
173 205 -1 0
172 205 -1 0
171 205 -1 0
181 204 -1 0
180 204 -1 0
179 204 -1 0
178 204 -1 0
177 204 -1 0
176 204 -1 0
175 204 -1 0
174 204 -1 0
173 204 -1 0
172 204 -1 0
171 204 -1 0
181 203 -1 0
180 203 -1 0
179 203 -1 0
178 203 -1 0
177 203 -1 0
176 203 -1 0
175 203 -1 0
174 203 -1 0
173 203 -1 0
172 203 -1 0
171 203 -1 0
170 203 -1 0
180 202 -1 0
179 202 -1 0
178 202 -1 0
177 202 -1 0
176 202 -1 0
175 202 -1 0
174 202 -1 0
173 202 -1 0
172 202 -1 0
171 202 -1 0
170 202 -1 0
179 201 -1 0
178 201 -1 0
177 201 -1 0
176 201 -1 0
175 201 -1 0
174 201 -1 0
173 201 -1 0
172 201 -1 0
171 201 -1 0
170 201 -1 0
169 201 -1 0
179 200 -1 0
178 200 -1 0
177 200 -1 0
176 200 -1 0
175 200 -1 0
174 200 -1 0
173 200 -1 0
172 200 -1 0
171 200 -1 0
170 200 -1 0
169 200 -1 0
311 199 -1 0
310 199 -1 0
178 199 -1 0
177 199 -1 0
176 199 -1 0
175 199 -1 0
174 199 -1 0
173 199 -1 0
172 199 -1 0
171 199 -1 0
170 199 -1 0
169 199 -1 0
314 198 -1 0
313 198 -1 0
312 198 -1 0
311 198 -1 0
310 198 -1 0
309 198 -1 0
308 198 -1 0
307 198 -1 0
178 198 -1 0
177 198 -1 0
176 198 -1 0
175 198 -1 0
174 198 -1 0
173 198 -1 0
172 198 -1 0
171 198 -1 0
170 198 -1 0
169 198 -1 0
168 198 -1 0
315 197 -1 0
314 197 -1 0
313 197 -1 0
312 197 -1 0
311 197 -1 0
310 197 -1 0
309 197 -1 0
308 197 -1 0
307 197 -1 0
306 197 -1 0
178 197 -1 0
177 197 -1 0
176 197 -1 0
175 197 -1 0
174 197 -1 0
173 197 -1 0
172 197 -1 0
171 197 -1 0
170 197 -1 0
169 197 -1 0
168 197 -1 0
315 196 -1 0
314 196 -1 0
313 196 -1 0
312 196 -1 0
311 196 -1 0
310 196 -1 0
309 196 -1 0
308 196 -1 0
307 196 -1 0
306 196 -1 0
177 196 -1 0
176 196 -1 0
175 196 -1 0
174 196 -1 0
173 196 -1 0
172 196 -1 0
171 196 -1 0
170 196 -1 0
169 196 -1 0
168 196 -1 0
315 195 -1 0
314 195 -1 0
313 195 -1 0
312 195 -1 0
311 195 -1 0
310 195 -1 0
309 195 -1 0
308 195 -1 0
307 195 -1 0
306 195 -1 0
177 195 -1 0
176 195 -1 0
175 195 -1 0
174 195 -1 0
173 195 -1 0
172 195 -1 0
171 195 -1 0
170 195 -1 0
169 195 -1 0
168 195 -1 0
316 194 -1 0
315 194 -1 0
314 194 -1 0
313 194 -1 0
312 194 -1 0
311 194 -1 0
310 194 -1 0
309 194 -1 0
308 194 -1 0
307 194 -1 0
306 194 -1 0
305 194 -1 0
177 194 -1 0
176 194 -1 0
175 194 -1 0
174 194 -1 0
173 194 -1 0
172 194 -1 0
171 194 -1 0
170 194 -1 0
169 194 -1 0
168 194 -1 0
167 194 -1 0
316 193 -1 0
315 193 -1 0
314 193 -1 0
313 193 -1 0
312 193 -1 0
311 193 -1 0
310 193 -1 0
309 193 -1 0
308 193 -1 0
307 193 -1 0
306 193 -1 0
176 193 -1 0
175 193 -1 0
174 193 -1 0
173 193 -1 0
172 193 -1 0
171 193 -1 0
170 193 -1 0
169 193 -1 0
168 193 -1 0
167 193 -1 0
315 192 -1 0
314 192 -1 0
313 192 -1 0
312 192 -1 0
311 192 -1 0
310 192 -1 0
309 192 -1 0
308 192 -1 0
307 192 -1 0
306 192 -1 0
176 192 -1 0
175 192 -1 0
174 192 -1 0
173 192 -1 0
172 192 -1 0
171 192 -1 0
170 192 -1 0
169 192 -1 0
168 192 -1 0
167 192 -1 0
316 191 -1 0
315 191 -1 0
314 191 -1 0
313 191 -1 0
312 191 -1 0
311 191 -1 0
310 191 -1 0
309 191 -1 0
308 191 -1 0
307 191 -1 0
306 191 -1 0
176 191 -1 0
175 191 -1 0
174 191 -1 0
173 191 -1 0
172 191 -1 0
171 191 -1 0
170 191 -1 0
169 191 -1 0
168 191 -1 0
167 191 -1 0
166 191 -1 0
317 190 -1 0
316 190 -1 0
315 190 -1 0
314 190 -1 0
313 190 -1 0
312 190 -1 0
311 190 -1 0
310 190 -1 0
309 190 -1 0
308 190 -1 0
307 190 -1 0
306 190 -1 0
176 190 -1 0
175 190 -1 0
174 190 -1 0
173 190 -1 0
172 190 -1 0
171 190 -1 0
170 190 -1 0
169 190 -1 0
168 190 -1 0
167 190 -1 0
166 190 -1 0
317 189 -1 0
316 189 -1 0
315 189 -1 0
314 189 -1 0
313 189 -1 0
312 189 -1 0
311 189 -1 0
310 189 -1 0
309 189 -1 0
308 189 -1 0
307 189 -1 0
175 189 -1 0
174 189 -1 0
173 189 -1 0
172 189 -1 0
171 189 -1 0
170 189 -1 0
169 189 -1 0
168 189 -1 0
167 189 -1 0
166 189 -1 0
317 188 -1 0
316 188 -1 0
315 188 -1 0
314 188 -1 0
313 188 -1 0
312 188 -1 0
311 188 -1 0
310 188 -1 0
309 188 -1 0
308 188 -1 0
307 188 -1 0
175 188 -1 0
174 188 -1 0
173 188 -1 0
172 188 -1 0
171 188 -1 0
170 188 -1 0
169 188 -1 0
168 188 -1 0
167 188 -1 0
166 188 -1 0
165 188 -1 0
318 187 -1 0
317 187 -1 0
316 187 -1 0
315 187 -1 0
314 187 -1 0
313 187 -1 0
312 187 -1 0
311 187 -1 0
310 187 -1 0
309 187 -1 0
308 187 -1 0
307 187 -1 0
175 187 -1 0
174 187 -1 0
173 187 -1 0
172 187 -1 0
171 187 -1 0
170 187 -1 0
169 187 -1 0
168 187 -1 0
167 187 -1 0
166 187 -1 0
318 186 -1 0
317 186 -1 0
316 186 -1 0
315 186 -1 0
314 186 -1 0
313 186 -1 0
312 186 -1 0
311 186 -1 0
310 186 -1 0
309 186 -1 0
308 186 -1 0
174 186 -1 0
173 186 -1 0
172 186 -1 0
171 186 -1 0
170 186 -1 0
169 186 -1 0
168 186 -1 0
167 186 -1 0
166 186 -1 0
318 185 -1 0
317 185 -1 0
316 185 -1 0
315 185 -1 0
314 185 -1 0
313 185 -1 0
312 185 -1 0
311 185 -1 0
310 185 -1 0
309 185 -1 0
308 185 -1 0
174 185 -1 0
173 185 -1 0
172 185 -1 0
171 185 -1 0
170 185 -1 0
169 185 -1 0
168 185 -1 0
167 185 -1 0
166 185 -1 0
318 184 -1 0
317 184 -1 0
316 184 -1 0
315 184 -1 0
314 184 -1 0
313 184 -1 0
312 184 -1 0
311 184 -1 0
310 184 -1 0
309 184 -1 0
308 184 -1 0
174 184 -1 0
173 184 -1 0
172 184 -1 0
171 184 -1 0
170 184 -1 0
169 184 -1 0
168 184 -1 0
167 184 -1 0
166 184 -1 0
317 183 -1 0
316 183 -1 0
315 183 -1 0
314 183 -1 0
313 183 -1 0
312 183 -1 0
311 183 -1 0
310 183 -1 0
309 183 -1 0
175 183 -1 0
174 183 -1 0
173 183 -1 0
172 183 -1 0
171 183 -1 0
170 183 -1 0
169 183 -1 0
168 183 -1 0
167 183 -1 0
166 183 -1 0
165 183 -1 0
318 182 -1 0
317 182 -1 0
316 182 -1 0
315 182 -1 0
314 182 -1 0
313 182 -1 0
312 182 -1 0
311 182 -1 0
310 182 -1 0
309 182 -1 0
308 182 -1 0
174 182 -1 0
173 182 -1 0
172 182 -1 0
171 182 -1 0
170 182 -1 0
169 182 -1 0
168 182 -1 0
167 182 -1 0
166 182 -1 0
317 181 -1 0
316 181 -1 0
315 181 -1 0
314 181 -1 0
313 181 -1 0
312 181 -1 0
311 181 -1 0
310 181 -1 0
309 181 -1 0
174 181 -1 0
173 181 -1 0
172 181 -1 0
171 181 -1 0
170 181 -1 0
169 181 -1 0
168 181 -1 0
167 181 -1 0
166 181 -1 0
317 180 -1 0
316 180 -1 0
315 180 -1 0
314 180 -1 0
313 180 -1 0
312 180 -1 0
311 180 -1 0
310 180 -1 0
309 180 -1 0
174 180 -1 0
173 180 -1 0
172 180 -1 0
171 180 -1 0
170 180 -1 0
169 180 -1 0
168 180 -1 0
167 180 -1 0
166 180 -1 0
318 179 -1 0
317 179 -1 0
316 179 -1 0
315 179 -1 0
314 179 -1 0
313 179 -1 0
312 179 -1 0
311 179 -1 0
310 179 -1 0
309 179 -1 0
308 179 -1 0
175 179 -1 0
174 179 -1 0
173 179 -1 0
172 179 -1 0
171 179 -1 0
170 179 -1 0
169 179 -1 0
168 179 -1 0
167 179 -1 0
166 179 -1 0
165 179 -1 0
318 178 -1 0
317 178 -1 0
316 178 -1 0
315 178 -1 0
314 178 -1 0
313 178 -1 0
312 178 -1 0
311 178 -1 0
310 178 -1 0
309 178 -1 0
308 178 -1 0
174 178 -1 0
173 178 -1 0
172 178 -1 0
171 178 -1 0
170 178 -1 0
169 178 -1 0
168 178 -1 0
167 178 -1 0
166 178 -1 0
317 177 -1 0
316 177 -1 0
315 177 -1 0
314 177 -1 0
313 177 -1 0
312 177 -1 0
311 177 -1 0
310 177 -1 0
309 177 -1 0
174 177 -1 0
173 177 -1 0
172 177 -1 0
171 177 -1 0
170 177 -1 0
169 177 -1 0
168 177 -1 0
167 177 -1 0
166 177 -1 0
317 176 -1 0
316 176 -1 0
315 176 -1 0
314 176 -1 0
313 176 -1 0
312 176 -1 0
311 176 -1 0
310 176 -1 0
309 176 -1 0
174 176 -1 0
173 176 -1 0
172 176 -1 0
171 176 -1 0
170 176 -1 0
169 176 -1 0
168 176 -1 0
167 176 -1 0
166 176 -1 0
317 175 -1 0
316 175 -1 0
315 175 -1 0
314 175 -1 0
313 175 -1 0
312 175 -1 0
311 175 -1 0
310 175 -1 0
309 175 -1 0
174 175 -1 0
173 175 -1 0
172 175 -1 0
171 175 -1 0
170 175 -1 0
169 175 -1 0
168 175 -1 0
167 175 -1 0
166 175 -1 0
317 174 -1 0
316 174 -1 0
315 174 -1 0
314 174 -1 0
313 174 -1 0
312 174 -1 0
311 174 -1 0
310 174 -1 0
309 174 -1 0
175 174 -1 0
174 174 -1 0
173 174 -1 0
172 174 -1 0
171 174 -1 0
170 174 -1 0
169 174 -1 0
168 174 -1 0
167 174 -1 0
166 174 -1 0
165 174 -1 0
318 173 -1 0
317 173 -1 0
316 173 -1 0
315 173 -1 0
314 173 -1 0
313 173 -1 0
312 173 -1 0
311 173 -1 0
310 173 -1 0
309 173 -1 0
308 173 -1 0
174 173 -1 0
173 173 -1 0
172 173 -1 0
171 173 -1 0
170 173 -1 0
169 173 -1 0
168 173 -1 0
167 173 -1 0
166 173 -1 0
317 172 -1 0
316 172 -1 0
315 172 -1 0
314 172 -1 0
313 172 -1 0
312 172 -1 0
311 172 -1 0
310 172 -1 0
309 172 -1 0
174 172 -1 0
173 172 -1 0
172 172 -1 0
171 172 -1 0
170 172 -1 0
169 172 -1 0
168 172 -1 0
167 172 -1 0
166 172 -1 0
317 171 -1 0
316 171 -1 0
315 171 -1 0
314 171 -1 0
313 171 -1 0
312 171 -1 0
311 171 -1 0
310 171 -1 0
309 171 -1 0
175 171 -1 0
174 171 -1 0
173 171 -1 0
172 171 -1 0
171 171 -1 0
170 171 -1 0
169 171 -1 0
168 171 -1 0
167 171 -1 0
166 171 -1 0
165 171 -1 0
318 170 -1 0
317 170 -1 0
316 170 -1 0
315 170 -1 0
314 170 -1 0
313 170 -1 0
312 170 -1 0
311 170 -1 0
310 170 -1 0
309 170 -1 0
308 170 -1 0
174 170 -1 0
173 170 -1 0
172 170 -1 0
171 170 -1 0
170 170 -1 0
169 170 -1 0
168 170 -1 0
167 170 -1 0
166 170 -1 0
317 169 -1 0
316 169 -1 0
315 169 -1 0
314 169 -1 0
313 169 -1 0
312 169 -1 0
311 169 -1 0
310 169 -1 0
309 169 -1 0
175 169 -1 0
174 169 -1 0
173 169 -1 0
172 169 -1 0
171 169 -1 0
170 169 -1 0
169 169 -1 0
168 169 -1 0
167 169 -1 0
166 169 -1 0
165 169 -1 0
318 168 -1 0
317 168 -1 0
316 168 -1 0
315 168 -1 0
314 168 -1 0
313 168 -1 0
312 168 -1 0
311 168 -1 0
310 168 -1 0
309 168 -1 0
308 168 -1 0
256 168 -1 1
174 168 -1 0
173 168 -1 0
172 168 -1 0
171 168 -1 0
170 168 -1 0
169 168 -1 0
168 168 -1 0
167 168 -1 0
166 168 -1 0
317 167 -1 0
316 167 -1 0
315 167 -1 0
314 167 -1 0
313 167 -1 0
312 167 -1 0
311 167 -1 0
310 167 -1 0
309 167 -1 0
259 167 -1 1
258 167 -1 1
257 167 -1 1
256 167 -1 1
255 167 -1 1
254 167 -1 1
253 167 -1 1
174 167 -1 0
173 167 -1 0
172 167 -1 0
171 167 -1 0
170 167 -1 0
169 167 -1 0
168 167 -1 0
167 167 -1 0
166 167 -1 0
318 166 -1 0
317 166 -1 0
316 166 -1 0
315 166 -1 0
314 166 -1 0
313 166 -1 0
312 166 -1 0
311 166 -1 0
310 166 -1 0
309 166 -1 0
308 166 -1 0
260 166 -1 1
259 166 -1 1
258 166 -1 1
257 166 -1 1
256 166 -1 1
255 166 -1 1
254 166 -1 1
253 166 -1 1
252 166 -1 1
251 166 -1 1
174 166 -1 0
173 166 -1 0
172 166 -1 0
171 166 -1 0
170 166 -1 0
169 166 -1 0
168 166 -1 0
167 166 -1 0
166 166 -1 0
317 165 -1 0
316 165 -1 0
315 165 -1 0
314 165 -1 0
313 165 -1 0
312 165 -1 0
311 165 -1 0
310 165 -1 0
309 165 -1 0
260 165 -1 1
259 165 -1 1
258 165 -1 1
257 165 -1 1
256 165 -1 1
255 165 -1 1
254 165 -1 1
253 165 -1 1
252 165 -1 1
251 165 -1 1
250 165 -1 1
173 165 -1 0
172 165 -1 0
171 165 -1 0
170 165 -1 0
169 165 -1 0
168 165 -1 0
167 165 -1 0
317 164 -1 0
316 164 -1 0
315 164 -1 0
314 164 -1 0
313 164 -1 0
312 164 -1 0
311 164 -1 0
310 164 -1 0
309 164 -1 0
260 164 -1 1
259 164 -1 1
258 164 -1 1
257 164 -1 1
256 164 -1 1
255 164 -1 1
254 164 -1 1
253 164 -1 1
252 164 -1 1
251 164 -1 1
250 164 -1 1
249 164 -1 1
170 164 -1 0
318 163 -1 0
317 163 -1 0
316 163 -1 0
315 163 -1 0
314 163 -1 0
313 163 -1 0
312 163 -1 0
311 163 -1 0
310 163 -1 0
309 163 -1 0
308 163 -1 0
261 163 -1 1
260 163 -1 1
259 163 -1 1
258 163 -1 1
257 163 -1 1
256 163 -1 1
255 163 -1 1
254 163 -1 1
253 163 -1 1
252 163 -1 1
251 163 -1 1
250 163 -1 1
249 163 -1 1
248 163 -1 1
318 162 -1 0
317 162 -1 0
316 162 -1 0
315 162 -1 0
314 162 -1 0
313 162 -1 0
312 162 -1 0
311 162 -1 0
310 162 -1 0
309 162 -1 0
308 162 -1 0
260 162 -1 1
259 162 -1 1
258 162 -1 1
257 162 -1 1
256 162 -1 1
255 162 -1 1
254 162 -1 1
253 162 -1 1
252 162 -1 1
251 162 -1 1
250 162 -1 1
249 162 -1 1
248 162 -1 1
247 162 -1 1
246 162 -1 1
245 162 -1 1
317 161 -1 0
316 161 -1 0
315 161 -1 0
314 161 -1 0
313 161 -1 0
312 161 -1 0
311 161 -1 0
310 161 -1 0
309 161 -1 0
260 161 -1 1
259 161 -1 1
258 161 -1 1
257 161 -1 1
256 161 -1 1
255 161 -1 1
254 161 -1 1
253 161 -1 1
252 161 -1 1
251 161 -1 1
250 161 -1 1
249 161 -1 1
248 161 -1 1
247 161 -1 1
246 161 -1 1
245 161 -1 1
244 161 -1 1
317 160 -1 0
316 160 -1 0
315 160 -1 0
314 160 -1 0
313 160 -1 0
312 160 -1 0
311 160 -1 0
310 160 -1 0
309 160 -1 0
260 160 -1 1
259 160 -1 1
258 160 -1 1
257 160 -1 1
256 160 -1 1
255 160 -1 1
254 160 -1 1
253 160 -1 1
252 160 -1 1
251 160 -1 1
250 160 -1 1
249 160 -1 1
248 160 -1 1
247 160 -1 1
246 160 -1 1
245 160 -1 1
244 160 -1 1
243 160 -1 1
317 159 -1 0
316 159 -1 0
315 159 -1 0
314 159 -1 0
313 159 -1 0
312 159 -1 0
311 159 -1 0
310 159 -1 0
309 159 -1 0
259 159 -1 1
258 159 -1 1
257 159 -1 1
256 159 -1 1
255 159 -1 1
254 159 -1 1
253 159 -1 1
252 159 -1 1
251 159 -1 1
250 159 -1 1
249 159 -1 1
248 159 -1 1
247 159 -1 1
246 159 -1 1
245 159 -1 1
244 159 -1 1
243 159 -1 1
242 159 -1 1
241 159 -1 1
240 159 -1 1
318 158 -1 0
317 158 -1 0
316 158 -1 0
315 158 -1 0
314 158 -1 0
313 158 -1 0
312 158 -1 0
311 158 -1 0
310 158 -1 0
309 158 -1 0
308 158 -1 0
258 158 -1 1
257 158 -1 1
256 158 -1 1
255 158 -1 1
254 158 -1 1
253 158 -1 1
252 158 -1 1
251 158 -1 1
250 158 -1 1
249 158 -1 1
248 158 -1 1
247 158 -1 1
246 158 -1 1
245 158 -1 1
244 158 -1 1
243 158 -1 1
242 158 -1 1
241 158 -1 1
240 158 -1 1
239 158 -1 1
317 157 -1 0
316 157 -1 0
315 157 -1 0
314 157 -1 0
313 157 -1 0
312 157 -1 0
311 157 -1 0
310 157 -1 0
309 157 -1 0
256 157 -1 1
255 157 -1 1
254 157 -1 1
253 157 -1 1
252 157 -1 1
251 157 -1 1
250 157 -1 1
249 157 -1 1
248 157 -1 1
247 157 -1 1
246 157 -1 1
245 157 -1 1
244 157 -1 1
243 157 -1 1
242 157 -1 1
241 157 -1 1
240 157 -1 1
239 157 -1 1
238 157 -1 1
237 157 -1 1
317 156 -1 0
316 156 -1 0
315 156 -1 0
314 156 -1 0
313 156 -1 0
312 156 -1 0
311 156 -1 0
310 156 -1 0
309 156 -1 0
255 156 -1 1
254 156 -1 1
253 156 -1 1
252 156 -1 1
251 156 -1 1
250 156 -1 1
249 156 -1 1
248 156 -1 1
247 156 -1 1
246 156 -1 1
245 156 -1 1
244 156 -1 1
243 156 -1 1
242 156 -1 1
241 156 -1 1
240 156 -1 1
239 156 -1 1
238 156 -1 1
237 156 -1 1
236 156 -1 1
235 156 -1 1
317 155 -1 0
316 155 -1 0
315 155 -1 0
314 155 -1 0
313 155 -1 0
312 155 -1 0
311 155 -1 0
310 155 -1 0
309 155 -1 0
254 155 -1 1
253 155 -1 1
252 155 -1 1
251 155 -1 1
250 155 -1 1
249 155 -1 1
248 155 -1 1
247 155 -1 1
246 155 -1 1
245 155 -1 1
244 155 -1 1
243 155 -1 1
242 155 -1 1
241 155 -1 1
240 155 -1 1
239 155 -1 1
238 155 -1 1
237 155 -1 1
236 155 -1 1
235 155 -1 1
234 155 -1 1
317 154 -1 0
316 154 -1 0
315 154 -1 0
314 154 -1 0
313 154 -1 0
312 154 -1 0
311 154 -1 0
310 154 -1 0
309 154 -1 0
253 154 -1 1
252 154 -1 1
251 154 -1 1
250 154 -1 1
249 154 -1 1
248 154 -1 1
247 154 -1 1
246 154 -1 1
245 154 -1 1
244 154 -1 1
243 154 -1 1
242 154 -1 1
241 154 -1 1
240 154 -1 1
239 154 -1 1
238 154 -1 1
237 154 -1 1
236 154 -1 1
235 154 -1 1
234 154 -1 1
233 154 -1 1
318 153 -1 0
317 153 -1 0
316 153 -1 0
315 153 -1 0
314 153 -1 0
313 153 -1 0
312 153 -1 0
311 153 -1 0
310 153 -1 0
309 153 -1 0
308 153 -1 0
250 153 -1 1
249 153 -1 1
248 153 -1 1
247 153 -1 1
246 153 -1 1
245 153 -1 1
244 153 -1 1
243 153 -1 1
242 153 -1 1
241 153 -1 1
240 153 -1 1
239 153 -1 1
238 153 -1 1
237 153 -1 1
236 153 -1 1
235 153 -1 1
234 153 -1 1
233 153 -1 1
317 152 -1 0
316 152 -1 0
315 152 -1 0
314 152 -1 0
313 152 -1 0
312 152 -1 0
311 152 -1 0
310 152 -1 0
309 152 -1 0
249 152 -1 1
248 152 -1 1
247 152 -1 1
246 152 -1 1
245 152 -1 1
244 152 -1 1
243 152 -1 1
242 152 -1 1
241 152 -1 1
240 152 -1 1
239 152 -1 1
238 152 -1 1
237 152 -1 1
236 152 -1 1
235 152 -1 1
234 152 -1 1
233 152 -1 1
232 152 -1 1
317 151 -1 0
316 151 -1 0
315 151 -1 0
314 151 -1 0
313 151 -1 0
312 151 -1 0
311 151 -1 0
310 151 -1 0
309 151 -1 0
247 151 -1 1
246 151 -1 1
245 151 -1 1
244 151 -1 1
243 151 -1 1
242 151 -1 1
241 151 -1 1
240 151 -1 1
239 151 -1 1
238 151 -1 1
237 151 -1 1
236 151 -1 1
235 151 -1 1
234 151 -1 1
233 151 -1 1
232 151 -1 1
231 151 -1 1
317 150 -1 0
316 150 -1 0
315 150 -1 0
314 150 -1 0
313 150 -1 0
312 150 -1 0
311 150 -1 0
310 150 -1 0
309 150 -1 0
246 150 -1 1
245 150 -1 1
244 150 -1 1
243 150 -1 1
242 150 -1 1
241 150 -1 1
240 150 -1 1
239 150 -1 1
238 150 -1 1
237 150 -1 1
236 150 -1 1
235 150 -1 1
234 150 -1 1
233 150 -1 1
232 150 -1 1
231 150 -1 1
230 150 -1 1
318 149 -1 0
317 149 -1 0
316 149 -1 0
315 149 -1 0
314 149 -1 0
313 149 -1 0
312 149 -1 0
311 149 -1 0
310 149 -1 0
309 149 -1 0
308 149 -1 0
245 149 -1 1
244 149 -1 1
243 149 -1 1
242 149 -1 1
241 149 -1 1
240 149 -1 1
239 149 -1 1
238 149 -1 1
237 149 -1 1
236 149 -1 1
235 149 -1 1
234 149 -1 1
233 149 -1 1
232 149 -1 1
231 149 -1 1
230 149 -1 1
229 149 -1 1
220 149 -1 1
317 148 -1 0
316 148 -1 0
315 148 -1 0
314 148 -1 0
313 148 -1 0
312 148 -1 0
311 148 -1 0
310 148 -1 0
309 148 -1 0
242 148 -1 1
241 148 -1 1
240 148 -1 1
239 148 -1 1
238 148 -1 1
237 148 -1 1
236 148 -1 1
235 148 -1 1
234 148 -1 1
233 148 -1 1
232 148 -1 1
231 148 -1 1
230 148 -1 1
229 148 -1 1
228 148 -1 1
227 148 -1 1
226 148 -1 1
225 148 -1 1
223 148 -1 1
222 148 -1 1
221 148 -1 1
220 148 -1 1
219 148 -1 1
218 148 -1 1
217 148 -1 1
317 147 -1 0
316 147 -1 0
315 147 -1 0
314 147 -1 0
313 147 -1 0
312 147 -1 0
311 147 -1 0
310 147 -1 0
309 147 -1 0
240 147 -1 1
239 147 -1 1
238 147 -1 1
237 147 -1 1
236 147 -1 1
235 147 -1 1
234 147 -1 1
233 147 -1 1
232 147 -1 1
231 147 -1 1
230 147 -1 1
229 147 -1 1
228 147 -1 1
227 147 -1 1
226 147 -1 1
225 147 -1 1
224 147 -1 1
223 147 -1 1
222 147 -1 1
221 147 -1 1
220 147 -1 1
219 147 -1 1
218 147 -1 1
217 147 -1 1
216 147 -1 1
317 146 -1 0
316 146 -1 0
315 146 -1 0
314 146 -1 0
313 146 -1 0
312 146 -1 0
311 146 -1 0
310 146 -1 0
309 146 -1 0
240 146 -1 1
239 146 -1 1
238 146 -1 1
237 146 -1 1
236 146 -1 1
235 146 -1 1
234 146 -1 1
233 146 -1 1
232 146 -1 1
231 146 -1 1
230 146 -1 1
229 146 -1 1
228 146 -1 1
227 146 -1 1
226 146 -1 1
225 146 -1 1
224 146 -1 1
223 146 -1 1
222 146 -1 1
221 146 -1 1
220 146 -1 1
219 146 -1 1
218 146 -1 1
217 146 -1 1
216 146 -1 1
317 145 -1 0
316 145 -1 0
315 145 -1 0
314 145 -1 0
313 145 -1 0
312 145 -1 0
311 145 -1 0
310 145 -1 0
309 145 -1 0
239 145 -1 1
238 145 -1 1
237 145 -1 1
236 145 -1 1
235 145 -1 1
234 145 -1 1
233 145 -1 1
232 145 -1 1
231 145 -1 1
230 145 -1 1
229 145 -1 1
228 145 -1 1
227 145 -1 1
226 145 -1 1
225 145 -1 1
224 145 -1 1
223 145 -1 1
222 145 -1 1
221 145 -1 1
220 145 -1 1
219 145 -1 1
218 145 -1 1
217 145 -1 1
216 145 -1 1
318 144 -1 0
317 144 -1 0
316 144 -1 0
315 144 -1 0
314 144 -1 0
313 144 -1 0
312 144 -1 0
311 144 -1 0
310 144 -1 0
309 144 -1 0
308 144 -1 0
238 144 -1 1
237 144 -1 1
236 144 -1 1
235 144 -1 1
234 144 -1 1
233 144 -1 1
232 144 -1 1
231 144 -1 1
230 144 -1 1
229 144 -1 1
228 144 -1 1
227 144 -1 1
226 144 -1 1
225 144 -1 1
224 144 -1 1
223 144 -1 1
222 144 -1 1
221 144 -1 1
220 144 -1 1
219 144 -1 1
218 144 -1 1
217 144 -1 1
216 144 -1 1
215 144 -1 1
317 143 -1 0
316 143 -1 0
315 143 -1 0
314 143 -1 0
313 143 -1 0
312 143 -1 0
311 143 -1 0
310 143 -1 0
309 143 -1 0
237 143 -1 1
236 143 -1 1
235 143 -1 1
234 143 -1 1
233 143 -1 1
232 143 -1 1
231 143 -1 1
230 143 -1 1
229 143 -1 1
228 143 -1 1
227 143 -1 1
226 143 -1 1
225 143 -1 1
224 143 -1 1
223 143 -1 1
222 143 -1 1
221 143 -1 1
220 143 -1 1
219 143 -1 1
218 143 -1 1
217 143 -1 1
216 143 -1 1
318 142 -1 0
317 142 -1 0
316 142 -1 0
315 142 -1 0
314 142 -1 0
313 142 -1 0
312 142 -1 0
311 142 -1 0
310 142 -1 0
309 142 -1 0
308 142 -1 0
236 142 -1 1
235 142 -1 1
234 142 -1 1
233 142 -1 1
232 142 -1 1
231 142 -1 1
230 142 -1 1
229 142 -1 1
228 142 -1 1
227 142 -1 1
226 142 -1 1
225 142 -1 1
224 142 -1 1
223 142 -1 1
222 142 -1 1
221 142 -1 1
220 142 -1 1
219 142 -1 1
218 142 -1 1
217 142 -1 1
216 142 -1 1
317 141 -1 0
316 141 -1 0
315 141 -1 0
314 141 -1 0
313 141 -1 0
312 141 -1 0
311 141 -1 0
310 141 -1 0
309 141 -1 0
235 141 -1 1
234 141 -1 1
233 141 -1 1
232 141 -1 1
231 141 -1 1
230 141 -1 1
229 141 -1 1
228 141 -1 1
227 141 -1 1
226 141 -1 1
225 141 -1 1
224 141 -1 1
223 141 -1 1
222 141 -1 1
221 141 -1 1
220 141 -1 1
219 141 -1 1
218 141 -1 1
217 141 -1 1
216 141 -1 1
317 140 -1 0
316 140 -1 0
315 140 -1 0
314 140 -1 0
313 140 -1 0
312 140 -1 0
311 140 -1 0
310 140 -1 0
309 140 -1 0
234 140 -1 1
233 140 -1 1
232 140 -1 1
231 140 -1 1
230 140 -1 1
229 140 -1 1
228 140 -1 1
227 140 -1 1
226 140 -1 1
225 140 -1 1
224 140 -1 1
223 140 -1 1
222 140 -1 1
221 140 -1 1
220 140 -1 1
219 140 -1 1
218 140 -1 1
217 140 -1 1
317 139 -1 0
316 139 -1 0
315 139 -1 0
314 139 -1 0
313 139 -1 0
312 139 -1 0
311 139 -1 0
310 139 -1 0
309 139 -1 0
231 139 -1 1
230 139 -1 1
229 139 -1 1
228 139 -1 1
227 139 -1 1
226 139 -1 1
225 139 -1 1
224 139 -1 1
223 139 -1 1
222 139 -1 1
221 139 -1 1
220 139 -1 1
219 139 -1 1
316 138 -1 0
315 138 -1 0
314 138 -1 0
313 138 -1 0
312 138 -1 0
311 138 -1 0
310 138 -1 0
309 138 -1 0
308 138 -1 0
307 138 -1 0
227 138 -1 1
225 138 -1 1
223 138 -1 1
222 138 -1 1
314 137 -1 0
313 137 -1 0
312 137 -1 0
311 137 -1 0
310 137 -1 0
309 137 -1 0
308 137 -1 0
307 137 -1 0
306 137 -1 0
314 136 -1 0
313 136 -1 0
312 136 -1 0
311 136 -1 0
310 136 -1 0
309 136 -1 0
308 136 -1 0
307 136 -1 0
306 136 -1 0
314 135 -1 0
313 135 -1 0
312 135 -1 0
311 135 -1 0
310 135 -1 0
309 135 -1 0
308 135 -1 0
307 135 -1 0
306 135 -1 0
315 134 -1 0
314 134 -1 0
313 134 -1 0
312 134 -1 0
311 134 -1 0
310 134 -1 0
309 134 -1 0
308 134 -1 0
307 134 -1 0
306 134 -1 0
305 134 -1 0
314 133 -1 0
313 133 -1 0
312 133 -1 0
311 133 -1 0
310 133 -1 0
309 133 -1 0
308 133 -1 0
307 133 -1 0
306 133 -1 0
314 132 -1 0
313 132 -1 0
312 132 -1 0
311 132 -1 0
310 132 -1 0
309 132 -1 0
308 132 -1 0
307 132 -1 0
306 132 -1 0
315 131 -1 0
314 131 -1 0
313 131 -1 0
312 131 -1 0
311 131 -1 0
310 131 -1 0
309 131 -1 0
308 131 -1 0
307 131 -1 0
306 131 -1 0
305 131 -1 0
314 130 -1 0
313 130 -1 0
312 130 -1 0
311 130 -1 0
310 130 -1 0
309 130 -1 0
308 130 -1 0
307 130 -1 0
306 130 -1 0
314 129 -1 0
313 129 -1 0
312 129 -1 0
311 129 -1 0
310 129 -1 0
309 129 -1 0
308 129 -1 0
307 129 -1 0
306 129 -1 0
314 128 -1 0
313 128 -1 0
312 128 -1 0
311 128 -1 0
310 128 -1 0
309 128 -1 0
308 128 -1 0
307 128 -1 0
306 128 -1 0
315 127 -1 0
314 127 -1 0
313 127 -1 0
312 127 -1 0
311 127 -1 0
310 127 -1 0
309 127 -1 0
308 127 -1 0
307 127 -1 0
306 127 -1 0
305 127 -1 0
314 126 -1 0
313 126 -1 0
312 126 -1 0
311 126 -1 0
310 126 -1 0
309 126 -1 0
308 126 -1 0
307 126 -1 0
306 126 -1 0
314 125 -1 0
313 125 -1 0
312 125 -1 0
311 125 -1 0
310 125 -1 0
309 125 -1 0
308 125 -1 0
307 125 -1 0
306 125 -1 0
314 124 -1 0
313 124 -1 0
312 124 -1 0
311 124 -1 0
310 124 -1 0
309 124 -1 0
308 124 -1 0
307 124 -1 0
306 124 -1 0
314 123 -1 0
313 123 -1 0
312 123 -1 0
311 123 -1 0
310 123 -1 0
309 123 -1 0
308 123 -1 0
307 123 -1 0
306 123 -1 0
314 122 -1 0
313 122 -1 0
312 122 -1 0
311 122 -1 0
310 122 -1 0
309 122 -1 0
308 122 -1 0
307 122 -1 0
306 122 -1 0
315 121 -1 0
314 121 -1 0
313 121 -1 0
312 121 -1 0
311 121 -1 0
310 121 -1 0
309 121 -1 0
308 121 -1 0
307 121 -1 0
306 121 -1 0
305 121 -1 0
314 120 -1 0
313 120 -1 0
312 120 -1 0
311 120 -1 0
310 120 -1 0
309 120 -1 0
308 120 -1 0
307 120 -1 0
306 120 -1 0
305 120 -1 0
314 119 -1 0
313 119 -1 0
312 119 -1 0
311 119 -1 0
310 119 -1 0
309 119 -1 0
308 119 -1 0
307 119 -1 0
306 119 -1 0
305 119 -1 0
314 118 -1 0
313 118 -1 0
312 118 -1 0
311 118 -1 0
310 118 -1 0
309 118 -1 0
308 118 -1 0
307 118 -1 0
306 118 -1 0
305 118 -1 0
304 118 -1 0
313 117 -1 0
312 117 -1 0
311 117 -1 0
310 117 -1 0
309 117 -1 0
308 117 -1 0
307 117 -1 0
306 117 -1 0
305 117 -1 0
313 116 -1 0
312 116 -1 0
311 116 -1 0
310 116 -1 0
309 116 -1 0
308 116 -1 0
307 116 -1 0
306 116 -1 0
305 116 -1 0
304 116 -1 0
313 115 -1 0
312 115 -1 0
311 115 -1 0
310 115 -1 0
309 115 -1 0
308 115 -1 0
307 115 -1 0
306 115 -1 0
305 115 -1 0
304 115 -1 0
312 114 -1 0
311 114 -1 0
310 114 -1 0
309 114 -1 0
308 114 -1 0
307 114 -1 0
306 114 -1 0
305 114 -1 0
304 114 -1 0
303 114 -1 0
302 114 -1 0
301 114 -1 0
313 113 -1 0
312 113 -1 0
311 113 -1 0
310 113 -1 0
309 113 -1 0
308 113 -1 0
307 113 -1 0
306 113 -1 0
305 113 -1 0
304 113 -1 0
303 113 -1 0
302 113 -1 0
301 113 -1 0
300 113 -1 0
312 112 -1 0
311 112 -1 0
310 112 -1 0
309 112 -1 0
308 112 -1 0
307 112 -1 0
306 112 -1 0
305 112 -1 0
304 112 -1 0
303 112 -1 0
302 112 -1 0
301 112 -1 0
300 112 -1 0
313 111 -1 0
312 111 -1 0
311 111 -1 0
310 111 -1 0
309 111 -1 0
308 111 -1 0
307 111 -1 0
306 111 -1 0
305 111 -1 0
304 111 -1 0
303 111 -1 0
302 111 -1 0
301 111 -1 0
300 111 -1 0
312 110 -1 0
311 110 -1 0
310 110 -1 0
309 110 -1 0
308 110 -1 0
307 110 -1 0
306 110 -1 0
305 110 -1 0
304 110 -1 0
303 110 -1 0
302 110 -1 0
301 110 -1 0
300 110 -1 0
299 110 -1 0
312 109 -1 0
311 109 -1 0
310 109 -1 0
309 109 -1 0
308 109 -1 0
307 109 -1 0
306 109 -1 0
305 109 -1 0
304 109 -1 0
303 109 -1 0
302 109 -1 0
301 109 -1 0
300 109 -1 0
312 108 -1 0
311 108 -1 0
310 108 -1 0
309 108 -1 0
308 108 -1 0
307 108 -1 0
306 108 -1 0
305 108 -1 0
304 108 -1 0
303 108 -1 0
302 108 -1 0
301 108 -1 0
300 108 -1 0
311 107 -1 0
310 107 -1 0
309 107 -1 0
308 107 -1 0
307 107 -1 0
306 107 -1 0
305 107 -1 0
304 107 -1 0
303 107 -1 0
302 107 -1 0
301 107 -1 0
300 107 -1 0
309 106 -1 0
308 106 -1 0
307 106 -1 0
306 106 -1 0
305 106 -1 0
304 106 -1 0
303 106 -1 0
302 106 -1 0
301 106 -1 0
308 105 -1 0
307 105 -1 0
306 105 -1 0
305 105 -1 0
304 105 -1 0
303 105 -1 0
302 105 -1 0
305 104 -1 0
