2603 408 341
140 232 -1 0
143 231 -1 0
142 231 -1 0
141 231 -1 0
140 231 -1 0
139 231 -1 0
138 231 -1 0
137 231 -1 0
144 230 -1 0
143 230 -1 0
142 230 -1 0
141 230 -1 0
140 230 -1 0
139 230 -1 0
138 230 -1 0
137 230 -1 0
136 230 -1 0
144 229 -1 0
143 229 -1 0
142 229 -1 0
141 229 -1 0
140 229 -1 0
139 229 -1 0
138 229 -1 0
137 229 -1 0
136 229 -1 0
135 229 -1 0
144 228 -1 0
143 228 -1 0
142 228 -1 0
141 228 -1 0
140 228 -1 0
139 228 -1 0
138 228 -1 0
137 228 -1 0
136 228 -1 0
135 228 -1 0
145 227 -1 0
144 227 -1 0
143 227 -1 0
142 227 -1 0
141 227 -1 0
140 227 -1 0
139 227 -1 0
138 227 -1 0
137 227 -1 0
136 227 -1 0
135 227 -1 0
144 226 -1 0
143 226 -1 0
142 226 -1 0
141 226 -1 0
140 226 -1 0
139 226 -1 0
138 226 -1 0
137 226 -1 0
136 226 -1 0
135 226 -1 0
134 226 -1 0
144 225 -1 0
143 225 -1 0
142 225 -1 0
141 225 -1 0
140 225 -1 0
139 225 -1 0
138 225 -1 0
137 225 -1 0
136 225 -1 0
135 225 -1 0
134 225 -1 0
144 224 -1 0
143 224 -1 0
142 224 -1 0
141 224 -1 0
140 224 -1 0
139 224 -1 0
138 224 -1 0
137 224 -1 0
136 224 -1 0
135 224 -1 0
134 224 -1 0
143 223 -1 0
142 223 -1 0
141 223 -1 0
140 223 -1 0
139 223 -1 0
138 223 -1 0
137 223 -1 0
136 223 -1 0
135 223 -1 0
134 223 -1 0
133 223 -1 0
143 222 -1 0
142 222 -1 0
141 222 -1 0
140 222 -1 0
139 222 -1 0
138 222 -1 0
137 222 -1 0
136 222 -1 0
135 222 -1 0
134 222 -1 0
133 222 -1 0
142 221 -1 0
141 221 -1 0
140 221 -1 0
139 221 -1 0
138 221 -1 0
137 221 -1 0
136 221 -1 0
135 221 -1 0
134 221 -1 0
142 220 -1 0
141 220 -1 0
140 220 -1 0
139 220 -1 0
138 220 -1 0
137 220 -1 0
136 220 -1 0
135 220 -1 0
134 220 -1 0
133 220 -1 0
143 219 -1 0
142 219 -1 0
141 219 -1 0
140 219 -1 0
139 219 -1 0
138 219 -1 0
137 219 -1 0
136 219 -1 0
135 219 -1 0
134 219 -1 0
133 219 -1 0
142 218 -1 0
141 218 -1 0
140 218 -1 0
139 218 -1 0
138 218 -1 0
137 218 -1 0
136 218 -1 0
135 218 -1 0
134 218 -1 0
133 218 -1 0
142 217 -1 0
141 217 -1 0
140 217 -1 0
139 217 -1 0
138 217 -1 0
137 217 -1 0
136 217 -1 0
135 217 -1 0
134 217 -1 0
133 217 -1 0
132 217 -1 0
142 216 -1 0
141 216 -1 0
140 216 -1 0
139 216 -1 0
138 216 -1 0
137 216 -1 0
136 216 -1 0
135 216 -1 0
134 216 -1 0
133 216 -1 0
141 215 -1 0
140 215 -1 0
139 215 -1 0
138 215 -1 0
137 215 -1 0
136 215 -1 0
135 215 -1 0
134 215 -1 0
133 215 -1 0
142 214 -1 0
141 214 -1 0
140 214 -1 0
139 214 -1 0
138 214 -1 0
137 214 -1 0
136 214 -1 0
135 214 -1 0
134 214 -1 0
133 214 -1 0
132 214 -1 0
141 213 -1 0
140 213 -1 0
139 213 -1 0
138 213 -1 0
137 213 -1 0
136 213 -1 0
135 213 -1 0
134 213 -1 0
133 213 -1 0
142 212 -1 0
141 212 -1 0
140 212 -1 0
139 212 -1 0
138 212 -1 0
137 212 -1 0
136 212 -1 0
135 212 -1 0
134 212 -1 0
133 212 -1 0
132 212 -1 0
142 211 -1 0
141 211 -1 0
140 211 -1 0
139 211 -1 0
138 211 -1 0
137 211 -1 0
136 211 -1 0
135 211 -1 0
134 211 -1 0
133 211 -1 0
132 211 -1 0
141 210 -1 0
140 210 -1 0
139 210 -1 0
138 210 -1 0
137 210 -1 0
136 210 -1 0
135 210 -1 0
134 210 -1 0
133 210 -1 0
142 209 -1 0
141 209 -1 0
140 209 -1 0
139 209 -1 0
138 209 -1 0
137 209 -1 0
136 209 -1 0
135 209 -1 0
134 209 -1 0
133 209 -1 0
132 209 -1 0
200 208 -1 1
141 208 -1 0
140 208 -1 0
139 208 -1 0
138 208 -1 0
137 208 -1 0
136 208 -1 0
135 208 -1 0
134 208 -1 0
133 208 -1 0
203 207 -1 1
202 207 -1 1
201 207 -1 1
200 207 -1 1
199 207 -1 1
198 207 -1 1
197 207 -1 1
141 207 -1 0
140 207 -1 0
139 207 -1 0
138 207 -1 0
137 207 -1 0
136 207 -1 0
135 207 -1 0
134 207 -1 0
133 207 -1 0
204 206 -1 1
203 206 -1 1
202 206 -1 1
201 206 -1 1
200 206 -1 1
199 206 -1 1
198 206 -1 1
197 206 -1 1
196 206 -1 1
142 206 -1 0
141 206 -1 0
140 206 -1 0
139 206 -1 0
138 206 -1 0
137 206 -1 0
136 206 -1 0
135 206 -1 0
134 206 -1 0
133 206 -1 0
132 206 -1 0
204 205 -1 1
203 205 -1 1
202 205 -1 1
201 205 -1 1
200 205 -1 1
199 205 -1 1
198 205 -1 1
197 205 -1 1
196 205 -1 1
142 205 -1 0
141 205 -1 0
140 205 -1 0
139 205 -1 0
138 205 -1 0
137 205 -1 0
136 205 -1 0
135 205 -1 0
134 205 -1 0
133 205 -1 0
132 205 -1 0
204 204 -1 1
203 204 -1 1
202 204 -1 1
201 204 -1 1
200 204 -1 1
199 204 -1 1
198 204 -1 1
197 204 -1 1
196 204 -1 1
141 204 -1 0
140 204 -1 0
139 204 -1 0
138 204 -1 0
137 204 -1 0
136 204 -1 0
135 204 -1 0
134 204 -1 0
133 204 -1 0
132 204 -1 0
205 203 -1 1
204 203 -1 1
203 203 -1 1
202 203 -1 1
201 203 -1 1
200 203 -1 1
199 203 -1 1
198 203 -1 1
197 203 -1 1
196 203 -1 1
195 203 -1 1
141 203 -1 0
140 203 -1 0
139 203 -1 0
138 203 -1 0
137 203 -1 0
136 203 -1 0
135 203 -1 0
134 203 -1 0
133 203 -1 0
132 203 -1 0
131 203 -1 0
205 202 -1 1
204 202 -1 1
203 202 -1 1
202 202 -1 1
201 202 -1 1
200 202 -1 1
199 202 -1 1
198 202 -1 1
197 202 -1 1
196 202 -1 1
195 202 -1 1
141 202 -1 0
140 202 -1 0
139 202 -1 0
138 202 -1 0
137 202 -1 0
136 202 -1 0
135 202 -1 0
134 202 -1 0
133 202 -1 0
132 202 -1 0
205 201 -1 1
204 201 -1 1
203 201 -1 1
202 201 -1 1
201 201 -1 1
200 201 -1 1
199 201 -1 1
198 201 -1 1
197 201 -1 1
196 201 -1 1
195 201 -1 1
141 201 -1 0
140 201 -1 0
139 201 -1 0
138 201 -1 0
137 201 -1 0
136 201 -1 0
135 201 -1 0
134 201 -1 0
133 201 -1 0
132 201 -1 0
131 201 -1 0
205 200 -1 1
204 200 -1 1
203 200 -1 1
202 200 -1 1
201 200 -1 1
200 200 -1 1
199 200 -1 1
198 200 -1 1
197 200 -1 1
196 200 -1 1
195 200 -1 1
140 200 -1 0
139 200 -1 0
138 200 -1 0
137 200 -1 0
136 200 -1 0
135 200 -1 0
134 200 -1 0
133 200 -1 0
132 200 -1 0
205 199 -1 1
204 199 -1 1
203 199 -1 1
202 199 -1 1
201 199 -1 1
200 199 -1 1
199 199 -1 1
198 199 -1 1
197 199 -1 1
196 199 -1 1
195 199 -1 1
141 199 -1 0
140 199 -1 0
139 199 -1 0
138 199 -1 0
137 199 -1 0
136 199 -1 0
135 199 -1 0
134 199 -1 0
133 199 -1 0
132 199 -1 0
131 199 -1 0
204 198 -1 1
203 198 -1 1
202 198 -1 1
201 198 -1 1
200 198 -1 1
199 198 -1 1
198 198 -1 1
197 198 -1 1
196 198 -1 1
141 198 -1 0
140 198 -1 0
139 198 -1 0
138 198 -1 0
137 198 -1 0
136 198 -1 0
135 198 -1 0
134 198 -1 0
133 198 -1 0
132 198 -1 0
131 198 -1 0
205 197 -1 1
204 197 -1 1
203 197 -1 1
202 197 -1 1
201 197 -1 1
200 197 -1 1
199 197 -1 1
198 197 -1 1
197 197 -1 1
196 197 -1 1
195 197 -1 1
140 197 -1 0
139 197 -1 0
138 197 -1 0
137 197 -1 0
136 197 -1 0
135 197 -1 0
134 197 -1 0
133 197 -1 0
132 197 -1 0
131 197 -1 0
130 197 -1 0
205 196 -1 1
204 196 -1 1
203 196 -1 1
202 196 -1 1
201 196 -1 1
200 196 -1 1
199 196 -1 1
198 196 -1 1
197 196 -1 1
196 196 -1 1
195 196 -1 1
140 196 -1 0
139 196 -1 0
138 196 -1 0
137 196 -1 0
136 196 -1 0
135 196 -1 0
134 196 -1 0
133 196 -1 0
132 196 -1 0
131 196 -1 0
130 196 -1 0
205 195 -1 1
204 195 -1 1
203 195 -1 1
202 195 -1 1
201 195 -1 1
200 195 -1 1
199 195 -1 1
198 195 -1 1
197 195 -1 1
196 195 -1 1
195 195 -1 1
140 195 -1 0
139 195 -1 0
138 195 -1 0
137 195 -1 0
136 195 -1 0
135 195 -1 0
134 195 -1 0
133 195 -1 0
132 195 -1 0
131 195 -1 0
130 195 -1 0
204 194 -1 1
203 194 -1 1
202 194 -1 1
201 194 -1 1
200 194 -1 1
199 194 -1 1
198 194 -1 1
197 194 -1 1
196 194 -1 1
139 194 -1 0
138 194 -1 0
137 194 -1 0
136 194 -1 0
135 194 -1 0
134 194 -1 0
133 194 -1 0
132 194 -1 0
131 194 -1 0
130 194 -1 0
129 194 -1 0
205 193 -1 1
204 193 -1 1
203 193 -1 1
202 193 -1 1
201 193 -1 1
200 193 -1 1
199 193 -1 1
198 193 -1 1
197 193 -1 1
196 193 -1 1
195 193 -1 1
138 193 -1 0
137 193 -1 0
136 193 -1 0
135 193 -1 0
134 193 -1 0
133 193 -1 0
132 193 -1 0
131 193 -1 0
130 193 -1 0
129 193 -1 0
205 192 -1 1
204 192 -1 1
203 192 -1 1
202 192 -1 1
201 192 -1 1
200 192 -1 1
199 192 -1 1
198 192 -1 1
197 192 -1 1
196 192 -1 1
195 192 -1 1
139 192 -1 0
138 192 -1 0
137 192 -1 0
136 192 -1 0
135 192 -1 0
134 192 -1 0
133 192 -1 0
132 192 -1 0
131 192 -1 0
130 192 -1 0
129 192 -1 0
204 191 -1 1
203 191 -1 1
202 191 -1 1
201 191 -1 1
200 191 -1 1
199 191 -1 1
198 191 -1 1
197 191 -1 1
196 191 -1 1
138 191 -1 0
137 191 -1 0
136 191 -1 0
135 191 -1 0
134 191 -1 0
133 191 -1 0
132 191 -1 0
131 191 -1 0
130 191 -1 0
129 191 -1 0
128 191 -1 0
205 190 -1 1
204 190 -1 1
203 190 -1 1
202 190 -1 1
201 190 -1 1
200 190 -1 1
199 190 -1 1
198 190 -1 1
197 190 -1 1
196 190 -1 1
195 190 -1 1
138 190 -1 0
137 190 -1 0
136 190 -1 0
135 190 -1 0
134 190 -1 0
133 190 -1 0
132 190 -1 0
131 190 -1 0
130 190 -1 0
129 190 -1 0
128 190 -1 0
204 189 -1 1
203 189 -1 1
202 189 -1 1
201 189 -1 1
200 189 -1 1
199 189 -1 1
198 189 -1 1
197 189 -1 1
196 189 -1 1
138 189 -1 0
137 189 -1 0
136 189 -1 0
135 189 -1 0
134 189 -1 0
133 189 -1 0
132 189 -1 0
131 189 -1 0
130 189 -1 0
129 189 -1 0
128 189 -1 0
127 189 -1 0
204 188 -1 1
203 188 -1 1
202 188 -1 1
201 188 -1 1
200 188 -1 1
199 188 -1 1
198 188 -1 1
197 188 -1 1
196 188 -1 1
137 188 -1 0
136 188 -1 0
135 188 -1 0
134 188 -1 0
133 188 -1 0
132 188 -1 0
131 188 -1 0
130 188 -1 0
129 188 -1 0
128 188 -1 0
127 188 -1 0
205 187 -1 1
204 187 -1 1
203 187 -1 1
202 187 -1 1
201 187 -1 1
200 187 -1 1
199 187 -1 1
198 187 -1 1
197 187 -1 1
196 187 -1 1
195 187 -1 1
137 187 -1 0
136 187 -1 0
135 187 -1 0
134 187 -1 0
133 187 -1 0
132 187 -1 0
131 187 -1 0
130 187 -1 0
129 187 -1 0
128 187 -1 0
127 187 -1 0
126 187 -1 0
204 186 -1 1
203 186 -1 1
202 186 -1 1
201 186 -1 1
200 186 -1 1
199 186 -1 1
198 186 -1 1
197 186 -1 1
196 186 -1 1
137 186 -1 0
136 186 -1 0
135 186 -1 0
134 186 -1 0
133 186 -1 0
132 186 -1 0
131 186 -1 0
130 186 -1 0
129 186 -1 0
128 186 -1 0
127 186 -1 0
126 186 -1 0
205 185 -1 1
204 185 -1 1
203 185 -1 1
202 185 -1 1
201 185 -1 1
200 185 -1 1
199 185 -1 1
198 185 -1 1
197 185 -1 1
196 185 -1 1
195 185 -1 1
136 185 -1 0
135 185 -1 0
134 185 -1 0
133 185 -1 0
132 185 -1 0
131 185 -1 0
130 185 -1 0
129 185 -1 0
128 185 -1 0
127 185 -1 0
126 185 -1 0
204 184 -1 1
203 184 -1 1
202 184 -1 1
201 184 -1 1
200 184 -1 1
199 184 -1 1
198 184 -1 1
197 184 -1 1
196 184 -1 1
135 184 -1 0
134 184 -1 0
133 184 -1 0
132 184 -1 0
131 184 -1 0
130 184 -1 0
129 184 -1 0
128 184 -1 0
127 184 -1 0
126 184 -1 0
125 184 -1 0
205 183 -1 1
204 183 -1 1
203 183 -1 1
202 183 -1 1
201 183 -1 1
200 183 -1 1
199 183 -1 1
198 183 -1 1
197 183 -1 1
196 183 -1 1
195 183 -1 1
135 183 -1 0
134 183 -1 0
133 183 -1 0
132 183 -1 0
131 183 -1 0
130 183 -1 0
129 183 -1 0
128 183 -1 0
127 183 -1 0
126 183 -1 0
204 182 -1 1
203 182 -1 1
202 182 -1 1
201 182 -1 1
200 182 -1 1
199 182 -1 1
198 182 -1 1
197 182 -1 1
196 182 -1 1
135 182 -1 0
134 182 -1 0
133 182 -1 0
132 182 -1 0
131 182 -1 0
130 182 -1 0
129 182 -1 0
128 182 -1 0
127 182 -1 0
126 182 -1 0
204 181 -1 1
203 181 -1 1
202 181 -1 1
201 181 -1 1
200 181 -1 1
199 181 -1 1
198 181 -1 1
197 181 -1 1
196 181 -1 1
135 181 -1 0
134 181 -1 0
133 181 -1 0
132 181 -1 0
131 181 -1 0
130 181 -1 0
129 181 -1 0
128 181 -1 0
127 181 -1 0
126 181 -1 0
125 181 -1 0
204 180 -1 1
203 180 -1 1
202 180 -1 1
201 180 -1 1
200 180 -1 1
199 180 -1 1
198 180 -1 1
197 180 -1 1
196 180 -1 1
135 180 -1 0
134 180 -1 0
133 180 -1 0
132 180 -1 0
131 180 -1 0
130 180 -1 0
129 180 -1 0
128 180 -1 0
127 180 -1 0
126 180 -1 0
125 180 -1 0
205 179 -1 1
204 179 -1 1
203 179 -1 1
202 179 -1 1
201 179 -1 1
200 179 -1 1
199 179 -1 1
198 179 -1 1
197 179 -1 1
196 179 -1 1
195 179 -1 1
134 179 -1 0
133 179 -1 0
132 179 -1 0
131 179 -1 0
130 179 -1 0
129 179 -1 0
128 179 -1 0
127 179 -1 0
126 179 -1 0
205 178 -1 1
204 178 -1 1
203 178 -1 1
202 178 -1 1
201 178 -1 1
200 178 -1 1
199 178 -1 1
198 178 -1 1
197 178 -1 1
196 178 -1 1
195 178 -1 1
135 178 -1 0
134 178 -1 0
133 178 -1 0
132 178 -1 0
131 178 -1 0
130 178 -1 0
129 178 -1 0
128 178 -1 0
127 178 -1 0
126 178 -1 0
125 178 -1 0
204 177 -1 1
203 177 -1 1
202 177 -1 1
201 177 -1 1
200 177 -1 1
199 177 -1 1
198 177 -1 1
197 177 -1 1
196 177 -1 1
134 177 -1 0
133 177 -1 0
132 177 -1 0
131 177 -1 0
130 177 -1 0
129 177 -1 0
128 177 -1 0
127 177 -1 0
126 177 -1 0
204 176 -1 1
203 176 -1 1
202 176 -1 1
201 176 -1 1
200 176 -1 1
199 176 -1 1
198 176 -1 1
197 176 -1 1
196 176 -1 1
135 176 -1 0
134 176 -1 0
133 176 -1 0
132 176 -1 0
131 176 -1 0
130 176 -1 0
129 176 -1 0
128 176 -1 0
127 176 -1 0
126 176 -1 0
125 176 -1 0
204 175 -1 1
203 175 -1 1
202 175 -1 1
201 175 -1 1
200 175 -1 1
199 175 -1 1
198 175 -1 1
197 175 -1 1
196 175 -1 1
134 175 -1 0
133 175 -1 0
132 175 -1 0
131 175 -1 0
130 175 -1 0
129 175 -1 0
128 175 -1 0
127 175 -1 0
126 175 -1 0
125 175 -1 0
205 174 -1 1
204 174 -1 1
203 174 -1 1
202 174 -1 1
201 174 -1 1
200 174 -1 1
199 174 -1 1
198 174 -1 1
197 174 -1 1
196 174 -1 1
195 174 -1 1
135 174 -1 0
134 174 -1 0
133 174 -1 0
132 174 -1 0
131 174 -1 0
130 174 -1 0
129 174 -1 0
128 174 -1 0
127 174 -1 0
126 174 -1 0
125 174 -1 0
204 173 -1 1
203 173 -1 1
202 173 -1 1
201 173 -1 1
200 173 -1 1
199 173 -1 1
198 173 -1 1
197 173 -1 1
196 173 -1 1
134 173 -1 0
133 173 -1 0
132 173 -1 0
131 173 -1 0
130 173 -1 0
129 173 -1 0
128 173 -1 0
127 173 -1 0
126 173 -1 0
125 173 -1 0
204 172 -1 1
203 172 -1 1
202 172 -1 1
201 172 -1 1
200 172 -1 1
199 172 -1 1
198 172 -1 1
197 172 -1 1
196 172 -1 1
134 172 -1 0
133 172 -1 0
132 172 -1 0
131 172 -1 0
130 172 -1 0
129 172 -1 0
128 172 -1 0
127 172 -1 0
126 172 -1 0
125 172 -1 0
124 172 -1 0
205 171 -1 1
204 171 -1 1
203 171 -1 1
202 171 -1 1
201 171 -1 1
200 171 -1 1
199 171 -1 1
198 171 -1 1
197 171 -1 1
196 171 -1 1
195 171 -1 1
134 171 -1 0
133 171 -1 0
132 171 -1 0
131 171 -1 0
130 171 -1 0
129 171 -1 0
128 171 -1 0
127 171 -1 0
126 171 -1 0
125 171 -1 0
124 171 -1 0
204 170 -1 1
203 170 -1 1
202 170 -1 1
201 170 -1 1
200 170 -1 1
199 170 -1 1
198 170 -1 1
197 170 -1 1
196 170 -1 1
133 170 -1 0
132 170 -1 0
131 170 -1 0
130 170 -1 0
129 170 -1 0
128 170 -1 0
127 170 -1 0
126 170 -1 0
125 170 -1 0
124 170 -1 0
123 170 -1 0
205 169 -1 1
204 169 -1 1
203 169 -1 1
202 169 -1 1
201 169 -1 1
200 169 -1 1
199 169 -1 1
198 169 -1 1
197 169 -1 1
196 169 -1 1
195 169 -1 1
133 169 -1 0
132 169 -1 0
131 169 -1 0
130 169 -1 0
129 169 -1 0
128 169 -1 0
127 169 -1 0
126 169 -1 0
125 169 -1 0
124 169 -1 0
123 169 -1 0
122 169 -1 0
204 168 -1 1
203 168 -1 1
202 168 -1 1
201 168 -1 1
200 168 -1 1
199 168 -1 1
198 168 -1 1
197 168 -1 1
196 168 -1 1
132 168 -1 0
131 168 -1 0
130 168 -1 0
129 168 -1 0
128 168 -1 0
127 168 -1 0
126 168 -1 0
125 168 -1 0
124 168 -1 0
123 168 -1 0
122 168 -1 0
204 167 -1 1
203 167 -1 1
202 167 -1 1
201 167 -1 1
200 167 -1 1
199 167 -1 1
198 167 -1 1
197 167 -1 1
196 167 -1 1
132 167 -1 0
131 167 -1 0
130 167 -1 0
129 167 -1 0
128 167 -1 0
127 167 -1 0
126 167 -1 0
125 167 -1 0
124 167 -1 0
123 167 -1 0
122 167 -1 0
205 166 -1 1
204 166 -1 1
203 166 -1 1
202 166 -1 1
201 166 -1 1
200 166 -1 1
199 166 -1 1
198 166 -1 1
197 166 -1 1
196 166 -1 1
195 166 -1 1
132 166 -1 0
131 166 -1 0
130 166 -1 0
129 166 -1 0
128 166 -1 0
127 166 -1 0
126 166 -1 0
125 166 -1 0
124 166 -1 0
123 166 -1 0
122 166 -1 0
121 166 -1 0
204 165 -1 1
203 165 -1 1
202 165 -1 1
201 165 -1 1
200 165 -1 1
199 165 -1 1
198 165 -1 1
197 165 -1 1
196 165 -1 1
131 165 -1 0
130 165 -1 0
129 165 -1 0
128 165 -1 0
127 165 -1 0
126 165 -1 0
125 165 -1 0
124 165 -1 0
123 165 -1 0
122 165 -1 0
121 165 -1 0
204 164 -1 1
203 164 -1 1
202 164 -1 1
201 164 -1 1
200 164 -1 1
199 164 -1 1
198 164 -1 1
197 164 -1 1
196 164 -1 1
131 164 -1 0
130 164 -1 0
129 164 -1 0
128 164 -1 0
127 164 -1 0
126 164 -1 0
125 164 -1 0
124 164 -1 0
123 164 -1 0
122 164 -1 0
121 164 -1 0
204 163 -1 1
203 163 -1 1
202 163 -1 1
201 163 -1 1
200 163 -1 1
199 163 -1 1
198 163 -1 1
197 163 -1 1
196 163 -1 1
130 163 -1 0
129 163 -1 0
128 163 -1 0
127 163 -1 0
126 163 -1 0
125 163 -1 0
124 163 -1 0
123 163 -1 0
122 163 -1 0
121 163 -1 0
120 163 -1 0
289 162 -1 0
204 162 -1 1
203 162 -1 1
202 162 -1 1
201 162 -1 1
200 162 -1 1
199 162 -1 1
198 162 -1 1
197 162 -1 1
196 162 -1 1
130 162 -1 0
129 162 -1 0
128 162 -1 0
127 162 -1 0
126 162 -1 0
125 162 -1 0
124 162 -1 0
123 162 -1 0
122 162 -1 0
121 162 -1 0
292 161 -1 0
291 161 -1 0
290 161 -1 0
289 161 -1 0
288 161 -1 0
287 161 -1 0
286 161 -1 0
205 161 -1 1
204 161 -1 1
203 161 -1 1
202 161 -1 1
201 161 -1 1
200 161 -1 1
199 161 -1 1
198 161 -1 1
197 161 -1 1
196 161 -1 1
195 161 -1 1
130 161 -1 0
129 161 -1 0
128 161 -1 0
127 161 -1 0
126 161 -1 0
125 161 -1 0
124 161 -1 0
123 161 -1 0
122 161 -1 0
121 161 -1 0
120 161 -1 0
293 160 -1 0
292 160 -1 0
291 160 -1 0
290 160 -1 0
289 160 -1 0
288 160 -1 0
287 160 -1 0
286 160 -1 0
285 160 -1 0
204 160 -1 1
203 160 -1 1
202 160 -1 1
201 160 -1 1
200 160 -1 1
199 160 -1 1
198 160 -1 1
197 160 -1 1
196 160 -1 1
130 160 -1 0
129 160 -1 0
128 160 -1 0
127 160 -1 0
126 160 -1 0
125 160 -1 0
124 160 -1 0
123 160 -1 0
122 160 -1 0
121 160 -1 0
120 160 -1 0
293 159 -1 0
292 159 -1 0
291 159 -1 0
290 159 -1 0
289 159 -1 0
288 159 -1 0
287 159 -1 0
286 159 -1 0
285 159 -1 0
205 159 -1 1
204 159 -1 1
203 159 -1 1
202 159 -1 1
201 159 -1 1
200 159 -1 1
199 159 -1 1
198 159 -1 1
197 159 -1 1
196 159 -1 1
195 159 -1 1
129 159 -1 0
128 159 -1 0
127 159 -1 0
126 159 -1 0
125 159 -1 0
124 159 -1 0
123 159 -1 0
122 159 -1 0
121 159 -1 0
120 159 -1 0
294 158 -1 0
293 158 -1 0
292 158 -1 0
291 158 -1 0
290 158 -1 0
289 158 -1 0
288 158 -1 0
287 158 -1 0
286 158 -1 0
285 158 -1 0
204 158 -1 1
203 158 -1 1
202 158 -1 1
201 158 -1 1
200 158 -1 1
199 158 -1 1
198 158 -1 1
197 158 -1 1
196 158 -1 1
129 158 -1 0
128 158 -1 0
127 158 -1 0
126 158 -1 0
125 158 -1 0
124 158 -1 0
123 158 -1 0
122 158 -1 0
121 158 -1 0
120 158 -1 0
294 157 -1 0
293 157 -1 0
292 157 -1 0
291 157 -1 0
290 157 -1 0
289 157 -1 0
288 157 -1 0
287 157 -1 0
286 157 -1 0
285 157 -1 0
284 157 -1 0
204 157 -1 1
203 157 -1 1
202 157 -1 1
201 157 -1 1
200 157 -1 1
199 157 -1 1
198 157 -1 1
197 157 -1 1
196 157 -1 1
129 157 -1 0
128 157 -1 0
127 157 -1 0
126 157 -1 0
125 157 -1 0
124 157 -1 0
123 157 -1 0
122 157 -1 0
121 157 -1 0
120 157 -1 0
294 156 -1 0
293 156 -1 0
292 156 -1 0
291 156 -1 0
290 156 -1 0
289 156 -1 0
288 156 -1 0
287 156 -1 0
286 156 -1 0
285 156 -1 0
205 156 -1 1
204 156 -1 1
203 156 -1 1
202 156 -1 1
201 156 -1 1
200 156 -1 1
199 156 -1 1
198 156 -1 1
197 156 -1 1
196 156 -1 1
195 156 -1 1
129 156 -1 0
128 156 -1 0
127 156 -1 0
126 156 -1 0
125 156 -1 0
124 156 -1 0
123 156 -1 0
122 156 -1 0
121 156 -1 0
120 156 -1 0
119 156 -1 0
295 155 -1 0
294 155 -1 0
293 155 -1 0
292 155 -1 0
291 155 -1 0
290 155 -1 0
289 155 -1 0
288 155 -1 0
287 155 -1 0
286 155 -1 0
285 155 -1 0
204 155 -1 1
203 155 -1 1
202 155 -1 1
201 155 -1 1
200 155 -1 1
199 155 -1 1
198 155 -1 1
197 155 -1 1
196 155 -1 1
128 155 -1 0
127 155 -1 0
126 155 -1 0
125 155 -1 0
124 155 -1 0
123 155 -1 0
122 155 -1 0
121 155 -1 0
120 155 -1 0
295 154 -1 0
294 154 -1 0
293 154 -1 0
292 154 -1 0
291 154 -1 0
290 154 -1 0
289 154 -1 0
288 154 -1 0
287 154 -1 0
286 154 -1 0
285 154 -1 0
204 154 -1 1
203 154 -1 1
202 154 -1 1
201 154 -1 1
200 154 -1 1
199 154 -1 1
198 154 -1 1
197 154 -1 1
196 154 -1 1
128 154 -1 0
127 154 -1 0
126 154 -1 0
125 154 -1 0
124 154 -1 0
123 154 -1 0
122 154 -1 0
121 154 -1 0
120 154 -1 0
294 153 -1 0
293 153 -1 0
292 153 -1 0
291 153 -1 0
290 153 -1 0
289 153 -1 0
288 153 -1 0
287 153 -1 0
286 153 -1 0
204 153 -1 1
203 153 -1 1
202 153 -1 1
201 153 -1 1
200 153 -1 1
199 153 -1 1
198 153 -1 1
197 153 -1 1
196 153 -1 1
128 153 -1 0
127 153 -1 0
126 153 -1 0
125 153 -1 0
124 153 -1 0
123 153 -1 0
122 153 -1 0
121 153 -1 0
120 153 -1 0
294 152 -1 0
293 152 -1 0
292 152 -1 0
291 152 -1 0
290 152 -1 0
289 152 -1 0
288 152 -1 0
287 152 -1 0
286 152 -1 0
205 152 -1 1
204 152 -1 1
203 152 -1 1
202 152 -1 1
201 152 -1 1
200 152 -1 1
199 152 -1 1
198 152 -1 1
197 152 -1 1
196 152 -1 1
195 152 -1 1
128 152 -1 0
127 152 -1 0
126 152 -1 0
125 152 -1 0
124 152 -1 0
123 152 -1 0
122 152 -1 0
121 152 -1 0
120 152 -1 0
295 151 -1 0
294 151 -1 0
293 151 -1 0
292 151 -1 0
291 151 -1 0
290 151 -1 0
289 151 -1 0
288 151 -1 0
287 151 -1 0
286 151 -1 0
285 151 -1 0
204 151 -1 1
203 151 -1 1
202 151 -1 1
201 151 -1 1
200 151 -1 1
199 151 -1 1
198 151 -1 1
197 151 -1 1
196 151 -1 1
129 151 -1 0
128 151 -1 0
127 151 -1 0
126 151 -1 0
125 151 -1 0
124 151 -1 0
123 151 -1 0
122 151 -1 0
121 151 -1 0
120 151 -1 0
119 151 -1 0
294 150 -1 0
293 150 -1 0
292 150 -1 0
291 150 -1 0
290 150 -1 0
289 150 -1 0
288 150 -1 0
287 150 -1 0
286 150 -1 0
204 150 -1 1
203 150 -1 1
202 150 -1 1
201 150 -1 1
200 150 -1 1
199 150 -1 1
198 150 -1 1
197 150 -1 1
196 150 -1 1
128 150 -1 0
127 150 -1 0
126 150 -1 0
125 150 -1 0
124 150 -1 0
123 150 -1 0
122 150 -1 0
121 150 -1 0
120 150 -1 0
295 149 -1 0
294 149 -1 0
293 149 -1 0
292 149 -1 0
291 149 -1 0
290 149 -1 0
289 149 -1 0
288 149 -1 0
287 149 -1 0
286 149 -1 0
285 149 -1 0
204 149 -1 1
203 149 -1 1
202 149 -1 1
201 149 -1 1
200 149 -1 1
199 149 -1 1
198 149 -1 1
197 149 -1 1
196 149 -1 1
128 149 -1 0
127 149 -1 0
126 149 -1 0
125 149 -1 0
124 149 -1 0
123 149 -1 0
122 149 -1 0
121 149 -1 0
120 149 -1 0
294 148 -1 0
293 148 -1 0
292 148 -1 0
291 148 -1 0
290 148 -1 0
289 148 -1 0
288 148 -1 0
287 148 -1 0
286 148 -1 0
205 148 -1 1
204 148 -1 1
203 148 -1 1
202 148 -1 1
201 148 -1 1
200 148 -1 1
199 148 -1 1
198 148 -1 1
197 148 -1 1
196 148 -1 1
195 148 -1 1
128 148 -1 0
127 148 -1 0
126 148 -1 0
125 148 -1 0
124 148 -1 0
123 148 -1 0
122 148 -1 0
121 148 -1 0
120 148 -1 0
295 147 -1 0
294 147 -1 0
293 147 -1 0
292 147 -1 0
291 147 -1 0
290 147 -1 0
289 147 -1 0
288 147 -1 0
287 147 -1 0
286 147 -1 0
285 147 -1 0
205 147 -1 1
204 147 -1 1
203 147 -1 1
202 147 -1 1
201 147 -1 1
200 147 -1 1
199 147 -1 1
198 147 -1 1
197 147 -1 1
196 147 -1 1
195 147 -1 1
128 147 -1 0
127 147 -1 0
126 147 -1 0
125 147 -1 0
124 147 -1 0
123 147 -1 0
122 147 -1 0
121 147 -1 0
120 147 -1 0
294 146 -1 0
293 146 -1 0
292 146 -1 0
291 146 -1 0
290 146 -1 0
289 146 -1 0
288 146 -1 0
287 146 -1 0
286 146 -1 0
204 146 -1 1
203 146 -1 1
202 146 -1 1
201 146 -1 1
200 146 -1 1
199 146 -1 1
198 146 -1 1
197 146 -1 1
196 146 -1 1
129 146 -1 0
128 146 -1 0
127 146 -1 0
126 146 -1 0
125 146 -1 0
124 146 -1 0
123 146 -1 0
122 146 -1 0
121 146 -1 0
120 146 -1 0
119 146 -1 0
294 145 -1 0
293 145 -1 0
292 145 -1 0
291 145 -1 0
290 145 -1 0
289 145 -1 0
288 145 -1 0
287 145 -1 0
286 145 -1 0
204 145 -1 1
203 145 -1 1
202 145 -1 1
201 145 -1 1
200 145 -1 1
199 145 -1 1
198 145 -1 1
197 145 -1 1
196 145 -1 1
128 145 -1 0
127 145 -1 0
126 145 -1 0
125 145 -1 0
124 145 -1 0
123 145 -1 0
122 145 -1 0
121 145 -1 0
120 145 -1 0
294 144 -1 0
293 144 -1 0
292 144 -1 0
291 144 -1 0
290 144 -1 0
289 144 -1 0
288 144 -1 0
287 144 -1 0
286 144 -1 0
205 144 -1 1
204 144 -1 1
203 144 -1 1
202 144 -1 1
201 144 -1 1
200 144 -1 1
199 144 -1 1
198 144 -1 1
197 144 -1 1
196 144 -1 1
195 144 -1 1
128 144 -1 0
127 144 -1 0
126 144 -1 0
125 144 -1 0
124 144 -1 0
123 144 -1 0
122 144 -1 0
121 144 -1 0
120 144 -1 0
295 143 -1 0
294 143 -1 0
293 143 -1 0
292 143 -1 0
291 143 -1 0
290 143 -1 0
289 143 -1 0
288 143 -1 0
287 143 -1 0
286 143 -1 0
285 143 -1 0
204 143 -1 1
203 143 -1 1
202 143 -1 1
201 143 -1 1
200 143 -1 1
199 143 -1 1
198 143 -1 1
197 143 -1 1
196 143 -1 1
128 143 -1 0
127 143 -1 0
126 143 -1 0
125 143 -1 0
124 143 -1 0
123 143 -1 0
122 143 -1 0
121 143 -1 0
120 143 -1 0
294 142 -1 0
293 142 -1 0
292 142 -1 0
291 142 -1 0
290 142 -1 0
289 142 -1 0
288 142 -1 0
287 142 -1 0
286 142 -1 0
205 142 -1 1
204 142 -1 1
203 142 -1 1
202 142 -1 1
201 142 -1 1
200 142 -1 1
199 142 -1 1
198 142 -1 1
197 142 -1 1
196 142 -1 1
195 142 -1 1
127 142 -1 0
126 142 -1 0
125 142 -1 0
124 142 -1 0
123 142 -1 0
122 142 -1 0
121 142 -1 0
294 141 -1 0
293 141 -1 0
292 141 -1 0
291 141 -1 0
290 141 -1 0
289 141 -1 0
288 141 -1 0
287 141 -1 0
286 141 -1 0
204 141 -1 1
203 141 -1 1
202 141 -1 1
201 141 -1 1
200 141 -1 1
199 141 -1 1
198 141 -1 1
197 141 -1 1
196 141 -1 1
128 141 -1 0
127 141 -1 0
126 141 -1 0
125 141 -1 0
124 141 -1 0
123 141 -1 0
122 141 -1 0
121 141 -1 0
120 141 -1 0
294 140 -1 0
293 140 -1 0
292 140 -1 0
291 140 -1 0
290 140 -1 0
289 140 -1 0
288 140 -1 0
287 140 -1 0
286 140 -1 0
204 140 -1 1
203 140 -1 1
202 140 -1 1
201 140 -1 1
200 140 -1 1
199 140 -1 1
198 140 -1 1
197 140 -1 1
196 140 -1 1
128 140 -1 0
127 140 -1 0
126 140 -1 0
125 140 -1 0
124 140 -1 0
123 140 -1 0
122 140 -1 0
121 140 -1 0
120 140 -1 0
295 139 -1 0
294 139 -1 0
293 139 -1 0
292 139 -1 0
291 139 -1 0
290 139 -1 0
289 139 -1 0
288 139 -1 0
287 139 -1 0
286 139 -1 0
285 139 -1 0
204 139 -1 1
203 139 -1 1
202 139 -1 1
201 139 -1 1
200 139 -1 1
199 139 -1 1
198 139 -1 1
197 139 -1 1
196 139 -1 1
128 139 -1 0
127 139 -1 0
126 139 -1 0
125 139 -1 0
124 139 -1 0
123 139 -1 0
122 139 -1 0
121 139 -1 0
120 139 -1 0
295 138 -1 0
294 138 -1 0
293 138 -1 0
292 138 -1 0
291 138 -1 0
290 138 -1 0
289 138 -1 0
288 138 -1 0
287 138 -1 0
286 138 -1 0
285 138 -1 0
203 138 -1 1
202 138 -1 1
201 138 -1 1
200 138 -1 1
199 138 -1 1
198 138 -1 1
197 138 -1 1
129 138 -1 0
128 138 -1 0
127 138 -1 0
126 138 -1 0
125 138 -1 0
124 138 -1 0
123 138 -1 0
122 138 -1 0
121 138 -1 0
120 138 -1 0
119 138 -1 0
295 137 -1 0
294 137 -1 0
293 137 -1 0
292 137 -1 0
291 137 -1 0
290 137 -1 0
289 137 -1 0
288 137 -1 0
287 137 -1 0
286 137 -1 0
285 137 -1 0
200 137 -1 1
128 137 -1 0
127 137 -1 0
126 137 -1 0
125 137 -1 0
124 137 -1 0
123 137 -1 0
122 137 -1 0
121 137 -1 0
120 137 -1 0
294 136 -1 0
293 136 -1 0
292 136 -1 0
291 136 -1 0
290 136 -1 0
289 136 -1 0
288 136 -1 0
287 136 -1 0
286 136 -1 0
128 136 -1 0
127 136 -1 0
126 136 -1 0
125 136 -1 0
124 136 -1 0
123 136 -1 0
122 136 -1 0
121 136 -1 0
120 136 -1 0
295 135 -1 0
294 135 -1 0
293 135 -1 0
292 135 -1 0
291 135 -1 0
290 135 -1 0
289 135 -1 0
288 135 -1 0
287 135 -1 0
286 135 -1 0
285 135 -1 0
128 135 -1 0
127 135 -1 0
126 135 -1 0
125 135 -1 0
124 135 -1 0
123 135 -1 0
122 135 -1 0
121 135 -1 0
120 135 -1 0
295 134 -1 0
294 134 -1 0
293 134 -1 0
292 134 -1 0
291 134 -1 0
290 134 -1 0
289 134 -1 0
288 134 -1 0
287 134 -1 0
286 134 -1 0
285 134 -1 0
128 134 -1 0
127 134 -1 0
126 134 -1 0
125 134 -1 0
124 134 -1 0
123 134 -1 0
122 134 -1 0
121 134 -1 0
120 134 -1 0
294 133 -1 0
293 133 -1 0
292 133 -1 0
291 133 -1 0
290 133 -1 0
289 133 -1 0
288 133 -1 0
287 133 -1 0
286 133 -1 0
128 133 -1 0
127 133 -1 0
126 133 -1 0
125 133 -1 0
124 133 -1 0
123 133 -1 0
122 133 -1 0
121 133 -1 0
120 133 -1 0
294 132 -1 0
293 132 -1 0
292 132 -1 0
291 132 -1 0
290 132 -1 0
289 132 -1 0
288 132 -1 0
287 132 -1 0
286 132 -1 0
285 132 -1 0
284 132 -1 0
128 132 -1 0
127 132 -1 0
126 132 -1 0
125 132 -1 0
124 132 -1 0
123 132 -1 0
122 132 -1 0
121 132 -1 0
120 132 -1 0
294 131 -1 0
293 131 -1 0
292 131 -1 0
291 131 -1 0
290 131 -1 0
289 131 -1 0
288 131 -1 0
287 131 -1 0
286 131 -1 0
285 131 -1 0
284 131 -1 0
283 131 -1 0
129 131 -1 0
128 131 -1 0
127 131 -1 0
126 131 -1 0
125 131 -1 0
124 131 -1 0
123 131 -1 0
122 131 -1 0
121 131 -1 0
120 131 -1 0
119 131 -1 0
293 130 -1 0
292 130 -1 0
291 130 -1 0
290 130 -1 0
289 130 -1 0
288 130 -1 0
287 130 -1 0
286 130 -1 0
285 130 -1 0
284 130 -1 0
283 130 -1 0
128 130 -1 0
127 130 -1 0
126 130 -1 0
125 130 -1 0
124 130 -1 0
123 130 -1 0
122 130 -1 0
121 130 -1 0
120 130 -1 0
291 129 -1 0
290 129 -1 0
289 129 -1 0
288 129 -1 0
287 129 -1 0
286 129 -1 0
285 129 -1 0
284 129 -1 0
283 129 -1 0
128 129 -1 0
127 129 -1 0
126 129 -1 0
125 129 -1 0
124 129 -1 0
123 129 -1 0
122 129 -1 0
121 129 -1 0
120 129 -1 0
119 129 -1 0
292 128 -1 0
291 128 -1 0
290 128 -1 0
289 128 -1 0
288 128 -1 0
287 128 -1 0
286 128 -1 0
285 128 -1 0
284 128 -1 0
283 128 -1 0
282 128 -1 0
128 128 -1 0
127 128 -1 0
126 128 -1 0
125 128 -1 0
124 128 -1 0
123 128 -1 0
122 128 -1 0
121 128 -1 0
120 128 -1 0
119 128 -1 0
291 127 -1 0
290 127 -1 0
289 127 -1 0
288 127 -1 0
287 127 -1 0
286 127 -1 0
285 127 -1 0
284 127 -1 0
283 127 -1 0
127 127 -1 0
126 127 -1 0
125 127 -1 0
124 127 -1 0
123 127 -1 0
122 127 -1 0
121 127 -1 0
120 127 -1 0
119 127 -1 0
118 127 -1 0
117 127 -1 0
291 126 -1 0
290 126 -1 0
289 126 -1 0
288 126 -1 0
287 126 -1 0
286 126 -1 0
285 126 -1 0
284 126 -1 0
283 126 -1 0
128 126 -1 0
127 126 -1 0
126 126 -1 0
125 126 -1 0
124 126 -1 0
123 126 -1 0
122 126 -1 0
121 126 -1 0
120 126 -1 0
119 126 -1 0
118 126 -1 0
117 126 -1 0
116 126 -1 0
291 125 -1 0
290 125 -1 0
289 125 -1 0
288 125 -1 0
287 125 -1 0
286 125 -1 0
285 125 -1 0
284 125 -1 0
283 125 -1 0
127 125 -1 0
126 125 -1 0
125 125 -1 0
124 125 -1 0
123 125 -1 0
122 125 -1 0
121 125 -1 0
120 125 -1 0
119 125 -1 0
118 125 -1 0
117 125 -1 0
116 125 -1 0
290 124 -1 0
289 124 -1 0
288 124 -1 0
287 124 -1 0
286 124 -1 0
285 124 -1 0
284 124 -1 0
283 124 -1 0
282 124 -1 0
127 124 -1 0
126 124 -1 0
125 124 -1 0
124 124 -1 0
123 124 -1 0
122 124 -1 0
121 124 -1 0
120 124 -1 0
119 124 -1 0
118 124 -1 0
117 124 -1 0
116 124 -1 0
290 123 -1 0
289 123 -1 0
288 123 -1 0
287 123 -1 0
286 123 -1 0
285 123 -1 0
284 123 -1 0
283 123 -1 0
282 123 -1 0
128 123 -1 0
127 123 -1 0
126 123 -1 0
125 123 -1 0
124 123 -1 0
123 123 -1 0
122 123 -1 0
121 123 -1 0
120 123 -1 0
119 123 -1 0
118 123 -1 0
117 123 -1 0
116 123 -1 0
115 123 -1 0
290 122 -1 0
289 122 -1 0
288 122 -1 0
287 122 -1 0
286 122 -1 0
285 122 -1 0
284 122 -1 0
283 122 -1 0
282 122 -1 0
127 122 -1 0
126 122 -1 0
125 122 -1 0
124 122 -1 0
123 122 -1 0
122 122 -1 0
121 122 -1 0
120 122 -1 0
119 122 -1 0
118 122 -1 0
117 122 -1 0
116 122 -1 0
291 121 -1 0
290 121 -1 0
289 121 -1 0
288 121 -1 0
287 121 -1 0
286 121 -1 0
285 121 -1 0
284 121 -1 0
283 121 -1 0
282 121 -1 0
281 121 -1 0
127 121 -1 0
126 121 -1 0
125 121 -1 0
124 121 -1 0
123 121 -1 0
122 121 -1 0
121 121 -1 0
120 121 -1 0
119 121 -1 0
118 121 -1 0
117 121 -1 0
116 121 -1 0
290 120 -1 0
289 120 -1 0
288 120 -1 0
287 120 -1 0
286 120 -1 0
285 120 -1 0
284 120 -1 0
283 120 -1 0
282 120 -1 0
127 120 -1 0
126 120 -1 0
125 120 -1 0
124 120 -1 0
123 120 -1 0
122 120 -1 0
121 120 -1 0
120 120 -1 0
119 120 -1 0
118 120 -1 0
117 120 -1 0
116 120 -1 0
290 119 -1 0
289 119 -1 0
288 119 -1 0
287 119 -1 0
286 119 -1 0
285 119 -1 0
284 119 -1 0
283 119 -1 0
282 119 -1 0
126 119 -1 0
125 119 -1 0
124 119 -1 0
123 119 -1 0
122 119 -1 0
121 119 -1 0
120 119 -1 0
119 119 -1 0
118 119 -1 0
117 119 -1 0
290 118 -1 0
289 118 -1 0
288 118 -1 0
287 118 -1 0
286 118 -1 0
285 118 -1 0
284 118 -1 0
283 118 -1 0
282 118 -1 0
123 118 -1 0
122 118 -1 0
121 118 -1 0
120 118 -1 0
290 117 -1 0
289 117 -1 0
288 117 -1 0
287 117 -1 0
286 117 -1 0
285 117 -1 0
284 117 -1 0
283 117 -1 0
282 117 -1 0
290 116 -1 0
289 116 -1 0
288 116 -1 0
287 116 -1 0
286 116 -1 0
285 116 -1 0
284 116 -1 0
283 116 -1 0
282 116 -1 0
290 115 -1 0
289 115 -1 0
288 115 -1 0
287 115 -1 0
286 115 -1 0
285 115 -1 0
284 115 -1 0
283 115 -1 0
282 115 -1 0
291 114 -1 0
290 114 -1 0
289 114 -1 0
288 114 -1 0
287 114 -1 0
286 114 -1 0
285 114 -1 0
284 114 -1 0
283 114 -1 0
282 114 -1 0
281 114 -1 0
290 113 -1 0
289 113 -1 0
288 113 -1 0
287 113 -1 0
286 113 -1 0
285 113 -1 0
284 113 -1 0
283 113 -1 0
282 113 -1 0
290 112 -1 0
289 112 -1 0
288 112 -1 0
287 112 -1 0
286 112 -1 0
285 112 -1 0
284 112 -1 0
283 112 -1 0
282 112 -1 0
290 111 -1 0
289 111 -1 0
288 111 -1 0
287 111 -1 0
286 111 -1 0
285 111 -1 0
284 111 -1 0
283 111 -1 0
282 111 -1 0
289 110 -1 0
288 110 -1 0
287 110 -1 0
286 110 -1 0
285 110 -1 0
284 110 -1 0
283 110 -1 0
282 110 -1 0
281 110 -1 0
289 109 -1 0
288 109 -1 0
287 109 -1 0
286 109 -1 0
285 109 -1 0
284 109 -1 0
283 109 -1 0
282 109 -1 0
281 109 -1 0
289 108 -1 0
288 108 -1 0
287 108 -1 0
286 108 -1 0
285 108 -1 0
284 108 -1 0
283 108 -1 0
282 108 -1 0
281 108 -1 0
290 107 -1 0
289 107 -1 0
288 107 -1 0
287 107 -1 0
286 107 -1 0
285 107 -1 0
284 107 -1 0
283 107 -1 0
282 107 -1 0
281 107 -1 0
280 107 -1 0
289 106 -1 0
288 106 -1 0
287 106 -1 0
286 106 -1 0
285 106 -1 0
284 106 -1 0
283 106 -1 0
282 106 -1 0
281 106 -1 0
289 105 -1 0
288 105 -1 0
287 105 -1 0
286 105 -1 0
285 105 -1 0
284 105 -1 0
283 105 -1 0
282 105 -1 0
281 105 -1 0
289 104 -1 0
288 104 -1 0
287 104 -1 0
286 104 -1 0
285 104 -1 0
284 104 -1 0
283 104 -1 0
282 104 -1 0
281 104 -1 0
280 104 -1 0
288 103 -1 0
287 103 -1 0
286 103 -1 0
285 103 -1 0
284 103 -1 0
283 103 -1 0
282 103 -1 0
281 103 -1 0
280 103 -1 0
279 103 -1 0
287 102 -1 0
286 102 -1 0
285 102 -1 0
284 102 -1 0
283 102 -1 0
282 102 -1 0
281 102 -1 0
280 102 -1 0
279 102 -1 0
287 101 -1 0
286 101 -1 0
285 101 -1 0
284 101 -1 0
283 101 -1 0
282 101 -1 0
281 101 -1 0
280 101 -1 0
279 101 -1 0
288 100 -1 0
287 100 -1 0
286 100 -1 0
285 100 -1 0
284 100 -1 0
283 100 -1 0
282 100 -1 0
281 100 -1 0
280 100 -1 0
279 100 -1 0
278 100 -1 0
287 99 -1 0
286 99 -1 0
285 99 -1 0
284 99 -1 0
283 99 -1 0
282 99 -1 0
281 99 -1 0
280 99 -1 0
279 99 -1 0
287 98 -1 0
286 98 -1 0
285 98 -1 0
284 98 -1 0
283 98 -1 0
282 98 -1 0
281 98 -1 0
280 98 -1 0
279 98 -1 0
287 97 -1 0
286 97 -1 0
285 97 -1 0
284 97 -1 0
283 97 -1 0
282 97 -1 0
281 97 -1 0
280 97 -1 0
279 97 -1 0
286 96 -1 0
285 96 -1 0
284 96 -1 0
283 96 -1 0
282 96 -1 0
281 96 -1 0
280 96 -1 0
284 95 -1 0
283 95 -1 0
282 95 -1 0
281 95 -1 0
280 95 -1 0
279 95 -1 0
278 95 -1 0
285 94 -1 0
284 94 -1 0
283 94 -1 0
282 94 -1 0
281 94 -1 0
280 94 -1 0
279 94 -1 0
278 94 -1 0
277 94 -1 0
285 93 -1 0
284 93 -1 0
283 93 -1 0
282 93 -1 0
281 93 -1 0
280 93 -1 0
279 93 -1 0
278 93 -1 0
277 93 -1 0
285 92 -1 0
284 92 -1 0
283 92 -1 0
282 92 -1 0
281 92 -1 0
280 92 -1 0
279 92 -1 0
278 92 -1 0
277 92 -1 0
286 91 -1 0
285 91 -1 0
284 91 -1 0
283 91 -1 0
282 91 -1 0
281 91 -1 0
280 91 -1 0
279 91 -1 0
278 91 -1 0
277 91 -1 0
276 91 -1 0
285 90 -1 0
284 90 -1 0
283 90 -1 0
282 90 -1 0
281 90 -1 0
280 90 -1 0
279 90 -1 0
278 90 -1 0
277 90 -1 0
285 89 -1 0
284 89 -1 0
283 89 -1 0
282 89 -1 0
281 89 -1 0
280 89 -1 0
279 89 -1 0
278 89 -1 0
277 89 -1 0
286 88 -1 0
285 88 -1 0
284 88 -1 0
283 88 -1 0
282 88 -1 0
281 88 -1 0
280 88 -1 0
279 88 -1 0
278 88 -1 0
277 88 -1 0
276 88 -1 0
285 87 -1 0
284 87 -1 0
283 87 -1 0
282 87 -1 0
281 87 -1 0
280 87 -1 0
279 87 -1 0
278 87 -1 0
277 87 -1 0
285 86 -1 0
284 86 -1 0
283 86 -1 0
282 86 -1 0
281 86 -1 0
280 86 -1 0
279 86 -1 0
278 86 -1 0
277 86 -1 0
285 85 -1 0
284 85 -1 0
283 85 -1 0
282 85 -1 0
281 85 -1 0
280 85 -1 0
279 85 -1 0
278 85 -1 0
277 85 -1 0
284 84 -1 0
283 84 -1 0
282 84 -1 0
281 84 -1 0
280 84 -1 0
279 84 -1 0
278 84 -1 0
281 83 -1 0
