2764 408 341
321 273 -1 0
324 272 -1 0
323 272 -1 0
322 272 -1 0
321 272 -1 0
320 272 -1 0
319 272 -1 0
318 272 -1 0
325 271 -1 0
324 271 -1 0
323 271 -1 0
322 271 -1 0
321 271 -1 0
320 271 -1 0
319 271 -1 0
318 271 -1 0
317 271 -1 0
325 270 -1 0
324 270 -1 0
323 270 -1 0
322 270 -1 0
321 270 -1 0
320 270 -1 0
319 270 -1 0
318 270 -1 0
317 270 -1 0
325 269 -1 0
324 269 -1 0
323 269 -1 0
322 269 -1 0
321 269 -1 0
320 269 -1 0
319 269 -1 0
318 269 -1 0
317 269 -1 0
326 268 -1 0
325 268 -1 0
324 268 -1 0
323 268 -1 0
322 268 -1 0
321 268 -1 0
320 268 -1 0
319 268 -1 0
318 268 -1 0
317 268 -1 0
316 268 -1 0
326 267 -1 0
325 267 -1 0
324 267 -1 0
323 267 -1 0
322 267 -1 0
321 267 -1 0
320 267 -1 0
319 267 -1 0
318 267 -1 0
317 267 -1 0
316 267 -1 0
326 266 -1 0
325 266 -1 0
324 266 -1 0
323 266 -1 0
322 266 -1 0
321 266 -1 0
320 266 -1 0
319 266 -1 0
318 266 -1 0
317 266 -1 0
316 266 -1 0
325 265 -1 0
324 265 -1 0
323 265 -1 0
322 265 -1 0
321 265 -1 0
320 265 -1 0
319 265 -1 0
318 265 -1 0
317 265 -1 0
326 264 -1 0
325 264 -1 0
324 264 -1 0
323 264 -1 0
322 264 -1 0
321 264 -1 0
320 264 -1 0
319 264 -1 0
318 264 -1 0
317 264 -1 0
316 264 -1 0
326 263 -1 0
325 263 -1 0
324 263 -1 0
323 263 -1 0
322 263 -1 0
321 263 -1 0
320 263 -1 0
319 263 -1 0
318 263 -1 0
317 263 -1 0
316 263 -1 0
325 262 -1 0
324 262 -1 0
323 262 -1 0
322 262 -1 0
321 262 -1 0
320 262 -1 0
319 262 -1 0
318 262 -1 0
317 262 -1 0
325 261 -1 0
324 261 -1 0
323 261 -1 0
322 261 -1 0
321 261 -1 0
320 261 -1 0
319 261 -1 0
318 261 -1 0
317 261 -1 0
326 260 -1 0
325 260 -1 0
324 260 -1 0
323 260 -1 0
322 260 -1 0
321 260 -1 0
320 260 -1 0
319 260 -1 0
318 260 -1 0
317 260 -1 0
316 260 -1 0
326 259 -1 0
325 259 -1 0
324 259 -1 0
323 259 -1 0
322 259 -1 0
321 259 -1 0
320 259 -1 0
319 259 -1 0
318 259 -1 0
317 259 -1 0
316 259 -1 0
141 259 -1 0
140 259 -1 0
325 258 -1 0
324 258 -1 0
323 258 -1 0
322 258 -1 0
321 258 -1 0
320 258 -1 0
319 258 -1 0
318 258 -1 0
317 258 -1 0
144 258 -1 0
143 258 -1 0
142 258 -1 0
141 258 -1 0
140 258 -1 0
139 258 -1 0
138 258 -1 0
137 258 -1 0
325 257 -1 0
324 257 -1 0
323 257 -1 0
322 257 -1 0
321 257 -1 0
320 257 -1 0
319 257 -1 0
318 257 -1 0
317 257 -1 0
145 257 -1 0
144 257 -1 0
143 257 -1 0
142 257 -1 0
141 257 -1 0
140 257 -1 0
139 257 -1 0
138 257 -1 0
137 257 -1 0
136 257 -1 0
326 256 -1 0
325 256 -1 0
324 256 -1 0
323 256 -1 0
322 256 -1 0
321 256 -1 0
320 256 -1 0
319 256 -1 0
318 256 -1 0
317 256 -1 0
316 256 -1 0
145 256 -1 0
144 256 -1 0
143 256 -1 0
142 256 -1 0
141 256 -1 0
140 256 -1 0
139 256 -1 0
138 256 -1 0
137 256 -1 0
136 256 -1 0
325 255 -1 0
324 255 -1 0
323 255 -1 0
322 255 -1 0
321 255 -1 0
320 255 -1 0
319 255 -1 0
318 255 -1 0
317 255 -1 0
145 255 -1 0
144 255 -1 0
143 255 -1 0
142 255 -1 0
141 255 -1 0
140 255 -1 0
139 255 -1 0
138 255 -1 0
137 255 -1 0
136 255 -1 0
325 254 -1 0
324 254 -1 0
323 254 -1 0
322 254 -1 0
321 254 -1 0
320 254 -1 0
319 254 -1 0
318 254 -1 0
317 254 -1 0
146 254 -1 0
145 254 -1 0
144 254 -1 0
143 254 -1 0
142 254 -1 0
141 254 -1 0
140 254 -1 0
139 254 -1 0
138 254 -1 0
137 254 -1 0
136 254 -1 0
135 254 -1 0
326 253 -1 0
325 253 -1 0
324 253 -1 0
323 253 -1 0
322 253 -1 0
321 253 -1 0
320 253 -1 0
319 253 -1 0
318 253 -1 0
317 253 -1 0
316 253 -1 0
145 253 -1 0
144 253 -1 0
143 253 -1 0
142 253 -1 0
141 253 -1 0
140 253 -1 0
139 253 -1 0
138 253 -1 0
137 253 -1 0
136 253 -1 0
135 253 -1 0
325 252 -1 0
324 252 -1 0
323 252 -1 0
322 252 -1 0
321 252 -1 0
320 252 -1 0
319 252 -1 0
318 252 -1 0
317 252 -1 0
145 252 -1 0
144 252 -1 0
143 252 -1 0
142 252 -1 0
141 252 -1 0
140 252 -1 0
139 252 -1 0
138 252 -1 0
137 252 -1 0
136 252 -1 0
135 252 -1 0
134 252 -1 0
325 251 -1 0
324 251 -1 0
323 251 -1 0
322 251 -1 0
321 251 -1 0
320 251 -1 0
319 251 -1 0
318 251 -1 0
317 251 -1 0
145 251 -1 0
144 251 -1 0
143 251 -1 0
142 251 -1 0
141 251 -1 0
140 251 -1 0
139 251 -1 0
138 251 -1 0
137 251 -1 0
136 251 -1 0
135 251 -1 0
134 251 -1 0
325 250 -1 0
324 250 -1 0
323 250 -1 0
322 250 -1 0
321 250 -1 0
320 250 -1 0
319 250 -1 0
318 250 -1 0
317 250 -1 0
144 250 -1 0
143 250 -1 0
142 250 -1 0
141 250 -1 0
140 250 -1 0
139 250 -1 0
138 250 -1 0
137 250 -1 0
136 250 -1 0
135 250 -1 0
134 250 -1 0
325 249 -1 0
324 249 -1 0
323 249 -1 0
322 249 -1 0
321 249 -1 0
320 249 -1 0
319 249 -1 0
318 249 -1 0
317 249 -1 0
144 249 -1 0
143 249 -1 0
142 249 -1 0
141 249 -1 0
140 249 -1 0
139 249 -1 0
138 249 -1 0
137 249 -1 0
136 249 -1 0
135 249 -1 0
134 249 -1 0
133 249 -1 0
326 248 -1 0
325 248 -1 0
324 248 -1 0
323 248 -1 0
322 248 -1 0
321 248 -1 0
320 248 -1 0
319 248 -1 0
318 248 -1 0
317 248 -1 0
316 248 -1 0
143 248 -1 0
142 248 -1 0
141 248 -1 0
140 248 -1 0
139 248 -1 0
138 248 -1 0
137 248 -1 0
136 248 -1 0
135 248 -1 0
134 248 -1 0
133 248 -1 0
132 248 -1 0
325 247 -1 0
324 247 -1 0
323 247 -1 0
322 247 -1 0
321 247 -1 0
320 247 -1 0
319 247 -1 0
318 247 -1 0
317 247 -1 0
143 247 -1 0
142 247 -1 0
141 247 -1 0
140 247 -1 0
139 247 -1 0
138 247 -1 0
137 247 -1 0
136 247 -1 0
135 247 -1 0
134 247 -1 0
133 247 -1 0
132 247 -1 0
325 246 -1 0
324 246 -1 0
323 246 -1 0
322 246 -1 0
321 246 -1 0
320 246 -1 0
319 246 -1 0
318 246 -1 0
317 246 -1 0
142 246 -1 0
141 246 -1 0
140 246 -1 0
139 246 -1 0
138 246 -1 0
137 246 -1 0
136 246 -1 0
135 246 -1 0
134 246 -1 0
133 246 -1 0
132 246 -1 0
325 245 -1 0
324 245 -1 0
323 245 -1 0
322 245 -1 0
321 245 -1 0
320 245 -1 0
319 245 -1 0
318 245 -1 0
317 245 -1 0
142 245 -1 0
141 245 -1 0
140 245 -1 0
139 245 -1 0
138 245 -1 0
137 245 -1 0
136 245 -1 0
135 245 -1 0
134 245 -1 0
133 245 -1 0
132 245 -1 0
131 245 -1 0
325 244 -1 0
324 244 -1 0
323 244 -1 0
322 244 -1 0
321 244 -1 0
320 244 -1 0
319 244 -1 0
318 244 -1 0
317 244 -1 0
142 244 -1 0
141 244 -1 0
140 244 -1 0
139 244 -1 0
138 244 -1 0
137 244 -1 0
136 244 -1 0
135 244 -1 0
134 244 -1 0
133 244 -1 0
132 244 -1 0
131 244 -1 0
326 243 -1 0
325 243 -1 0
324 243 -1 0
323 243 -1 0
322 243 -1 0
321 243 -1 0
320 243 -1 0
319 243 -1 0
318 243 -1 0
317 243 -1 0
316 243 -1 0
141 243 -1 0
140 243 -1 0
139 243 -1 0
138 243 -1 0
137 243 -1 0
136 243 -1 0
135 243 -1 0
134 243 -1 0
133 243 -1 0
132 243 -1 0
131 243 -1 0
130 243 -1 0
325 242 -1 0
324 242 -1 0
323 242 -1 0
322 242 -1 0
321 242 -1 0
320 242 -1 0
319 242 -1 0
318 242 -1 0
317 242 -1 0
140 242 -1 0
139 242 -1 0
138 242 -1 0
137 242 -1 0
136 242 -1 0
135 242 -1 0
134 242 -1 0
133 242 -1 0
132 242 -1 0
131 242 -1 0
130 242 -1 0
326 241 -1 0
325 241 -1 0
324 241 -1 0
323 241 -1 0
322 241 -1 0
321 241 -1 0
320 241 -1 0
319 241 -1 0
318 241 -1 0
317 241 -1 0
316 241 -1 0
140 241 -1 0
139 241 -1 0
138 241 -1 0
137 241 -1 0
136 241 -1 0
135 241 -1 0
134 241 -1 0
133 241 -1 0
132 241 -1 0
131 241 -1 0
130 241 -1 0
325 240 -1 0
324 240 -1 0
323 240 -1 0
322 240 -1 0
321 240 -1 0
320 240 -1 0
319 240 -1 0
318 240 -1 0
317 240 -1 0
139 240 -1 0
138 240 -1 0
137 240 -1 0
136 240 -1 0
135 240 -1 0
134 240 -1 0
133 240 -1 0
132 240 -1 0
131 240 -1 0
130 240 -1 0
129 240 -1 0
325 239 -1 0
324 239 -1 0
323 239 -1 0
322 239 -1 0
321 239 -1 0
320 239 -1 0
319 239 -1 0
318 239 -1 0
317 239 -1 0
138 239 -1 0
137 239 -1 0
136 239 -1 0
135 239 -1 0
134 239 -1 0
133 239 -1 0
132 239 -1 0
131 239 -1 0
130 239 -1 0
129 239 -1 0
325 238 -1 0
324 238 -1 0
323 238 -1 0
322 238 -1 0
321 238 -1 0
320 238 -1 0
319 238 -1 0
318 238 -1 0
317 238 -1 0
139 238 -1 0
138 238 -1 0
137 238 -1 0
136 238 -1 0
135 238 -1 0
134 238 -1 0
133 238 -1 0
132 238 -1 0
131 238 -1 0
130 238 -1 0
129 238 -1 0
326 237 -1 0
325 237 -1 0
324 237 -1 0
323 237 -1 0
322 237 -1 0
321 237 -1 0
320 237 -1 0
319 237 -1 0
318 237 -1 0
317 237 -1 0
316 237 -1 0
138 237 -1 0
137 237 -1 0
136 237 -1 0
135 237 -1 0
134 237 -1 0
133 237 -1 0
132 237 -1 0
131 237 -1 0
130 237 -1 0
129 237 -1 0
128 237 -1 0
325 236 -1 0
324 236 -1 0
323 236 -1 0
322 236 -1 0
321 236 -1 0
320 236 -1 0
319 236 -1 0
318 236 -1 0
317 236 -1 0
138 236 -1 0
137 236 -1 0
136 236 -1 0
135 236 -1 0
134 236 -1 0
133 236 -1 0
132 236 -1 0
131 236 -1 0
130 236 -1 0
129 236 -1 0
128 236 -1 0
127 236 -1 0
325 235 -1 0
324 235 -1 0
323 235 -1 0
322 235 -1 0
321 235 -1 0
320 235 -1 0
319 235 -1 0
318 235 -1 0
317 235 -1 0
138 235 -1 0
137 235 -1 0
136 235 -1 0
135 235 -1 0
134 235 -1 0
133 235 -1 0
132 235 -1 0
131 235 -1 0
130 235 -1 0
129 235 -1 0
128 235 -1 0
127 235 -1 0
325 234 -1 0
324 234 -1 0
323 234 -1 0
322 234 -1 0
321 234 -1 0
320 234 -1 0
319 234 -1 0
318 234 -1 0
317 234 -1 0
137 234 -1 0
136 234 -1 0
135 234 -1 0
134 234 -1 0
133 234 -1 0
132 234 -1 0
131 234 -1 0
130 234 -1 0
129 234 -1 0
128 234 -1 0
127 234 -1 0
325 233 -1 0
324 233 -1 0
323 233 -1 0
322 233 -1 0
321 233 -1 0
320 233 -1 0
319 233 -1 0
318 233 -1 0
317 233 -1 0
316 233 -1 0
136 233 -1 0
135 233 -1 0
134 233 -1 0
133 233 -1 0
132 233 -1 0
131 233 -1 0
130 233 -1 0
129 233 -1 0
128 233 -1 0
127 233 -1 0
126 233 -1 0
326 232 -1 0
325 232 -1 0
324 232 -1 0
323 232 -1 0
322 232 -1 0
321 232 -1 0
320 232 -1 0
319 232 -1 0
318 232 -1 0
317 232 -1 0
316 232 -1 0
315 232 -1 0
135 232 -1 0
134 232 -1 0
133 232 -1 0
132 232 -1 0
131 232 -1 0
130 232 -1 0
129 232 -1 0
128 232 -1 0
127 232 -1 0
325 231 -1 0
324 231 -1 0
323 231 -1 0
322 231 -1 0
321 231 -1 0
320 231 -1 0
319 231 -1 0
318 231 -1 0
317 231 -1 0
316 231 -1 0
315 231 -1 0
135 231 -1 0
134 231 -1 0
133 231 -1 0
132 231 -1 0
131 231 -1 0
130 231 -1 0
129 231 -1 0
128 231 -1 0
127 231 -1 0
126 231 -1 0
325 230 -1 0
324 230 -1 0
323 230 -1 0
322 230 -1 0
321 230 -1 0
320 230 -1 0
319 230 -1 0
318 230 -1 0
317 230 -1 0
316 230 -1 0
315 230 -1 0
135 230 -1 0
134 230 -1 0
133 230 -1 0
132 230 -1 0
131 230 -1 0
130 230 -1 0
129 230 -1 0
128 230 -1 0
127 230 -1 0
126 230 -1 0
325 229 -1 0
324 229 -1 0
323 229 -1 0
322 229 -1 0
321 229 -1 0
320 229 -1 0
319 229 -1 0
318 229 -1 0
317 229 -1 0
316 229 -1 0
315 229 -1 0
314 229 -1 0
134 229 -1 0
133 229 -1 0
132 229 -1 0
131 229 -1 0
130 229 -1 0
129 229 -1 0
128 229 -1 0
127 229 -1 0
126 229 -1 0
324 228 -1 0
323 228 -1 0
322 228 -1 0
321 228 -1 0
320 228 -1 0
319 228 -1 0
318 228 -1 0
317 228 -1 0
316 228 -1 0
315 228 -1 0
135 228 -1 0
134 228 -1 0
133 228 -1 0
132 228 -1 0
131 228 -1 0
130 228 -1 0
129 228 -1 0
128 228 -1 0
127 228 -1 0
126 228 -1 0
125 228 -1 0
323 227 -1 0
322 227 -1 0
321 227 -1 0
320 227 -1 0
319 227 -1 0
318 227 -1 0
317 227 -1 0
316 227 -1 0
315 227 -1 0
134 227 -1 0
133 227 -1 0
132 227 -1 0
131 227 -1 0
130 227 -1 0
129 227 -1 0
128 227 -1 0
127 227 -1 0
126 227 -1 0
323 226 -1 0
322 226 -1 0
321 226 -1 0
320 226 -1 0
319 226 -1 0
318 226 -1 0
317 226 -1 0
316 226 -1 0
315 226 -1 0
134 226 -1 0
133 226 -1 0
132 226 -1 0
131 226 -1 0
130 226 -1 0
129 226 -1 0
128 226 -1 0
127 226 -1 0
126 226 -1 0
324 225 -1 0
323 225 -1 0
322 225 -1 0
321 225 -1 0
320 225 -1 0
319 225 -1 0
318 225 -1 0
317 225 -1 0
316 225 -1 0
315 225 -1 0
314 225 -1 0
135 225 -1 0
134 225 -1 0
133 225 -1 0
132 225 -1 0
131 225 -1 0
130 225 -1 0
129 225 -1 0
128 225 -1 0
127 225 -1 0
126 225 -1 0
125 225 -1 0
323 224 -1 0
322 224 -1 0
321 224 -1 0
320 224 -1 0
319 224 -1 0
318 224 -1 0
317 224 -1 0
316 224 -1 0
315 224 -1 0
314 224 -1 0
134 224 -1 0
133 224 -1 0
132 224 -1 0
131 224 -1 0
130 224 -1 0
129 224 -1 0
128 224 -1 0
127 224 -1 0
126 224 -1 0
125 224 -1 0
323 223 -1 0
322 223 -1 0
321 223 -1 0
320 223 -1 0
319 223 -1 0
318 223 -1 0
317 223 -1 0
316 223 -1 0
315 223 -1 0
314 223 -1 0
134 223 -1 0
133 223 -1 0
132 223 -1 0
131 223 -1 0
130 223 -1 0
129 223 -1 0
128 223 -1 0
127 223 -1 0
126 223 -1 0
125 223 -1 0
124 223 -1 0
323 222 -1 0
322 222 -1 0
321 222 -1 0
320 222 -1 0
319 222 -1 0
318 222 -1 0
317 222 -1 0
316 222 -1 0
315 222 -1 0
314 222 -1 0
313 222 -1 0
134 222 -1 0
133 222 -1 0
132 222 -1 0
131 222 -1 0
130 222 -1 0
129 222 -1 0
128 222 -1 0
127 222 -1 0
126 222 -1 0
125 222 -1 0
124 222 -1 0
322 221 -1 0
321 221 -1 0
320 221 -1 0
319 221 -1 0
318 221 -1 0
317 221 -1 0
316 221 -1 0
315 221 -1 0
314 221 -1 0
133 221 -1 0
132 221 -1 0
131 221 -1 0
130 221 -1 0
129 221 -1 0
128 221 -1 0
127 221 -1 0
126 221 -1 0
125 221 -1 0
124 221 -1 0
322 220 -1 0
321 220 -1 0
320 220 -1 0
319 220 -1 0
318 220 -1 0
317 220 -1 0
316 220 -1 0
315 220 -1 0
314 220 -1 0
133 220 -1 0
132 220 -1 0
131 220 -1 0
130 220 -1 0
129 220 -1 0
128 220 -1 0
127 220 -1 0
126 220 -1 0
125 220 -1 0
124 220 -1 0
123 220 -1 0
322 219 -1 0
321 219 -1 0
320 219 -1 0
319 219 -1 0
318 219 -1 0
317 219 -1 0
316 219 -1 0
315 219 -1 0
314 219 -1 0
132 219 -1 0
131 219 -1 0
130 219 -1 0
129 219 -1 0
128 219 -1 0
127 219 -1 0
126 219 -1 0
125 219 -1 0
124 219 -1 0
322 218 -1 0
321 218 -1 0
320 218 -1 0
319 218 -1 0
318 218 -1 0
317 218 -1 0
316 218 -1 0
315 218 -1 0
314 218 -1 0
132 218 -1 0
131 218 -1 0
130 218 -1 0
129 218 -1 0
128 218 -1 0
127 218 -1 0
126 218 -1 0
125 218 -1 0
124 218 -1 0
123 218 -1 0
322 217 -1 0
321 217 -1 0
320 217 -1 0
319 217 -1 0
318 217 -1 0
317 217 -1 0
316 217 -1 0
315 217 -1 0
314 217 -1 0
132 217 -1 0
131 217 -1 0
130 217 -1 0
129 217 -1 0
128 217 -1 0
127 217 -1 0
126 217 -1 0
125 217 -1 0
124 217 -1 0
123 217 -1 0
122 217 -1 0
322 216 -1 0
321 216 -1 0
320 216 -1 0
319 216 -1 0
318 216 -1 0
317 216 -1 0
316 216 -1 0
315 216 -1 0
314 216 -1 0
131 216 -1 0
130 216 -1 0
129 216 -1 0
128 216 -1 0
127 216 -1 0
126 216 -1 0
125 216 -1 0
124 216 -1 0
123 216 -1 0
122 216 -1 0
323 215 -1 0
322 215 -1 0
321 215 -1 0
320 215 -1 0
319 215 -1 0
318 215 -1 0
317 215 -1 0
316 215 -1 0
315 215 -1 0
314 215 -1 0
313 215 -1 0
130 215 -1 0
129 215 -1 0
128 215 -1 0
127 215 -1 0
126 215 -1 0
125 215 -1 0
124 215 -1 0
123 215 -1 0
122 215 -1 0
322 214 -1 0
321 214 -1 0
320 214 -1 0
319 214 -1 0
318 214 -1 0
317 214 -1 0
316 214 -1 0
315 214 -1 0
314 214 -1 0
131 214 -1 0
130 214 -1 0
129 214 -1 0
128 214 -1 0
127 214 -1 0
126 214 -1 0
125 214 -1 0
124 214 -1 0
123 214 -1 0
122 214 -1 0
121 214 -1 0
322 213 -1 0
321 213 -1 0
320 213 -1 0
319 213 -1 0
318 213 -1 0
317 213 -1 0
316 213 -1 0
315 213 -1 0
314 213 -1 0
130 213 -1 0
129 213 -1 0
128 213 -1 0
127 213 -1 0
126 213 -1 0
125 213 -1 0
124 213 -1 0
123 213 -1 0
122 213 -1 0
121 213 -1 0
322 212 -1 0
321 212 -1 0
320 212 -1 0
319 212 -1 0
318 212 -1 0
317 212 -1 0
316 212 -1 0
315 212 -1 0
314 212 -1 0
130 212 -1 0
129 212 -1 0
128 212 -1 0
127 212 -1 0
126 212 -1 0
125 212 -1 0
124 212 -1 0
123 212 -1 0
122 212 -1 0
121 212 -1 0
321 211 -1 0
320 211 -1 0
319 211 -1 0
318 211 -1 0
317 211 -1 0
316 211 -1 0
315 211 -1 0
314 211 -1 0
313 211 -1 0
219 211 -1 1
130 211 -1 0
129 211 -1 0
128 211 -1 0
127 211 -1 0
126 211 -1 0
125 211 -1 0
124 211 -1 0
123 211 -1 0
122 211 -1 0
121 211 -1 0
321 210 -1 0
320 210 -1 0
319 210 -1 0
318 210 -1 0
317 210 -1 0
316 210 -1 0
315 210 -1 0
314 210 -1 0
313 210 -1 0
222 210 -1 1
221 210 -1 1
220 210 -1 1
219 210 -1 1
218 210 -1 1
217 210 -1 1
216 210 -1 1
130 210 -1 0
129 210 -1 0
128 210 -1 0
127 210 -1 0
126 210 -1 0
125 210 -1 0
124 210 -1 0
123 210 -1 0
122 210 -1 0
121 210 -1 0
120 210 -1 0
321 209 -1 0
320 209 -1 0
319 209 -1 0
318 209 -1 0
317 209 -1 0
316 209 -1 0
315 209 -1 0
314 209 -1 0
313 209 -1 0
312 209 -1 0
223 209 -1 1
222 209 -1 1
221 209 -1 1
220 209 -1 1
219 209 -1 1
218 209 -1 1
217 209 -1 1
216 209 -1 1
215 209 -1 1
214 209 -1 1
129 209 -1 0
128 209 -1 0
127 209 -1 0
126 209 -1 0
125 209 -1 0
124 209 -1 0
123 209 -1 0
122 209 -1 0
121 209 -1 0
120 209 -1 0
322 208 -1 0
321 208 -1 0
320 208 -1 0
319 208 -1 0
318 208 -1 0
317 208 -1 0
316 208 -1 0
315 208 -1 0
314 208 -1 0
313 208 -1 0
312 208 -1 0
223 208 -1 1
222 208 -1 1
221 208 -1 1
220 208 -1 1
219 208 -1 1
218 208 -1 1
217 208 -1 1
216 208 -1 1
215 208 -1 1
214 208 -1 1
213 208 -1 1
212 208 -1 1
211 208 -1 1
129 208 -1 0
128 208 -1 0
127 208 -1 0
126 208 -1 0
125 208 -1 0
124 208 -1 0
123 208 -1 0
122 208 -1 0
121 208 -1 0
120 208 -1 0
321 207 -1 0
320 207 -1 0
319 207 -1 0
318 207 -1 0
317 207 -1 0
316 207 -1 0
315 207 -1 0
314 207 -1 0
313 207 -1 0
312 207 -1 0
223 207 -1 1
222 207 -1 1
221 207 -1 1
220 207 -1 1
219 207 -1 1
218 207 -1 1
217 207 -1 1
216 207 -1 1
215 207 -1 1
214 207 -1 1
213 207 -1 1
212 207 -1 1
211 207 -1 1
210 207 -1 1
209 207 -1 1
130 207 -1 0
129 207 -1 0
128 207 -1 0
127 207 -1 0
126 207 -1 0
125 207 -1 0
124 207 -1 0
123 207 -1 0
122 207 -1 0
121 207 -1 0
120 207 -1 0
321 206 -1 0
320 206 -1 0
319 206 -1 0
318 206 -1 0
317 206 -1 0
316 206 -1 0
315 206 -1 0
314 206 -1 0
313 206 -1 0
312 206 -1 0
311 206 -1 0
224 206 -1 1
223 206 -1 1
222 206 -1 1
221 206 -1 1
220 206 -1 1
219 206 -1 1
218 206 -1 1
217 206 -1 1
216 206 -1 1
215 206 -1 1
214 206 -1 1
213 206 -1 1
212 206 -1 1
211 206 -1 1
210 206 -1 1
209 206 -1 1
208 206 -1 1
207 206 -1 1
204 206 -1 1
129 206 -1 0
128 206 -1 0
127 206 -1 0
126 206 -1 0
125 206 -1 0
124 206 -1 0
123 206 -1 0
122 206 -1 0
121 206 -1 0
120 206 -1 0
119 206 -1 0
321 205 -1 0
320 205 -1 0
319 205 -1 0
318 205 -1 0
317 205 -1 0
316 205 -1 0
315 205 -1 0
314 205 -1 0
313 205 -1 0
312 205 -1 0
223 205 -1 1
222 205 -1 1
221 205 -1 1
220 205 -1 1
219 205 -1 1
218 205 -1 1
217 205 -1 1
216 205 -1 1
215 205 -1 1
214 205 -1 1
213 205 -1 1
212 205 -1 1
211 205 -1 1
210 205 -1 1
209 205 -1 1
208 205 -1 1
207 205 -1 1
206 205 -1 1
205 205 -1 1
204 205 -1 1
203 205 -1 1
202 205 -1 1
201 205 -1 1
199 205 -1 1
129 205 -1 0
128 205 -1 0
127 205 -1 0
126 205 -1 0
125 205 -1 0
124 205 -1 0
123 205 -1 0
122 205 -1 0
121 205 -1 0
120 205 -1 0
119 205 -1 0
320 204 -1 0
319 204 -1 0
318 204 -1 0
317 204 -1 0
316 204 -1 0
315 204 -1 0
314 204 -1 0
313 204 -1 0
312 204 -1 0
223 204 -1 1
222 204 -1 1
221 204 -1 1
220 204 -1 1
219 204 -1 1
218 204 -1 1
217 204 -1 1
216 204 -1 1
215 204 -1 1
214 204 -1 1
213 204 -1 1
212 204 -1 1
211 204 -1 1
210 204 -1 1
209 204 -1 1
208 204 -1 1
207 204 -1 1
206 204 -1 1
205 204 -1 1
204 204 -1 1
203 204 -1 1
202 204 -1 1
201 204 -1 1
200 204 -1 1
199 204 -1 1
198 204 -1 1
197 204 -1 1
196 204 -1 1
129 204 -1 0
128 204 -1 0
127 204 -1 0
126 204 -1 0
125 204 -1 0
124 204 -1 0
123 204 -1 0
122 204 -1 0
121 204 -1 0
120 204 -1 0
119 204 -1 0
320 203 -1 0
319 203 -1 0
318 203 -1 0
317 203 -1 0
316 203 -1 0
315 203 -1 0
314 203 -1 0
313 203 -1 0
312 203 -1 0
223 203 -1 1
222 203 -1 1
221 203 -1 1
220 203 -1 1
219 203 -1 1
218 203 -1 1
217 203 -1 1
216 203 -1 1
215 203 -1 1
214 203 -1 1
213 203 -1 1
212 203 -1 1
211 203 -1 1
210 203 -1 1
209 203 -1 1
208 203 -1 1
207 203 -1 1
206 203 -1 1
205 203 -1 1
204 203 -1 1
203 203 -1 1
202 203 -1 1
201 203 -1 1
200 203 -1 1
199 203 -1 1
198 203 -1 1
197 203 -1 1
196 203 -1 1
195 203 -1 1
128 203 -1 0
127 203 -1 0
126 203 -1 0
125 203 -1 0
124 203 -1 0
123 203 -1 0
122 203 -1 0
121 203 -1 0
120 203 -1 0
119 203 -1 0
319 202 -1 0
318 202 -1 0
317 202 -1 0
316 202 -1 0
315 202 -1 0
314 202 -1 0
313 202 -1 0
222 202 -1 1
221 202 -1 1
220 202 -1 1
219 202 -1 1
218 202 -1 1
217 202 -1 1
216 202 -1 1
215 202 -1 1
214 202 -1 1
213 202 -1 1
212 202 -1 1
211 202 -1 1
210 202 -1 1
209 202 -1 1
208 202 -1 1
207 202 -1 1
206 202 -1 1
205 202 -1 1
204 202 -1 1
203 202 -1 1
202 202 -1 1
201 202 -1 1
200 202 -1 1
199 202 -1 1
198 202 -1 1
197 202 -1 1
196 202 -1 1
195 202 -1 1
194 202 -1 1
128 202 -1 0
127 202 -1 0
126 202 -1 0
125 202 -1 0
124 202 -1 0
123 202 -1 0
122 202 -1 0
121 202 -1 0
120 202 -1 0
119 202 -1 0
118 202 -1 0
316 201 -1 0
315 201 -1 0
314 201 -1 0
313 201 -1 0
312 201 -1 0
311 201 -1 0
310 201 -1 0
221 201 -1 1
220 201 -1 1
219 201 -1 1
218 201 -1 1
217 201 -1 1
216 201 -1 1
215 201 -1 1
214 201 -1 1
213 201 -1 1
212 201 -1 1
211 201 -1 1
210 201 -1 1
209 201 -1 1
208 201 -1 1
207 201 -1 1
206 201 -1 1
205 201 -1 1
204 201 -1 1
203 201 -1 1
202 201 -1 1
201 201 -1 1
200 201 -1 1
199 201 -1 1
198 201 -1 1
197 201 -1 1
196 201 -1 1
195 201 -1 1
194 201 -1 1
193 201 -1 1
192 201 -1 1
191 201 -1 1
127 201 -1 0
126 201 -1 0
125 201 -1 0
124 201 -1 0
123 201 -1 0
122 201 -1 0
121 201 -1 0
120 201 -1 0
119 201 -1 0
317 200 -1 0
316 200 -1 0
315 200 -1 0
314 200 -1 0
313 200 -1 0
312 200 -1 0
311 200 -1 0
310 200 -1 0
309 200 -1 0
218 200 -1 1
217 200 -1 1
216 200 -1 1
215 200 -1 1
214 200 -1 1
213 200 -1 1
212 200 -1 1
211 200 -1 1
210 200 -1 1
209 200 -1 1
208 200 -1 1
207 200 -1 1
206 200 -1 1
205 200 -1 1
204 200 -1 1
203 200 -1 1
202 200 -1 1
201 200 -1 1
200 200 -1 1
199 200 -1 1
198 200 -1 1
197 200 -1 1
196 200 -1 1
195 200 -1 1
194 200 -1 1
193 200 -1 1
192 200 -1 1
191 200 -1 1
190 200 -1 1
189 200 -1 1
127 200 -1 0
126 200 -1 0
125 200 -1 0
124 200 -1 0
123 200 -1 0
122 200 -1 0
121 200 -1 0
120 200 -1 0
119 200 -1 0
317 199 -1 0
316 199 -1 0
315 199 -1 0
314 199 -1 0
313 199 -1 0
312 199 -1 0
311 199 -1 0
310 199 -1 0
309 199 -1 0
215 199 -1 1
214 199 -1 1
213 199 -1 1
212 199 -1 1
211 199 -1 1
210 199 -1 1
209 199 -1 1
208 199 -1 1
207 199 -1 1
206 199 -1 1
205 199 -1 1
204 199 -1 1
203 199 -1 1
202 199 -1 1
201 199 -1 1
200 199 -1 1
199 199 -1 1
198 199 -1 1
197 199 -1 1
196 199 -1 1
195 199 -1 1
194 199 -1 1
193 199 -1 1
192 199 -1 1
191 199 -1 1
190 199 -1 1
189 199 -1 1
188 199 -1 1
127 199 -1 0
126 199 -1 0
125 199 -1 0
124 199 -1 0
123 199 -1 0
122 199 -1 0
121 199 -1 0
120 199 -1 0
119 199 -1 0
317 198 -1 0
316 198 -1 0
315 198 -1 0
314 198 -1 0
313 198 -1 0
312 198 -1 0
311 198 -1 0
310 198 -1 0
309 198 -1 0
212 198 -1 1
211 198 -1 1
210 198 -1 1
209 198 -1 1
208 198 -1 1
207 198 -1 1
206 198 -1 1
205 198 -1 1
204 198 -1 1
203 198 -1 1
202 198 -1 1
201 198 -1 1
200 198 -1 1
199 198 -1 1
198 198 -1 1
197 198 -1 1
196 198 -1 1
195 198 -1 1
194 198 -1 1
193 198 -1 1
192 198 -1 1
191 198 -1 1
190 198 -1 1
189 198 -1 1
188 198 -1 1
187 198 -1 1
186 198 -1 1
127 198 -1 0
126 198 -1 0
125 198 -1 0
124 198 -1 0
123 198 -1 0
122 198 -1 0
121 198 -1 0
120 198 -1 0
119 198 -1 0
318 197 -1 0
317 197 -1 0
316 197 -1 0
315 197 -1 0
314 197 -1 0
313 197 -1 0
312 197 -1 0
311 197 -1 0
310 197 -1 0
309 197 -1 0
308 197 -1 0
210 197 -1 1
209 197 -1 1
208 197 -1 1
207 197 -1 1
206 197 -1 1
205 197 -1 1
204 197 -1 1
203 197 -1 1
202 197 -1 1
201 197 -1 1
200 197 -1 1
199 197 -1 1
198 197 -1 1
197 197 -1 1
196 197 -1 1
195 197 -1 1
194 197 -1 1
193 197 -1 1
192 197 -1 1
191 197 -1 1
190 197 -1 1
189 197 -1 1
188 197 -1 1
187 197 -1 1
186 197 -1 1
185 197 -1 1
128 197 -1 0
127 197 -1 0
126 197 -1 0
125 197 -1 0
124 197 -1 0
123 197 -1 0
122 197 -1 0
121 197 -1 0
120 197 -1 0
119 197 -1 0
118 197 -1 0
317 196 -1 0
316 196 -1 0
315 196 -1 0
314 196 -1 0
313 196 -1 0
312 196 -1 0
311 196 -1 0
310 196 -1 0
309 196 -1 0
207 196 -1 1
205 196 -1 1
204 196 -1 1
203 196 -1 1
202 196 -1 1
201 196 -1 1
200 196 -1 1
199 196 -1 1
198 196 -1 1
197 196 -1 1
196 196 -1 1
195 196 -1 1
194 196 -1 1
193 196 -1 1
192 196 -1 1
191 196 -1 1
190 196 -1 1
189 196 -1 1
188 196 -1 1
187 196 -1 1
186 196 -1 1
185 196 -1 1
184 196 -1 1
183 196 -1 1
127 196 -1 0
126 196 -1 0
125 196 -1 0
124 196 -1 0
123 196 -1 0
122 196 -1 0
121 196 -1 0
120 196 -1 0
119 196 -1 0
317 195 -1 0
316 195 -1 0
315 195 -1 0
314 195 -1 0
313 195 -1 0
312 195 -1 0
311 195 -1 0
310 195 -1 0
309 195 -1 0
202 195 -1 1
201 195 -1 1
200 195 -1 1
199 195 -1 1
198 195 -1 1
197 195 -1 1
196 195 -1 1
195 195 -1 1
194 195 -1 1
193 195 -1 1
192 195 -1 1
191 195 -1 1
190 195 -1 1
189 195 -1 1
188 195 -1 1
187 195 -1 1
186 195 -1 1
185 195 -1 1
184 195 -1 1
183 195 -1 1
182 195 -1 1
127 195 -1 0
126 195 -1 0
125 195 -1 0
124 195 -1 0
123 195 -1 0
122 195 -1 0
121 195 -1 0
120 195 -1 0
119 195 -1 0
118 195 -1 0
317 194 -1 0
316 194 -1 0
315 194 -1 0
314 194 -1 0
313 194 -1 0
312 194 -1 0
311 194 -1 0
310 194 -1 0
309 194 -1 0
201 194 -1 1
200 194 -1 1
199 194 -1 1
198 194 -1 1
197 194 -1 1
196 194 -1 1
195 194 -1 1
194 194 -1 1
193 194 -1 1
192 194 -1 1
191 194 -1 1
190 194 -1 1
189 194 -1 1
188 194 -1 1
187 194 -1 1
186 194 -1 1
185 194 -1 1
184 194 -1 1
183 194 -1 1
182 194 -1 1
181 194 -1 1
127 194 -1 0
126 194 -1 0
125 194 -1 0
124 194 -1 0
123 194 -1 0
122 194 -1 0
121 194 -1 0
120 194 -1 0
119 194 -1 0
118 194 -1 0
117 194 -1 0
317 193 -1 0
316 193 -1 0
315 193 -1 0
314 193 -1 0
313 193 -1 0
312 193 -1 0
311 193 -1 0
310 193 -1 0
309 193 -1 0
199 193 -1 1
198 193 -1 1
197 193 -1 1
196 193 -1 1
195 193 -1 1
194 193 -1 1
193 193 -1 1
192 193 -1 1
191 193 -1 1
190 193 -1 1
189 193 -1 1
188 193 -1 1
187 193 -1 1
186 193 -1 1
185 193 -1 1
184 193 -1 1
183 193 -1 1
182 193 -1 1
181 193 -1 1
180 193 -1 1
179 193 -1 1
126 193 -1 0
125 193 -1 0
124 193 -1 0
123 193 -1 0
122 193 -1 0
121 193 -1 0
120 193 -1 0
119 193 -1 0
118 193 -1 0
117 193 -1 0
317 192 -1 0
316 192 -1 0
315 192 -1 0
314 192 -1 0
313 192 -1 0
312 192 -1 0
311 192 -1 0
310 192 -1 0
309 192 -1 0
196 192 -1 1
195 192 -1 1
194 192 -1 1
193 192 -1 1
192 192 -1 1
191 192 -1 1
190 192 -1 1
189 192 -1 1
188 192 -1 1
187 192 -1 1
186 192 -1 1
185 192 -1 1
184 192 -1 1
183 192 -1 1
182 192 -1 1
181 192 -1 1
180 192 -1 1
179 192 -1 1
178 192 -1 1
177 192 -1 1
125 192 -1 0
124 192 -1 0
123 192 -1 0
122 192 -1 0
121 192 -1 0
120 192 -1 0
119 192 -1 0
118 192 -1 0
117 192 -1 0
318 191 -1 0
317 191 -1 0
316 191 -1 0
315 191 -1 0
314 191 -1 0
313 191 -1 0
312 191 -1 0
311 191 -1 0
310 191 -1 0
309 191 -1 0
308 191 -1 0
195 191 -1 1
194 191 -1 1
193 191 -1 1
192 191 -1 1
191 191 -1 1
190 191 -1 1
189 191 -1 1
188 191 -1 1
187 191 -1 1
186 191 -1 1
185 191 -1 1
184 191 -1 1
183 191 -1 1
182 191 -1 1
181 191 -1 1
180 191 -1 1
179 191 -1 1
178 191 -1 1
177 191 -1 1
176 191 -1 1
126 191 -1 0
125 191 -1 0
124 191 -1 0
123 191 -1 0
122 191 -1 0
121 191 -1 0
120 191 -1 0
119 191 -1 0
118 191 -1 0
117 191 -1 0
116 191 -1 0
317 190 -1 0
316 190 -1 0
315 190 -1 0
314 190 -1 0
313 190 -1 0
312 190 -1 0
311 190 -1 0
310 190 -1 0
309 190 -1 0
193 190 -1 1
192 190 -1 1
191 190 -1 1
190 190 -1 1
189 190 -1 1
188 190 -1 1
187 190 -1 1
186 190 -1 1
185 190 -1 1
184 190 -1 1
183 190 -1 1
182 190 -1 1
181 190 -1 1
180 190 -1 1
179 190 -1 1
178 190 -1 1
177 190 -1 1
176 190 -1 1
125 190 -1 0
124 190 -1 0
123 190 -1 0
122 190 -1 0
121 190 -1 0
120 190 -1 0
119 190 -1 0
118 190 -1 0
117 190 -1 0
317 189 -1 0
316 189 -1 0
315 189 -1 0
314 189 -1 0
313 189 -1 0
312 189 -1 0
311 189 -1 0
310 189 -1 0
309 189 -1 0
191 189 -1 1
190 189 -1 1
189 189 -1 1
188 189 -1 1
187 189 -1 1
186 189 -1 1
185 189 -1 1
184 189 -1 1
183 189 -1 1
182 189 -1 1
181 189 -1 1
180 189 -1 1
179 189 -1 1
178 189 -1 1
177 189 -1 1
176 189 -1 1
125 189 -1 0
124 189 -1 0
123 189 -1 0
122 189 -1 0
121 189 -1 0
120 189 -1 0
119 189 -1 0
118 189 -1 0
117 189 -1 0
317 188 -1 0
316 188 -1 0
315 188 -1 0
314 188 -1 0
313 188 -1 0
312 188 -1 0
311 188 -1 0
310 188 -1 0
309 188 -1 0
189 188 -1 1
188 188 -1 1
187 188 -1 1
186 188 -1 1
185 188 -1 1
184 188 -1 1
183 188 -1 1
182 188 -1 1
181 188 -1 1
180 188 -1 1
179 188 -1 1
178 188 -1 1
177 188 -1 1
176 188 -1 1
175 188 -1 1
126 188 -1 0
125 188 -1 0
124 188 -1 0
123 188 -1 0
122 188 -1 0
121 188 -1 0
120 188 -1 0
119 188 -1 0
118 188 -1 0
117 188 -1 0
116 188 -1 0
316 187 -1 0
315 187 -1 0
314 187 -1 0
313 187 -1 0
312 187 -1 0
311 187 -1 0
310 187 -1 0
188 187 -1 1
187 187 -1 1
186 187 -1 1
185 187 -1 1
184 187 -1 1
183 187 -1 1
182 187 -1 1
181 187 -1 1
180 187 -1 1
179 187 -1 1
178 187 -1 1
177 187 -1 1
176 187 -1 1
175 187 -1 1
174 187 -1 1
125 187 -1 0
124 187 -1 0
123 187 -1 0
122 187 -1 0
121 187 -1 0
120 187 -1 0
119 187 -1 0
118 187 -1 0
117 187 -1 0
116 187 -1 0
317 186 -1 0
316 186 -1 0
315 186 -1 0
314 186 -1 0
313 186 -1 0
312 186 -1 0
311 186 -1 0
310 186 -1 0
309 186 -1 0
187 186 -1 1
186 186 -1 1
185 186 -1 1
184 186 -1 1
183 186 -1 1
182 186 -1 1
181 186 -1 1
180 186 -1 1
179 186 -1 1
178 186 -1 1
177 186 -1 1
176 186 -1 1
175 186 -1 1
174 186 -1 1
173 186 -1 1
172 186 -1 1
125 186 -1 0
124 186 -1 0
123 186 -1 0
122 186 -1 0
121 186 -1 0
120 186 -1 0
119 186 -1 0
118 186 -1 0
117 186 -1 0
116 186 -1 0
317 185 -1 0
316 185 -1 0
315 185 -1 0
314 185 -1 0
313 185 -1 0
312 185 -1 0
311 185 -1 0
310 185 -1 0
309 185 -1 0
185 185 -1 1
184 185 -1 1
183 185 -1 1
182 185 -1 1
181 185 -1 1
180 185 -1 1
179 185 -1 1
178 185 -1 1
177 185 -1 1
176 185 -1 1
175 185 -1 1
174 185 -1 1
173 185 -1 1
172 185 -1 1
171 185 -1 1
125 185 -1 0
124 185 -1 0
123 185 -1 0
122 185 -1 0
121 185 -1 0
120 185 -1 0
119 185 -1 0
118 185 -1 0
117 185 -1 0
116 185 -1 0
115 185 -1 0
317 184 -1 0
316 184 -1 0
315 184 -1 0
314 184 -1 0
313 184 -1 0
312 184 -1 0
311 184 -1 0
310 184 -1 0
309 184 -1 0
184 184 -1 1
183 184 -1 1
182 184 -1 1
181 184 -1 1
180 184 -1 1
179 184 -1 1
178 184 -1 1
177 184 -1 1
176 184 -1 1
175 184 -1 1
174 184 -1 1
173 184 -1 1
172 184 -1 1
171 184 -1 1
124 184 -1 0
123 184 -1 0
122 184 -1 0
121 184 -1 0
120 184 -1 0
119 184 -1 0
118 184 -1 0
117 184 -1 0
116 184 -1 0
318 183 -1 0
317 183 -1 0
316 183 -1 0
315 183 -1 0
314 183 -1 0
313 183 -1 0
312 183 -1 0
311 183 -1 0
310 183 -1 0
309 183 -1 0
308 183 -1 0
183 183 -1 1
182 183 -1 1
181 183 -1 1
180 183 -1 1
179 183 -1 1
178 183 -1 1
177 183 -1 1
176 183 -1 1
175 183 -1 1
174 183 -1 1
173 183 -1 1
172 183 -1 1
171 183 -1 1
170 183 -1 1
124 183 -1 0
123 183 -1 0
122 183 -1 0
121 183 -1 0
120 183 -1 0
119 183 -1 0
118 183 -1 0
117 183 -1 0
116 183 -1 0
317 182 -1 0
316 182 -1 0
315 182 -1 0
314 182 -1 0
313 182 -1 0
312 182 -1 0
311 182 -1 0
310 182 -1 0
309 182 -1 0
182 182 -1 1
181 182 -1 1
180 182 -1 1
179 182 -1 1
178 182 -1 1
177 182 -1 1
176 182 -1 1
175 182 -1 1
174 182 -1 1
173 182 -1 1
172 182 -1 1
171 182 -1 1
170 182 -1 1
124 182 -1 0
123 182 -1 0
122 182 -1 0
121 182 -1 0
120 182 -1 0
119 182 -1 0
118 182 -1 0
117 182 -1 0
116 182 -1 0
317 181 -1 0
316 181 -1 0
315 181 -1 0
314 181 -1 0
313 181 -1 0
312 181 -1 0
311 181 -1 0
310 181 -1 0
309 181 -1 0
182 181 -1 1
181 181 -1 1
180 181 -1 1
179 181 -1 1
178 181 -1 1
177 181 -1 1
176 181 -1 1
175 181 -1 1
174 181 -1 1
173 181 -1 1
172 181 -1 1
171 181 -1 1
170 181 -1 1
169 181 -1 1
168 181 -1 1
167 181 -1 1
166 181 -1 1
164 181 -1 1
125 181 -1 0
124 181 -1 0
123 181 -1 0
122 181 -1 0
121 181 -1 0
120 181 -1 0
119 181 -1 0
118 181 -1 0
117 181 -1 0
116 181 -1 0
115 181 -1 0
317 180 -1 0
316 180 -1 0
315 180 -1 0
314 180 -1 0
313 180 -1 0
312 180 -1 0
311 180 -1 0
310 180 -1 0
309 180 -1 0
181 180 -1 1
180 180 -1 1
179 180 -1 1
178 180 -1 1
177 180 -1 1
176 180 -1 1
175 180 -1 1
174 180 -1 1
173 180 -1 1
172 180 -1 1
171 180 -1 1
170 180 -1 1
169 180 -1 1
168 180 -1 1
167 180 -1 1
166 180 -1 1
165 180 -1 1
164 180 -1 1
163 180 -1 1
162 180 -1 1
161 180 -1 1
124 180 -1 0
123 180 -1 0
122 180 -1 0
121 180 -1 0
120 180 -1 0
119 180 -1 0
118 180 -1 0
117 180 -1 0
116 180 -1 0
316 179 -1 0
315 179 -1 0
314 179 -1 0
313 179 -1 0
312 179 -1 0
311 179 -1 0
310 179 -1 0
179 179 -1 1
178 179 -1 1
177 179 -1 1
176 179 -1 1
175 179 -1 1
174 179 -1 1
173 179 -1 1
172 179 -1 1
171 179 -1 1
170 179 -1 1
169 179 -1 1
168 179 -1 1
167 179 -1 1
166 179 -1 1
165 179 -1 1
164 179 -1 1
163 179 -1 1
162 179 -1 1
161 179 -1 1
160 179 -1 1
124 179 -1 0
123 179 -1 0
122 179 -1 0
121 179 -1 0
120 179 -1 0
119 179 -1 0
118 179 -1 0
117 179 -1 0
116 179 -1 0
317 178 -1 0
316 178 -1 0
315 178 -1 0
314 178 -1 0
313 178 -1 0
312 178 -1 0
311 178 -1 0
310 178 -1 0
309 178 -1 0
178 178 -1 1
177 178 -1 1
176 178 -1 1
175 178 -1 1
174 178 -1 1
173 178 -1 1
172 178 -1 1
171 178 -1 1
170 178 -1 1
169 178 -1 1
168 178 -1 1
167 178 -1 1
166 178 -1 1
165 178 -1 1
164 178 -1 1
163 178 -1 1
162 178 -1 1
161 178 -1 1
160 178 -1 1
125 178 -1 0
124 178 -1 0
123 178 -1 0
122 178 -1 0
121 178 -1 0
120 178 -1 0
119 178 -1 0
118 178 -1 0
117 178 -1 0
116 178 -1 0
115 178 -1 0
317 177 -1 0
316 177 -1 0
315 177 -1 0
314 177 -1 0
313 177 -1 0
312 177 -1 0
311 177 -1 0
310 177 -1 0
309 177 -1 0
178 177 -1 1
177 177 -1 1
176 177 -1 1
175 177 -1 1
174 177 -1 1
173 177 -1 1
172 177 -1 1
171 177 -1 1
170 177 -1 1
169 177 -1 1
168 177 -1 1
167 177 -1 1
166 177 -1 1
165 177 -1 1
164 177 -1 1
163 177 -1 1
162 177 -1 1
161 177 -1 1
160 177 -1 1
125 177 -1 0
124 177 -1 0
123 177 -1 0
122 177 -1 0
121 177 -1 0
120 177 -1 0
119 177 -1 0
118 177 -1 0
117 177 -1 0
116 177 -1 0
115 177 -1 0
317 176 -1 0
316 176 -1 0
315 176 -1 0
314 176 -1 0
313 176 -1 0
312 176 -1 0
311 176 -1 0
310 176 -1 0
309 176 -1 0
177 176 -1 1
176 176 -1 1
175 176 -1 1
174 176 -1 1
173 176 -1 1
172 176 -1 1
171 176 -1 1
170 176 -1 1
169 176 -1 1
168 176 -1 1
167 176 -1 1
166 176 -1 1
165 176 -1 1
164 176 -1 1
163 176 -1 1
162 176 -1 1
161 176 -1 1
160 176 -1 1
159 176 -1 1
124 176 -1 0
123 176 -1 0
122 176 -1 0
121 176 -1 0
120 176 -1 0
119 176 -1 0
118 176 -1 0
117 176 -1 0
116 176 -1 0
115 176 -1 0
318 175 -1 0
317 175 -1 0
316 175 -1 0
315 175 -1 0
314 175 -1 0
313 175 -1 0
312 175 -1 0
311 175 -1 0
310 175 -1 0
309 175 -1 0
308 175 -1 0
174 175 -1 1
173 175 -1 1
172 175 -1 1
171 175 -1 1
170 175 -1 1
169 175 -1 1
168 175 -1 1
167 175 -1 1
166 175 -1 1
165 175 -1 1
164 175 -1 1
163 175 -1 1
162 175 -1 1
161 175 -1 1
160 175 -1 1
124 175 -1 0
123 175 -1 0
122 175 -1 0
121 175 -1 0
120 175 -1 0
119 175 -1 0
118 175 -1 0
117 175 -1 0
116 175 -1 0
115 175 -1 0
317 174 -1 0
316 174 -1 0
315 174 -1 0
314 174 -1 0
313 174 -1 0
312 174 -1 0
311 174 -1 0
310 174 -1 0
309 174 -1 0
174 174 -1 1
173 174 -1 1
172 174 -1 1
171 174 -1 1
170 174 -1 1
169 174 -1 1
168 174 -1 1
167 174 -1 1
166 174 -1 1
165 174 -1 1
164 174 -1 1
163 174 -1 1
162 174 -1 1
161 174 -1 1
160 174 -1 1
124 174 -1 0
123 174 -1 0
122 174 -1 0
121 174 -1 0
120 174 -1 0
119 174 -1 0
118 174 -1 0
117 174 -1 0
116 174 -1 0
115 174 -1 0
317 173 -1 0
316 173 -1 0
315 173 -1 0
314 173 -1 0
313 173 -1 0
312 173 -1 0
311 173 -1 0
310 173 -1 0
309 173 -1 0
174 173 -1 1
173 173 -1 1
172 173 -1 1
171 173 -1 1
170 173 -1 1
169 173 -1 1
168 173 -1 1
167 173 -1 1
166 173 -1 1
165 173 -1 1
164 173 -1 1
163 173 -1 1
162 173 -1 1
161 173 -1 1
160 173 -1 1
124 173 -1 0
123 173 -1 0
122 173 -1 0
121 173 -1 0
120 173 -1 0
119 173 -1 0
118 173 -1 0
117 173 -1 0
116 173 -1 0
115 173 -1 0
114 173 -1 0
317 172 -1 0
316 172 -1 0
315 172 -1 0
314 172 -1 0
313 172 -1 0
312 172 -1 0
311 172 -1 0
310 172 -1 0
309 172 -1 0
173 172 -1 1
172 172 -1 1
171 172 -1 1
170 172 -1 1
169 172 -1 1
168 172 -1 1
167 172 -1 1
166 172 -1 1
165 172 -1 1
164 172 -1 1
163 172 -1 1
162 172 -1 1
161 172 -1 1
123 172 -1 0
122 172 -1 0
121 172 -1 0
120 172 -1 0
119 172 -1 0
118 172 -1 0
117 172 -1 0
116 172 -1 0
115 172 -1 0
317 171 -1 0
316 171 -1 0
315 171 -1 0
314 171 -1 0
313 171 -1 0
312 171 -1 0
311 171 -1 0
310 171 -1 0
309 171 -1 0
170 171 -1 1
169 171 -1 1
168 171 -1 1
167 171 -1 1
166 171 -1 1
164 171 -1 1
123 171 -1 0
122 171 -1 0
121 171 -1 0
120 171 -1 0
119 171 -1 0
118 171 -1 0
117 171 -1 0
116 171 -1 0
115 171 -1 0
317 170 -1 0
316 170 -1 0
315 170 -1 0
314 170 -1 0
313 170 -1 0
312 170 -1 0
311 170 -1 0
310 170 -1 0
309 170 -1 0
123 170 -1 0
122 170 -1 0
121 170 -1 0
120 170 -1 0
119 170 -1 0
118 170 -1 0
117 170 -1 0
116 170 -1 0
115 170 -1 0
318 169 -1 0
317 169 -1 0
316 169 -1 0
315 169 -1 0
314 169 -1 0
313 169 -1 0
312 169 -1 0
311 169 -1 0
310 169 -1 0
309 169 -1 0
308 169 -1 0
122 169 -1 0
121 169 -1 0
120 169 -1 0
119 169 -1 0
118 169 -1 0
117 169 -1 0
116 169 -1 0
317 168 -1 0
316 168 -1 0
315 168 -1 0
314 168 -1 0
313 168 -1 0
312 168 -1 0
311 168 -1 0
310 168 -1 0
309 168 -1 0
119 168 -1 0
317 167 -1 0
316 167 -1 0
315 167 -1 0
314 167 -1 0
313 167 -1 0
312 167 -1 0
311 167 -1 0
310 167 -1 0
309 167 -1 0
317 166 -1 0
316 166 -1 0
315 166 -1 0
314 166 -1 0
313 166 -1 0
312 166 -1 0
311 166 -1 0
310 166 -1 0
309 166 -1 0
318 165 -1 0
317 165 -1 0
316 165 -1 0
315 165 -1 0
314 165 -1 0
313 165 -1 0
312 165 -1 0
311 165 -1 0
310 165 -1 0
309 165 -1 0
308 165 -1 0
318 164 -1 0
317 164 -1 0
316 164 -1 0
315 164 -1 0
314 164 -1 0
313 164 -1 0
312 164 -1 0
311 164 -1 0
310 164 -1 0
309 164 -1 0
308 164 -1 0
317 163 -1 0
316 163 -1 0
315 163 -1 0
314 163 -1 0
313 163 -1 0
312 163 -1 0
311 163 -1 0
310 163 -1 0
309 163 -1 0
317 162 -1 0
316 162 -1 0
315 162 -1 0
314 162 -1 0
313 162 -1 0
312 162 -1 0
311 162 -1 0
310 162 -1 0
309 162 -1 0
317 161 -1 0
316 161 -1 0
315 161 -1 0
314 161 -1 0
313 161 -1 0
312 161 -1 0
311 161 -1 0
310 161 -1 0
309 161 -1 0
316 160 -1 0
315 160 -1 0
314 160 -1 0
313 160 -1 0
312 160 -1 0
311 160 -1 0
310 160 -1 0
313 159 -1 0
