2917 408 341
218 264 -1 0
221 263 -1 0
220 263 -1 0
219 263 -1 0
218 263 -1 0
217 263 -1 0
216 263 -1 0
215 263 -1 0
222 262 -1 0
221 262 -1 0
220 262 -1 0
219 262 -1 0
218 262 -1 0
217 262 -1 0
216 262 -1 0
215 262 -1 0
214 262 -1 0
213 262 -1 0
222 261 -1 0
221 261 -1 0
220 261 -1 0
219 261 -1 0
218 261 -1 0
217 261 -1 0
216 261 -1 0
215 261 -1 0
214 261 -1 0
213 261 -1 0
212 261 -1 0
222 260 -1 0
221 260 -1 0
220 260 -1 0
219 260 -1 0
218 260 -1 0
217 260 -1 0
216 260 -1 0
215 260 -1 0
214 260 -1 0
213 260 -1 0
212 260 -1 0
211 260 -1 0
223 259 -1 0
222 259 -1 0
221 259 -1 0
220 259 -1 0
219 259 -1 0
218 259 -1 0
217 259 -1 0
216 259 -1 0
215 259 -1 0
214 259 -1 0
213 259 -1 0
212 259 -1 0
211 259 -1 0
210 259 -1 0
209 259 -1 0
208 259 -1 0
222 258 -1 0
221 258 -1 0
220 258 -1 0
219 258 -1 0
218 258 -1 0
217 258 -1 0
216 258 -1 0
215 258 -1 0
214 258 -1 0
213 258 -1 0
212 258 -1 0
211 258 -1 0
210 258 -1 0
209 258 -1 0
208 258 -1 0
207 258 -1 0
222 257 -1 0
221 257 -1 0
220 257 -1 0
219 257 -1 0
218 257 -1 0
217 257 -1 0
216 257 -1 0
215 257 -1 0
214 257 -1 0
213 257 -1 0
212 257 -1 0
211 257 -1 0
210 257 -1 0
209 257 -1 0
208 257 -1 0
207 257 -1 0
206 257 -1 0
222 256 -1 0
221 256 -1 0
220 256 -1 0
219 256 -1 0
218 256 -1 0
217 256 -1 0
216 256 -1 0
215 256 -1 0
214 256 -1 0
213 256 -1 0
212 256 -1 0
211 256 -1 0
210 256 -1 0
209 256 -1 0
208 256 -1 0
207 256 -1 0
206 256 -1 0
205 256 -1 0
221 255 -1 0
220 255 -1 0
219 255 -1 0
218 255 -1 0
217 255 -1 0
216 255 -1 0
215 255 -1 0
214 255 -1 0
213 255 -1 0
212 255 -1 0
211 255 -1 0
210 255 -1 0
209 255 -1 0
208 255 -1 0
207 255 -1 0
206 255 -1 0
205 255 -1 0
204 255 -1 0
219 254 -1 0
218 254 -1 0
217 254 -1 0
216 254 -1 0
215 254 -1 0
214 254 -1 0
213 254 -1 0
212 254 -1 0
211 254 -1 0
210 254 -1 0
209 254 -1 0
208 254 -1 0
207 254 -1 0
206 254 -1 0
205 254 -1 0
204 254 -1 0
203 254 -1 0
202 254 -1 0
218 253 -1 0
217 253 -1 0
216 253 -1 0
215 253 -1 0
214 253 -1 0
213 253 -1 0
212 253 -1 0
211 253 -1 0
210 253 -1 0
209 253 -1 0
208 253 -1 0
207 253 -1 0
206 253 -1 0
205 253 -1 0
204 253 -1 0
203 253 -1 0
202 253 -1 0
201 253 -1 0
217 252 -1 0
216 252 -1 0
215 252 -1 0
214 252 -1 0
213 252 -1 0
212 252 -1 0
211 252 -1 0
210 252 -1 0
209 252 -1 0
208 252 -1 0
207 252 -1 0
206 252 -1 0
205 252 -1 0
204 252 -1 0
203 252 -1 0
202 252 -1 0
201 252 -1 0
200 252 -1 0
199 252 -1 0
216 251 -1 0
215 251 -1 0
214 251 -1 0
213 251 -1 0
212 251 -1 0
211 251 -1 0
210 251 -1 0
209 251 -1 0
208 251 -1 0
207 251 -1 0
206 251 -1 0
205 251 -1 0
204 251 -1 0
203 251 -1 0
202 251 -1 0
201 251 -1 0
200 251 -1 0
199 251 -1 0
198 251 -1 0
197 251 -1 0
213 250 -1 0
212 250 -1 0
211 250 -1 0
210 250 -1 0
209 250 -1 0
208 250 -1 0
207 250 -1 0
206 250 -1 0
205 250 -1 0
204 250 -1 0
203 250 -1 0
202 250 -1 0
201 250 -1 0
200 250 -1 0
199 250 -1 0
198 250 -1 0
197 250 -1 0
196 250 -1 0
212 249 -1 0
211 249 -1 0
210 249 -1 0
209 249 -1 0
208 249 -1 0
207 249 -1 0
206 249 -1 0
205 249 -1 0
204 249 -1 0
203 249 -1 0
202 249 -1 0
201 249 -1 0
200 249 -1 0
199 249 -1 0
198 249 -1 0
197 249 -1 0
196 249 -1 0
195 249 -1 0
211 248 -1 0
210 248 -1 0
209 248 -1 0
208 248 -1 0
207 248 -1 0
206 248 -1 0
205 248 -1 0
204 248 -1 0
203 248 -1 0
202 248 -1 0
201 248 -1 0
200 248 -1 0
199 248 -1 0
198 248 -1 0
197 248 -1 0
196 248 -1 0
195 248 -1 0
194 248 -1 0
193 248 -1 0
210 247 -1 0
209 247 -1 0
208 247 -1 0
207 247 -1 0
206 247 -1 0
205 247 -1 0
204 247 -1 0
203 247 -1 0
202 247 -1 0
201 247 -1 0
200 247 -1 0
199 247 -1 0
198 247 -1 0
197 247 -1 0
196 247 -1 0
195 247 -1 0
194 247 -1 0
193 247 -1 0
192 247 -1 0
209 246 -1 0
208 246 -1 0
207 246 -1 0
206 246 -1 0
205 246 -1 0
204 246 -1 0
203 246 -1 0
202 246 -1 0
201 246 -1 0
200 246 -1 0
199 246 -1 0
198 246 -1 0
197 246 -1 0
196 246 -1 0
195 246 -1 0
194 246 -1 0
193 246 -1 0
192 246 -1 0
191 246 -1 0
207 245 -1 0
206 245 -1 0
205 245 -1 0
204 245 -1 0
203 245 -1 0
202 245 -1 0
201 245 -1 0
200 245 -1 0
199 245 -1 0
198 245 -1 0
197 245 -1 0
196 245 -1 0
195 245 -1 0
194 245 -1 0
193 245 -1 0
192 245 -1 0
191 245 -1 0
190 245 -1 0
206 244 -1 0
205 244 -1 0
204 244 -1 0
203 244 -1 0
202 244 -1 0
201 244 -1 0
200 244 -1 0
199 244 -1 0
198 244 -1 0
197 244 -1 0
196 244 -1 0
195 244 -1 0
194 244 -1 0
193 244 -1 0
192 244 -1 0
191 244 -1 0
190 244 -1 0
189 244 -1 0
203 243 -1 0
202 243 -1 0
201 243 -1 0
200 243 -1 0
199 243 -1 0
198 243 -1 0
197 243 -1 0
196 243 -1 0
195 243 -1 0
194 243 -1 0
193 243 -1 0
192 243 -1 0
191 243 -1 0
190 243 -1 0
189 243 -1 0
188 243 -1 0
202 242 -1 0
201 242 -1 0
200 242 -1 0
199 242 -1 0
198 242 -1 0
197 242 -1 0
196 242 -1 0
195 242 -1 0
194 242 -1 0
193 242 -1 0
192 242 -1 0
191 242 -1 0
190 242 -1 0
189 242 -1 0
188 242 -1 0
187 242 -1 0
200 241 -1 0
199 241 -1 0
198 241 -1 0
197 241 -1 0
196 241 -1 0
195 241 -1 0
194 241 -1 0
193 241 -1 0
192 241 -1 0
191 241 -1 0
190 241 -1 0
189 241 -1 0
188 241 -1 0
187 241 -1 0
200 240 -1 0
199 240 -1 0
198 240 -1 0
197 240 -1 0
196 240 -1 0
195 240 -1 0
194 240 -1 0
193 240 -1 0
192 240 -1 0
191 240 -1 0
190 240 -1 0
189 240 -1 0
188 240 -1 0
187 240 -1 0
199 239 -1 0
198 239 -1 0
197 239 -1 0
196 239 -1 0
195 239 -1 0
194 239 -1 0
193 239 -1 0
192 239 -1 0
191 239 -1 0
190 239 -1 0
189 239 -1 0
188 239 -1 0
187 239 -1 0
186 239 -1 0
197 238 -1 0
196 238 -1 0
195 238 -1 0
194 238 -1 0
193 238 -1 0
192 238 -1 0
191 238 -1 0
190 238 -1 0
189 238 -1 0
188 238 -1 0
187 238 -1 0
186 238 -1 0
185 238 -1 0
196 237 -1 0
195 237 -1 0
194 237 -1 0
193 237 -1 0
192 237 -1 0
191 237 -1 0
190 237 -1 0
189 237 -1 0
188 237 -1 0
187 237 -1 0
186 237 -1 0
185 237 -1 0
195 236 -1 0
194 236 -1 0
193 236 -1 0
192 236 -1 0
191 236 -1 0
190 236 -1 0
189 236 -1 0
188 236 -1 0
187 236 -1 0
186 236 -1 0
185 236 -1 0
184 236 -1 0
183 236 -1 0
194 235 -1 0
193 235 -1 0
192 235 -1 0
191 235 -1 0
190 235 -1 0
189 235 -1 0
188 235 -1 0
187 235 -1 0
186 235 -1 0
185 235 -1 0
184 235 -1 0
183 235 -1 0
182 235 -1 0
193 234 -1 0
192 234 -1 0
191 234 -1 0
190 234 -1 0
189 234 -1 0
188 234 -1 0
187 234 -1 0
186 234 -1 0
185 234 -1 0
184 234 -1 0
183 234 -1 0
182 234 -1 0
193 233 -1 0
192 233 -1 0
191 233 -1 0
190 233 -1 0
189 233 -1 0
188 233 -1 0
187 233 -1 0
186 233 -1 0
185 233 -1 0
184 233 -1 0
183 233 -1 0
182 233 -1 0
193 232 -1 0
192 232 -1 0
191 232 -1 0
190 232 -1 0
189 232 -1 0
188 232 -1 0
187 232 -1 0
186 232 -1 0
185 232 -1 0
184 232 -1 0
183 232 -1 0
182 232 -1 0
181 232 -1 0
180 232 -1 0
179 232 -1 0
192 231 -1 0
191 231 -1 0
190 231 -1 0
189 231 -1 0
188 231 -1 0
187 231 -1 0
186 231 -1 0
185 231 -1 0
184 231 -1 0
183 231 -1 0
182 231 -1 0
181 231 -1 0
180 231 -1 0
179 231 -1 0
178 231 -1 0
190 230 -1 0
189 230 -1 0
188 230 -1 0
187 230 -1 0
186 230 -1 0
185 230 -1 0
184 230 -1 0
183 230 -1 0
182 230 -1 0
181 230 -1 0
180 230 -1 0
179 230 -1 0
178 230 -1 0
190 229 -1 0
189 229 -1 0
188 229 -1 0
187 229 -1 0
186 229 -1 0
185 229 -1 0
184 229 -1 0
183 229 -1 0
182 229 -1 0
181 229 -1 0
180 229 -1 0
179 229 -1 0
178 229 -1 0
189 228 -1 0
188 228 -1 0
187 228 -1 0
186 228 -1 0
185 228 -1 0
184 228 -1 0
183 228 -1 0
182 228 -1 0
181 228 -1 0
180 228 -1 0
179 228 -1 0
178 228 -1 0
177 228 -1 0
186 227 -1 0
185 227 -1 0
184 227 -1 0
183 227 -1 0
182 227 -1 0
181 227 -1 0
180 227 -1 0
179 227 -1 0
178 227 -1 0
177 227 -1 0
176 227 -1 0
186 226 -1 0
185 226 -1 0
184 226 -1 0
183 226 -1 0
182 226 -1 0
181 226 -1 0
180 226 -1 0
179 226 -1 0
178 226 -1 0
177 226 -1 0
176 226 -1 0
175 226 -1 0
186 225 -1 0
185 225 -1 0
184 225 -1 0
183 225 -1 0
182 225 -1 0
181 225 -1 0
180 225 -1 0
179 225 -1 0
178 225 -1 0
177 225 -1 0
176 225 -1 0
175 225 -1 0
185 224 -1 0
184 224 -1 0
183 224 -1 0
182 224 -1 0
181 224 -1 0
180 224 -1 0
179 224 -1 0
178 224 -1 0
177 224 -1 0
176 224 -1 0
175 224 -1 0
174 224 -1 0
184 223 -1 0
183 223 -1 0
182 223 -1 0
181 223 -1 0
180 223 -1 0
179 223 -1 0
178 223 -1 0
177 223 -1 0
176 223 -1 0
175 223 -1 0
174 223 -1 0
173 223 -1 0
183 222 -1 0
182 222 -1 0
181 222 -1 0
180 222 -1 0
179 222 -1 0
178 222 -1 0
177 222 -1 0
176 222 -1 0
175 222 -1 0
174 222 -1 0
173 222 -1 0
183 221 -1 0
182 221 -1 0
181 221 -1 0
180 221 -1 0
179 221 -1 0
178 221 -1 0
177 221 -1 0
176 221 -1 0
175 221 -1 0
174 221 -1 0
173 221 -1 0
183 220 -1 0
182 220 -1 0
181 220 -1 0
180 220 -1 0
179 220 -1 0
178 220 -1 0
177 220 -1 0
176 220 -1 0
175 220 -1 0
174 220 -1 0
173 220 -1 0
172 220 -1 0
182 219 -1 0
181 219 -1 0
180 219 -1 0
179 219 -1 0
178 219 -1 0
177 219 -1 0
176 219 -1 0
175 219 -1 0
174 219 -1 0
173 219 -1 0
181 218 -1 0
180 218 -1 0
179 218 -1 0
178 218 -1 0
177 218 -1 0
176 218 -1 0
175 218 -1 0
174 218 -1 0
173 218 -1 0
172 218 -1 0
171 218 -1 0
181 217 -1 0
180 217 -1 0
179 217 -1 0
178 217 -1 0
177 217 -1 0
176 217 -1 0
175 217 -1 0
174 217 -1 0
173 217 -1 0
172 217 -1 0
171 217 -1 0
170 217 -1 0
180 216 -1 0
179 216 -1 0
178 216 -1 0
177 216 -1 0
176 216 -1 0
175 216 -1 0
174 216 -1 0
173 216 -1 0
172 216 -1 0
171 216 -1 0
170 216 -1 0
178 215 -1 0
177 215 -1 0
176 215 -1 0
175 215 -1 0
174 215 -1 0
173 215 -1 0
172 215 -1 0
171 215 -1 0
170 215 -1 0
179 214 -1 0
178 214 -1 0
177 214 -1 0
176 214 -1 0
175 214 -1 0
174 214 -1 0
173 214 -1 0
172 214 -1 0
171 214 -1 0
170 214 -1 0
169 214 -1 0
178 213 -1 0
177 213 -1 0
176 213 -1 0
175 213 -1 0
174 213 -1 0
173 213 -1 0
172 213 -1 0
171 213 -1 0
170 213 -1 0
169 213 -1 0
168 213 -1 0
178 212 -1 0
177 212 -1 0
176 212 -1 0
175 212 -1 0
174 212 -1 0
173 212 -1 0
172 212 -1 0
171 212 -1 0
170 212 -1 0
169 212 -1 0
168 212 -1 0
167 212 -1 0
178 211 -1 0
177 211 -1 0
176 211 -1 0
175 211 -1 0
174 211 -1 0
173 211 -1 0
172 211 -1 0
171 211 -1 0
170 211 -1 0
169 211 -1 0
168 211 -1 0
167 211 -1 0
177 210 -1 0
176 210 -1 0
175 210 -1 0
174 210 -1 0
173 210 -1 0
172 210 -1 0
171 210 -1 0
170 210 -1 0
169 210 -1 0
168 210 -1 0
167 210 -1 0
166 210 -1 0
176 209 -1 0
175 209 -1 0
174 209 -1 0
173 209 -1 0
172 209 -1 0
171 209 -1 0
170 209 -1 0
169 209 -1 0
168 209 -1 0
167 209 -1 0
166 209 -1 0
165 209 -1 0
175 208 -1 0
174 208 -1 0
173 208 -1 0
172 208 -1 0
171 208 -1 0
170 208 -1 0
169 208 -1 0
168 208 -1 0
167 208 -1 0
166 208 -1 0
165 208 -1 0
175 207 -1 0
174 207 -1 0
173 207 -1 0
172 207 -1 0
171 207 -1 0
170 207 -1 0
169 207 -1 0
168 207 -1 0
167 207 -1 0
166 207 -1 0
165 207 -1 0
175 206 -1 0
174 206 -1 0
173 206 -1 0
172 206 -1 0
171 206 -1 0
170 206 -1 0
169 206 -1 0
168 206 -1 0
167 206 -1 0
166 206 -1 0
165 206 -1 0
164 206 -1 0
174 205 -1 0
173 205 -1 0
172 205 -1 0
171 205 -1 0
170 205 -1 0
169 205 -1 0
168 205 -1 0
167 205 -1 0
166 205 -1 0
165 205 -1 0
164 205 -1 0
163 205 -1 0
173 204 -1 0
172 204 -1 0
171 204 -1 0
170 204 -1 0
169 204 -1 0
168 204 -1 0
167 204 -1 0
166 204 -1 0
165 204 -1 0
164 204 -1 0
163 204 -1 0
173 203 -1 0
172 203 -1 0
171 203 -1 0
170 203 -1 0
169 203 -1 0
168 203 -1 0
167 203 -1 0
166 203 -1 0
165 203 -1 0
164 203 -1 0
163 203 -1 0
172 202 -1 0
171 202 -1 0
170 202 -1 0
169 202 -1 0
168 202 -1 0
167 202 -1 0
166 202 -1 0
165 202 -1 0
164 202 -1 0
163 202 -1 0
162 202 -1 0
171 201 -1 0
170 201 -1 0
169 201 -1 0
168 201 -1 0
167 201 -1 0
166 201 -1 0
165 201 -1 0
164 201 -1 0
163 201 -1 0
171 200 -1 0
170 200 -1 0
169 200 -1 0
168 200 -1 0
167 200 -1 0
166 200 -1 0
165 200 -1 0
164 200 -1 0
163 200 -1 0
162 200 -1 0
161 200 -1 0
160 200 -1 0
171 199 -1 0
170 199 -1 0
169 199 -1 0
168 199 -1 0
167 199 -1 0
166 199 -1 0
165 199 -1 0
164 199 -1 0
163 199 -1 0
162 199 -1 0
161 199 -1 0
160 199 -1 0
159 199 -1 0
170 198 -1 0
169 198 -1 0
168 198 -1 0
167 198 -1 0
166 198 -1 0
165 198 -1 0
164 198 -1 0
163 198 -1 0
162 198 -1 0
161 198 -1 0
160 198 -1 0
159 198 -1 0
167 197 -1 0
166 197 -1 0
165 197 -1 0
164 197 -1 0
163 197 -1 0
162 197 -1 0
161 197 -1 0
160 197 -1 0
159 197 -1 0
168 196 -1 0
167 196 -1 0
166 196 -1 0
165 196 -1 0
164 196 -1 0
163 196 -1 0
162 196 -1 0
161 196 -1 0
160 196 -1 0
159 196 -1 0
158 196 -1 0
167 195 -1 0
166 195 -1 0
165 195 -1 0
164 195 -1 0
163 195 -1 0
162 195 -1 0
161 195 -1 0
160 195 -1 0
159 195 -1 0
158 195 -1 0
157 195 -1 0
167 194 -1 0
166 194 -1 0
165 194 -1 0
164 194 -1 0
163 194 -1 0
162 194 -1 0
161 194 -1 0
160 194 -1 0
159 194 -1 0
158 194 -1 0
157 194 -1 0
167 193 -1 0
166 193 -1 0
165 193 -1 0
164 193 -1 0
163 193 -1 0
162 193 -1 0
161 193 -1 0
160 193 -1 0
159 193 -1 0
158 193 -1 0
157 193 -1 0
166 192 -1 0
165 192 -1 0
164 192 -1 0
163 192 -1 0
162 192 -1 0
161 192 -1 0
160 192 -1 0
159 192 -1 0
158 192 -1 0
157 192 -1 0
156 192 -1 0
165 191 -1 0
164 191 -1 0
163 191 -1 0
162 191 -1 0
161 191 -1 0
160 191 -1 0
159 191 -1 0
158 191 -1 0
157 191 -1 0
156 191 -1 0
165 190 -1 0
164 190 -1 0
163 190 -1 0
162 190 -1 0
161 190 -1 0
160 190 -1 0
159 190 -1 0
158 190 -1 0
157 190 -1 0
156 190 -1 0
155 190 -1 0
154 190 -1 0
153 190 -1 0
165 189 -1 0
164 189 -1 0
163 189 -1 0
162 189 -1 0
161 189 -1 0
160 189 -1 0
159 189 -1 0
158 189 -1 0
157 189 -1 0
156 189 -1 0
155 189 -1 0
154 189 -1 0
153 189 -1 0
152 189 -1 0
164 188 -1 0
163 188 -1 0
162 188 -1 0
161 188 -1 0
160 188 -1 0
159 188 -1 0
158 188 -1 0
157 188 -1 0
156 188 -1 0
155 188 -1 0
154 188 -1 0
153 188 -1 0
152 188 -1 0
161 187 -1 0
160 187 -1 0
159 187 -1 0
158 187 -1 0
157 187 -1 0
156 187 -1 0
155 187 -1 0
154 187 -1 0
153 187 -1 0
152 187 -1 0
161 186 -1 0
160 186 -1 0
159 186 -1 0
158 186 -1 0
157 186 -1 0
156 186 -1 0
155 186 -1 0
154 186 -1 0
153 186 -1 0
152 186 -1 0
151 186 -1 0
160 185 -1 0
159 185 -1 0
158 185 -1 0
157 185 -1 0
156 185 -1 0
155 185 -1 0
154 185 -1 0
153 185 -1 0
152 185 -1 0
151 185 -1 0
150 185 -1 0
160 184 -1 0
159 184 -1 0
158 184 -1 0
157 184 -1 0
156 184 -1 0
155 184 -1 0
154 184 -1 0
153 184 -1 0
152 184 -1 0
151 184 -1 0
150 184 -1 0
149 184 -1 0
145 184 -1 0
160 183 -1 0
159 183 -1 0
158 183 -1 0
157 183 -1 0
156 183 -1 0
155 183 -1 0
154 183 -1 0
153 183 -1 0
152 183 -1 0
151 183 -1 0
150 183 -1 0
149 183 -1 0
148 183 -1 0
147 183 -1 0
146 183 -1 0
145 183 -1 0
144 183 -1 0
143 183 -1 0
142 183 -1 0
159 182 -1 0
158 182 -1 0
157 182 -1 0
156 182 -1 0
155 182 -1 0
154 182 -1 0
153 182 -1 0
152 182 -1 0
151 182 -1 0
150 182 -1 0
149 182 -1 0
148 182 -1 0
147 182 -1 0
146 182 -1 0
145 182 -1 0
144 182 -1 0
143 182 -1 0
142 182 -1 0
141 182 -1 0
158 181 -1 0
157 181 -1 0
156 181 -1 0
155 181 -1 0
154 181 -1 0
153 181 -1 0
152 181 -1 0
151 181 -1 0
150 181 -1 0
149 181 -1 0
148 181 -1 0
147 181 -1 0
146 181 -1 0
145 181 -1 0
144 181 -1 0
143 181 -1 0
142 181 -1 0
141 181 -1 0
157 180 -1 0
156 180 -1 0
155 180 -1 0
154 180 -1 0
153 180 -1 0
152 180 -1 0
151 180 -1 0
150 180 -1 0
149 180 -1 0
148 180 -1 0
147 180 -1 0
146 180 -1 0
145 180 -1 0
144 180 -1 0
143 180 -1 0
142 180 -1 0
141 180 -1 0
157 179 -1 0
156 179 -1 0
155 179 -1 0
154 179 -1 0
153 179 -1 0
152 179 -1 0
151 179 -1 0
150 179 -1 0
149 179 -1 0
148 179 -1 0
147 179 -1 0
146 179 -1 0
145 179 -1 0
144 179 -1 0
143 179 -1 0
142 179 -1 0
141 179 -1 0
140 179 -1 0
157 178 -1 0
156 178 -1 0
155 178 -1 0
154 178 -1 0
153 178 -1 0
152 178 -1 0
151 178 -1 0
150 178 -1 0
149 178 -1 0
148 178 -1 0
147 178 -1 0
146 178 -1 0
145 178 -1 0
144 178 -1 0
143 178 -1 0
142 178 -1 0
141 178 -1 0
140 178 -1 0
156 177 -1 0
155 177 -1 0
154 177 -1 0
153 177 -1 0
152 177 -1 0
151 177 -1 0
150 177 -1 0
149 177 -1 0
148 177 -1 0
147 177 -1 0
146 177 -1 0
145 177 -1 0
144 177 -1 0
143 177 -1 0
142 177 -1 0
141 177 -1 0
153 176 -1 0
152 176 -1 0
151 176 -1 0
150 176 -1 0
149 176 -1 0
148 176 -1 0
147 176 -1 0
146 176 -1 0
145 176 -1 0
144 176 -1 0
143 176 -1 0
142 176 -1 0
141 176 -1 0
153 175 -1 0
152 175 -1 0
151 175 -1 0
150 175 -1 0
149 175 -1 0
148 175 -1 0
147 175 -1 0
146 175 -1 0
145 175 -1 0
144 175 -1 0
143 175 -1 0
142 175 -1 0
141 175 -1 0
152 174 -1 0
151 174 -1 0
150 174 -1 0
149 174 -1 0
148 174 -1 0
147 174 -1 0
146 174 -1 0
145 174 -1 0
144 174 -1 0
143 174 -1 0
142 174 -1 0
149 173 -1 0
146 173 -1 0
145 173 -1 0
246 163 -1 1
245 163 -1 1
249 162 -1 1
248 162 -1 1
247 162 -1 1
246 162 -1 1
245 162 -1 1
244 162 -1 1
243 162 -1 1
242 162 -1 1
241 162 -1 1
250 161 -1 1
249 161 -1 1
248 161 -1 1
247 161 -1 1
246 161 -1 1
245 161 -1 1
244 161 -1 1
243 161 -1 1
242 161 -1 1
241 161 -1 1
240 161 -1 1
239 161 -1 1
238 161 -1 1
250 160 -1 1
249 160 -1 1
248 160 -1 1
247 160 -1 1
246 160 -1 1
245 160 -1 1
244 160 -1 1
243 160 -1 1
242 160 -1 1
241 160 -1 1
240 160 -1 1
239 160 -1 1
238 160 -1 1
237 160 -1 1
236 160 -1 1
235 160 -1 1
234 160 -1 1
233 160 -1 1
232 160 -1 1
231 160 -1 1
250 159 -1 1
249 159 -1 1
248 159 -1 1
247 159 -1 1
246 159 -1 1
245 159 -1 1
244 159 -1 1
243 159 -1 1
242 159 -1 1
241 159 -1 1
240 159 -1 1
239 159 -1 1
238 159 -1 1
237 159 -1 1
236 159 -1 1
235 159 -1 1
234 159 -1 1
233 159 -1 1
232 159 -1 1
231 159 -1 1
230 159 -1 1
229 159 -1 1
228 159 -1 1
227 159 -1 1
226 159 -1 1
225 159 -1 1
223 159 -1 1
222 159 -1 1
221 159 -1 1
219 159 -1 1
218 159 -1 1
217 159 -1 1
216 159 -1 1
215 159 -1 1
214 159 -1 1
212 159 -1 1
211 159 -1 1
210 159 -1 1
209 159 -1 1
251 158 -1 1
250 158 -1 1
249 158 -1 1
248 158 -1 1
247 158 -1 1
246 158 -1 1
245 158 -1 1
244 158 -1 1
243 158 -1 1
242 158 -1 1
241 158 -1 1
240 158 -1 1
239 158 -1 1
238 158 -1 1
237 158 -1 1
236 158 -1 1
235 158 -1 1
234 158 -1 1
233 158 -1 1
232 158 -1 1
231 158 -1 1
230 158 -1 1
229 158 -1 1
228 158 -1 1
227 158 -1 1
226 158 -1 1
225 158 -1 1
224 158 -1 1
223 158 -1 1
222 158 -1 1
221 158 -1 1
220 158 -1 1
219 158 -1 1
218 158 -1 1
217 158 -1 1
216 158 -1 1
215 158 -1 1
214 158 -1 1
213 158 -1 1
212 158 -1 1
211 158 -1 1
210 158 -1 1
209 158 -1 1
208 158 -1 1
207 158 -1 1
206 158 -1 1
205 158 -1 1
204 158 -1 1
203 158 -1 1
202 158 -1 1
200 158 -1 1
199 158 -1 1
198 158 -1 1
196 158 -1 1
195 158 -1 1
194 158 -1 1
193 158 -1 1
192 158 -1 1
250 157 -1 1
249 157 -1 1
248 157 -1 1
247 157 -1 1
246 157 -1 1
245 157 -1 1
244 157 -1 1
243 157 -1 1
242 157 -1 1
241 157 -1 1
240 157 -1 1
239 157 -1 1
238 157 -1 1
237 157 -1 1
236 157 -1 1
235 157 -1 1
234 157 -1 1
233 157 -1 1
232 157 -1 1
231 157 -1 1
230 157 -1 1
229 157 -1 1
228 157 -1 1
227 157 -1 1
226 157 -1 1
225 157 -1 1
224 157 -1 1
223 157 -1 1
222 157 -1 1
221 157 -1 1
220 157 -1 1
219 157 -1 1
218 157 -1 1
217 157 -1 1
216 157 -1 1
215 157 -1 1
214 157 -1 1
213 157 -1 1
212 157 -1 1
211 157 -1 1
210 157 -1 1
209 157 -1 1
208 157 -1 1
207 157 -1 1
206 157 -1 1
205 157 -1 1
204 157 -1 1
203 157 -1 1
202 157 -1 1
201 157 -1 1
200 157 -1 1
199 157 -1 1
198 157 -1 1
197 157 -1 1
196 157 -1 1
195 157 -1 1
194 157 -1 1
193 157 -1 1
192 157 -1 1
191 157 -1 1
190 157 -1 1
189 157 -1 1
250 156 -1 1
249 156 -1 1
248 156 -1 1
247 156 -1 1
246 156 -1 1
245 156 -1 1
244 156 -1 1
243 156 -1 1
242 156 -1 1
241 156 -1 1
240 156 -1 1
239 156 -1 1
238 156 -1 1
237 156 -1 1
236 156 -1 1
235 156 -1 1
234 156 -1 1
233 156 -1 1
232 156 -1 1
231 156 -1 1
230 156 -1 1
229 156 -1 1
228 156 -1 1
227 156 -1 1
226 156 -1 1
225 156 -1 1
224 156 -1 1
223 156 -1 1
222 156 -1 1
221 156 -1 1
220 156 -1 1
219 156 -1 1
218 156 -1 1
217 156 -1 1
216 156 -1 1
215 156 -1 1
214 156 -1 1
213 156 -1 1
212 156 -1 1
211 156 -1 1
210 156 -1 1
209 156 -1 1
208 156 -1 1
207 156 -1 1
206 156 -1 1
205 156 -1 1
204 156 -1 1
203 156 -1 1
202 156 -1 1
201 156 -1 1
200 156 -1 1
199 156 -1 1
198 156 -1 1
197 156 -1 1
196 156 -1 1
195 156 -1 1
194 156 -1 1
193 156 -1 1
192 156 -1 1
191 156 -1 1
190 156 -1 1
189 156 -1 1
188 156 -1 1
187 156 -1 1
185 156 -1 1
250 155 -1 1
249 155 -1 1
248 155 -1 1
247 155 -1 1
246 155 -1 1
245 155 -1 1
244 155 -1 1
243 155 -1 1
242 155 -1 1
241 155 -1 1
240 155 -1 1
239 155 -1 1
238 155 -1 1
237 155 -1 1
236 155 -1 1
235 155 -1 1
234 155 -1 1
233 155 -1 1
232 155 -1 1
231 155 -1 1
230 155 -1 1
229 155 -1 1
228 155 -1 1
227 155 -1 1
226 155 -1 1
225 155 -1 1
224 155 -1 1
223 155 -1 1
222 155 -1 1
221 155 -1 1
220 155 -1 1
219 155 -1 1
218 155 -1 1
217 155 -1 1
216 155 -1 1
215 155 -1 1
214 155 -1 1
213 155 -1 1
212 155 -1 1
211 155 -1 1
210 155 -1 1
209 155 -1 1
208 155 -1 1
207 155 -1 1
206 155 -1 1
205 155 -1 1
204 155 -1 1
203 155 -1 1
202 155 -1 1
201 155 -1 1
200 155 -1 1
199 155 -1 1
198 155 -1 1
197 155 -1 1
196 155 -1 1
195 155 -1 1
194 155 -1 1
193 155 -1 1
192 155 -1 1
191 155 -1 1
190 155 -1 1
189 155 -1 1
188 155 -1 1
187 155 -1 1
186 155 -1 1
185 155 -1 1
184 155 -1 1
183 155 -1 1
182 155 -1 1
249 154 -1 1
248 154 -1 1
247 154 -1 1
246 154 -1 1
245 154 -1 1
244 154 -1 1
243 154 -1 1
242 154 -1 1
241 154 -1 1
240 154 -1 1
239 154 -1 1
238 154 -1 1
237 154 -1 1
236 154 -1 1
235 154 -1 1
234 154 -1 1
233 154 -1 1
232 154 -1 1
231 154 -1 1
230 154 -1 1
229 154 -1 1
228 154 -1 1
227 154 -1 1
226 154 -1 1
225 154 -1 1
224 154 -1 1
223 154 -1 1
222 154 -1 1
221 154 -1 1
220 154 -1 1
219 154 -1 1
218 154 -1 1
217 154 -1 1
216 154 -1 1
215 154 -1 1
214 154 -1 1
213 154 -1 1
212 154 -1 1
211 154 -1 1
210 154 -1 1
209 154 -1 1
208 154 -1 1
207 154 -1 1
206 154 -1 1
205 154 -1 1
204 154 -1 1
203 154 -1 1
202 154 -1 1
201 154 -1 1
200 154 -1 1
199 154 -1 1
198 154 -1 1
197 154 -1 1
196 154 -1 1
195 154 -1 1
194 154 -1 1
193 154 -1 1
192 154 -1 1
191 154 -1 1
190 154 -1 1
189 154 -1 1
188 154 -1 1
187 154 -1 1
186 154 -1 1
185 154 -1 1
184 154 -1 1
183 154 -1 1
182 154 -1 1
181 154 -1 1
180 154 -1 1
246 153 -1 1
245 153 -1 1
244 153 -1 1
243 153 -1 1
242 153 -1 1
241 153 -1 1
240 153 -1 1
239 153 -1 1
238 153 -1 1
237 153 -1 1
236 153 -1 1
235 153 -1 1
234 153 -1 1
233 153 -1 1
232 153 -1 1
231 153 -1 1
230 153 -1 1
229 153 -1 1
228 153 -1 1
227 153 -1 1
226 153 -1 1
225 153 -1 1
224 153 -1 1
223 153 -1 1
222 153 -1 1
221 153 -1 1
220 153 -1 1
219 153 -1 1
218 153 -1 1
217 153 -1 1
216 153 -1 1
215 153 -1 1
214 153 -1 1
213 153 -1 1
212 153 -1 1
211 153 -1 1
210 153 -1 1
209 153 -1 1
208 153 -1 1
207 153 -1 1
206 153 -1 1
205 153 -1 1
204 153 -1 1
203 153 -1 1
202 153 -1 1
201 153 -1 1
200 153 -1 1
199 153 -1 1
198 153 -1 1
197 153 -1 1
196 153 -1 1
195 153 -1 1
194 153 -1 1
193 153 -1 1
192 153 -1 1
191 153 -1 1
190 153 -1 1
189 153 -1 1
188 153 -1 1
187 153 -1 1
186 153 -1 1
185 153 -1 1
184 153 -1 1
183 153 -1 1
182 153 -1 1
181 153 -1 1
180 153 -1 1
179 153 -1 1
243 152 -1 1
242 152 -1 1
241 152 -1 1
240 152 -1 1
239 152 -1 1
238 152 -1 1
237 152 -1 1
236 152 -1 1
235 152 -1 1
234 152 -1 1
233 152 -1 1
232 152 -1 1
231 152 -1 1
230 152 -1 1
229 152 -1 1
228 152 -1 1
227 152 -1 1
226 152 -1 1
225 152 -1 1
224 152 -1 1
223 152 -1 1
222 152 -1 1
221 152 -1 1
220 152 -1 1
219 152 -1 1
218 152 -1 1
217 152 -1 1
216 152 -1 1
215 152 -1 1
214 152 -1 1
213 152 -1 1
212 152 -1 1
211 152 -1 1
210 152 -1 1
209 152 -1 1
208 152 -1 1
207 152 -1 1
206 152 -1 1
205 152 -1 1
204 152 -1 1
203 152 -1 1
202 152 -1 1
201 152 -1 1
200 152 -1 1
199 152 -1 1
198 152 -1 1
197 152 -1 1
196 152 -1 1
195 152 -1 1
194 152 -1 1
193 152 -1 1
192 152 -1 1
191 152 -1 1
190 152 -1 1
189 152 -1 1
188 152 -1 1
187 152 -1 1
186 152 -1 1
185 152 -1 1
184 152 -1 1
183 152 -1 1
182 152 -1 1
181 152 -1 1
180 152 -1 1
179 152 -1 1
241 151 -1 1
240 151 -1 1
239 151 -1 1
238 151 -1 1
237 151 -1 1
236 151 -1 1
235 151 -1 1
234 151 -1 1
233 151 -1 1
232 151 -1 1
231 151 -1 1
230 151 -1 1
229 151 -1 1
228 151 -1 1
227 151 -1 1
226 151 -1 1
225 151 -1 1
224 151 -1 1
223 151 -1 1
222 151 -1 1
221 151 -1 1
220 151 -1 1
219 151 -1 1
218 151 -1 1
217 151 -1 1
216 151 -1 1
215 151 -1 1
214 151 -1 1
213 151 -1 1
212 151 -1 1
211 151 -1 1
210 151 -1 1
209 151 -1 1
208 151 -1 1
207 151 -1 1
206 151 -1 1
205 151 -1 1
204 151 -1 1
203 151 -1 1
202 151 -1 1
201 151 -1 1
200 151 -1 1
199 151 -1 1
198 151 -1 1
197 151 -1 1
196 151 -1 1
195 151 -1 1
194 151 -1 1
193 151 -1 1
192 151 -1 1
191 151 -1 1
190 151 -1 1
189 151 -1 1
188 151 -1 1
187 151 -1 1
186 151 -1 1
185 151 -1 1
184 151 -1 1
183 151 -1 1
182 151 -1 1
181 151 -1 1
180 151 -1 1
179 151 -1 1
238 150 -1 1
237 150 -1 1
236 150 -1 1
235 150 -1 1
234 150 -1 1
233 150 -1 1
232 150 -1 1
231 150 -1 1
230 150 -1 1
229 150 -1 1
228 150 -1 1
227 150 -1 1
226 150 -1 1
225 150 -1 1
224 150 -1 1
223 150 -1 1
222 150 -1 1
221 150 -1 1
220 150 -1 1
219 150 -1 1
218 150 -1 1
217 150 -1 1
216 150 -1 1
215 150 -1 1
214 150 -1 1
213 150 -1 1
212 150 -1 1
211 150 -1 1
210 150 -1 1
209 150 -1 1
208 150 -1 1
207 150 -1 1
206 150 -1 1
205 150 -1 1
204 150 -1 1
203 150 -1 1
202 150 -1 1
201 150 -1 1
200 150 -1 1
199 150 -1 1
198 150 -1 1
197 150 -1 1
196 150 -1 1
195 150 -1 1
194 150 -1 1
193 150 -1 1
192 150 -1 1
191 150 -1 1
190 150 -1 1
189 150 -1 1
188 150 -1 1
187 150 -1 1
186 150 -1 1
185 150 -1 1
184 150 -1 1
183 150 -1 1
182 150 -1 1
181 150 -1 1
180 150 -1 1
179 150 -1 1
178 150 -1 1
230 149 -1 1
229 149 -1 1
228 149 -1 1
227 149 -1 1
226 149 -1 1
225 149 -1 1
223 149 -1 1
222 149 -1 1
221 149 -1 1
219 149 -1 1
218 149 -1 1
217 149 -1 1
216 149 -1 1
215 149 -1 1
214 149 -1 1
212 149 -1 1
211 149 -1 1
210 149 -1 1
209 149 -1 1
208 149 -1 1
207 149 -1 1
206 149 -1 1
205 149 -1 1
204 149 -1 1
203 149 -1 1
202 149 -1 1
201 149 -1 1
200 149 -1 1
199 149 -1 1
198 149 -1 1
197 149 -1 1
196 149 -1 1
195 149 -1 1
194 149 -1 1
193 149 -1 1
192 149 -1 1
191 149 -1 1
190 149 -1 1
189 149 -1 1
188 149 -1 1
187 149 -1 1
186 149 -1 1
185 149 -1 1
184 149 -1 1
183 149 -1 1
182 149 -1 1
181 149 -1 1
180 149 -1 1
179 149 -1 1
178 149 -1 1
208 148 -1 1
207 148 -1 1
206 148 -1 1
205 148 -1 1
204 148 -1 1
203 148 -1 1
202 148 -1 1
200 148 -1 1
199 148 -1 1
198 148 -1 1
196 148 -1 1
195 148 -1 1
194 148 -1 1
193 148 -1 1
192 148 -1 1
191 148 -1 1
190 148 -1 1
189 148 -1 1
188 148 -1 1
187 148 -1 1
186 148 -1 1
185 148 -1 1
184 148 -1 1
183 148 -1 1
182 148 -1 1
181 148 -1 1
180 148 -1 1
179 148 -1 1
191 147 -1 1
190 147 -1 1
189 147 -1 1
188 147 -1 1
187 147 -1 1
186 147 -1 1
185 147 -1 1
184 147 -1 1
183 147 -1 1
182 147 -1 1
181 147 -1 1
180 147 -1 1
179 147 -1 1
188 146 -1 1
187 146 -1 1
186 146 -1 1
185 146 -1 1
184 146 -1 1
183 146 -1 1
182 146 -1 1
181 146 -1 1
180 146 -1 1
179 146 -1 1
186 145 -1 1
185 145 -1 1
184 145 -1 1
183 145 -1 1
182 145 -1 1
181 145 -1 1
180 145 -1 1
183 144 -1 1
306 127 -1 0
309 126 -1 0
308 126 -1 0
307 126 -1 0
306 126 -1 0
305 126 -1 0
304 126 -1 0
303 126 -1 0
310 125 -1 0
309 125 -1 0
308 125 -1 0
307 125 -1 0
306 125 -1 0
305 125 -1 0
304 125 -1 0
303 125 -1 0
302 125 -1 0
310 124 -1 0
309 124 -1 0
308 124 -1 0
307 124 -1 0
306 124 -1 0
305 124 -1 0
304 124 -1 0
303 124 -1 0
302 124 -1 0
310 123 -1 0
309 123 -1 0
308 123 -1 0
307 123 -1 0
306 123 -1 0
305 123 -1 0
304 123 -1 0
303 123 -1 0
302 123 -1 0
311 122 -1 0
310 122 -1 0
309 122 -1 0
308 122 -1 0
307 122 -1 0
306 122 -1 0
305 122 -1 0
304 122 -1 0
303 122 -1 0
302 122 -1 0
301 122 -1 0
310 121 -1 0
309 121 -1 0
308 121 -1 0
307 121 -1 0
306 121 -1 0
305 121 -1 0
304 121 -1 0
303 121 -1 0
302 121 -1 0
301 121 -1 0
311 120 -1 0
310 120 -1 0
309 120 -1 0
308 120 -1 0
307 120 -1 0
306 120 -1 0
305 120 -1 0
304 120 -1 0
303 120 -1 0
302 120 -1 0
301 120 -1 0
310 119 -1 0
309 119 -1 0
308 119 -1 0
307 119 -1 0
306 119 -1 0
305 119 -1 0
304 119 -1 0
303 119 -1 0
302 119 -1 0
301 119 -1 0
300 119 -1 0
310 118 -1 0
309 118 -1 0
308 118 -1 0
307 118 -1 0
306 118 -1 0
305 118 -1 0
304 118 -1 0
303 118 -1 0
302 118 -1 0
301 118 -1 0
300 118 -1 0
310 117 -1 0
309 117 -1 0
308 117 -1 0
307 117 -1 0
306 117 -1 0
305 117 -1 0
304 117 -1 0
303 117 -1 0
302 117 -1 0
301 117 -1 0
300 117 -1 0
299 117 -1 0
310 116 -1 0
309 116 -1 0
308 116 -1 0
307 116 -1 0
306 116 -1 0
305 116 -1 0
304 116 -1 0
303 116 -1 0
302 116 -1 0
301 116 -1 0
300 116 -1 0
299 116 -1 0
309 115 -1 0
308 115 -1 0
307 115 -1 0
306 115 -1 0
305 115 -1 0
304 115 -1 0
303 115 -1 0
302 115 -1 0
301 115 -1 0
300 115 -1 0
299 115 -1 0
309 114 -1 0
308 114 -1 0
307 114 -1 0
306 114 -1 0
305 114 -1 0
304 114 -1 0
303 114 -1 0
302 114 -1 0
301 114 -1 0
300 114 -1 0
299 114 -1 0
298 114 -1 0
309 113 -1 0
308 113 -1 0
307 113 -1 0
306 113 -1 0
305 113 -1 0
304 113 -1 0
303 113 -1 0
302 113 -1 0
301 113 -1 0
300 113 -1 0
299 113 -1 0
308 112 -1 0
307 112 -1 0
306 112 -1 0
305 112 -1 0
304 112 -1 0
303 112 -1 0
302 112 -1 0
301 112 -1 0
300 112 -1 0
299 112 -1 0
298 112 -1 0
308 111 -1 0
307 111 -1 0
306 111 -1 0
305 111 -1 0
304 111 -1 0
303 111 -1 0
302 111 -1 0
301 111 -1 0
300 111 -1 0
299 111 -1 0
298 111 -1 0
308 110 -1 0
307 110 -1 0
306 110 -1 0
305 110 -1 0
304 110 -1 0
303 110 -1 0
302 110 -1 0
301 110 -1 0
300 110 -1 0
299 110 -1 0
298 110 -1 0
307 109 -1 0
306 109 -1 0
305 109 -1 0
304 109 -1 0
303 109 -1 0
302 109 -1 0
301 109 -1 0
300 109 -1 0
299 109 -1 0
298 109 -1 0
308 108 -1 0
307 108 -1 0
306 108 -1 0
305 108 -1 0
304 108 -1 0
303 108 -1 0
302 108 -1 0
301 108 -1 0
300 108 -1 0
299 108 -1 0
298 108 -1 0
307 107 -1 0
306 107 -1 0
305 107 -1 0
304 107 -1 0
303 107 -1 0
302 107 -1 0
301 107 -1 0
300 107 -1 0
299 107 -1 0
298 107 -1 0
297 107 -1 0
307 106 -1 0
306 106 -1 0
305 106 -1 0
304 106 -1 0
303 106 -1 0
302 106 -1 0
301 106 -1 0
300 106 -1 0
299 106 -1 0
298 106 -1 0
297 106 -1 0
307 105 -1 0
306 105 -1 0
305 105 -1 0
304 105 -1 0
303 105 -1 0
302 105 -1 0
301 105 -1 0
300 105 -1 0
299 105 -1 0
298 105 -1 0
297 105 -1 0
306 104 -1 0
305 104 -1 0
304 104 -1 0
303 104 -1 0
302 104 -1 0
301 104 -1 0
300 104 -1 0
299 104 -1 0
298 104 -1 0
297 104 -1 0
296 104 -1 0
306 103 -1 0
305 103 -1 0
304 103 -1 0
303 103 -1 0
302 103 -1 0
301 103 -1 0
300 103 -1 0
299 103 -1 0
298 103 -1 0
297 103 -1 0
305 102 -1 0
304 102 -1 0
303 102 -1 0
302 102 -1 0
301 102 -1 0
300 102 -1 0
299 102 -1 0
298 102 -1 0
297 102 -1 0
296 102 -1 0
306 101 -1 0
305 101 -1 0
304 101 -1 0
303 101 -1 0
302 101 -1 0
301 101 -1 0
300 101 -1 0
299 101 -1 0
298 101 -1 0
297 101 -1 0
296 101 -1 0
295 101 -1 0
305 100 -1 0
304 100 -1 0
303 100 -1 0
302 100 -1 0
301 100 -1 0
300 100 -1 0
299 100 -1 0
298 100 -1 0
297 100 -1 0
296 100 -1 0
295 100 -1 0
305 99 -1 0
304 99 -1 0
303 99 -1 0
302 99 -1 0
301 99 -1 0
300 99 -1 0
299 99 -1 0
298 99 -1 0
297 99 -1 0
296 99 -1 0
295 99 -1 0
305 98 -1 0
304 98 -1 0
303 98 -1 0
302 98 -1 0
301 98 -1 0
300 98 -1 0
299 98 -1 0
298 98 -1 0
297 98 -1 0
296 98 -1 0
295 98 -1 0
294 98 -1 0
304 97 -1 0
303 97 -1 0
302 97 -1 0
301 97 -1 0
300 97 -1 0
299 97 -1 0
298 97 -1 0
297 97 -1 0
296 97 -1 0
295 97 -1 0
294 97 -1 0
303 96 -1 0
302 96 -1 0
301 96 -1 0
300 96 -1 0
299 96 -1 0
298 96 -1 0
297 96 -1 0
296 96 -1 0
295 96 -1 0
294 96 -1 0
303 95 -1 0
302 95 -1 0
301 95 -1 0
300 95 -1 0
299 95 -1 0
298 95 -1 0
297 95 -1 0
296 95 -1 0
295 95 -1 0
294 95 -1 0
303 94 -1 0
302 94 -1 0
301 94 -1 0
300 94 -1 0
299 94 -1 0
298 94 -1 0
297 94 -1 0
296 94 -1 0
295 94 -1 0
294 94 -1 0
293 94 -1 0
302 93 -1 0
301 93 -1 0
300 93 -1 0
299 93 -1 0
298 93 -1 0
297 93 -1 0
296 93 -1 0
295 93 -1 0
294 93 -1 0
302 92 -1 0
301 92 -1 0
300 92 -1 0
299 92 -1 0
298 92 -1 0
297 92 -1 0
296 92 -1 0
295 92 -1 0
294 92 -1 0
303 91 -1 0
302 91 -1 0
301 91 -1 0
300 91 -1 0
299 91 -1 0
298 91 -1 0
297 91 -1 0
296 91 -1 0
295 91 -1 0
294 91 -1 0
293 91 -1 0
302 90 -1 0
301 90 -1 0
300 90 -1 0
299 90 -1 0
298 90 -1 0
297 90 -1 0
296 90 -1 0
295 90 -1 0
294 90 -1 0
293 90 -1 0
302 89 -1 0
301 89 -1 0
300 89 -1 0
299 89 -1 0
298 89 -1 0
297 89 -1 0
296 89 -1 0
295 89 -1 0
294 89 -1 0
293 89 -1 0
302 88 -1 0
301 88 -1 0
300 88 -1 0
299 88 -1 0
298 88 -1 0
297 88 -1 0
296 88 -1 0
295 88 -1 0
294 88 -1 0
293 88 -1 0
292 88 -1 0
301 87 -1 0
300 87 -1 0
299 87 -1 0
298 87 -1 0
297 87 -1 0
296 87 -1 0
295 87 -1 0
294 87 -1 0
293 87 -1 0
301 86 -1 0
300 86 -1 0
299 86 -1 0
298 86 -1 0
297 86 -1 0
296 86 -1 0
295 86 -1 0
294 86 -1 0
293 86 -1 0
301 85 -1 0
300 85 -1 0
299 85 -1 0
298 85 -1 0
297 85 -1 0
296 85 -1 0
295 85 -1 0
294 85 -1 0
293 85 -1 0
300 84 -1 0
299 84 -1 0
298 84 -1 0
297 84 -1 0
296 84 -1 0
295 84 -1 0
294 84 -1 0
293 84 -1 0
297 83 -1 0
296 83 -1 0
295 83 -1 0
294 83 -1 0
293 83 -1 0
292 83 -1 0
291 83 -1 0
290 83 -1 0
297 82 -1 0
296 82 -1 0
295 82 -1 0
294 82 -1 0
293 82 -1 0
292 82 -1 0
291 82 -1 0
290 82 -1 0
289 82 -1 0
297 81 -1 0
296 81 -1 0
295 81 -1 0
294 81 -1 0
293 81 -1 0
292 81 -1 0
291 81 -1 0
290 81 -1 0
289 81 -1 0
297 80 -1 0
296 80 -1 0
295 80 -1 0
294 80 -1 0
293 80 -1 0
292 80 -1 0
291 80 -1 0
290 80 -1 0
289 80 -1 0
298 79 -1 0
297 79 -1 0
296 79 -1 0
295 79 -1 0
294 79 -1 0
293 79 -1 0
292 79 -1 0
291 79 -1 0
290 79 -1 0
289 79 -1 0
288 79 -1 0
297 78 -1 0
296 78 -1 0
295 78 -1 0
294 78 -1 0
293 78 -1 0
292 78 -1 0
291 78 -1 0
290 78 -1 0
289 78 -1 0
297 77 -1 0
296 77 -1 0
295 77 -1 0
294 77 -1 0
293 77 -1 0
292 77 -1 0
291 77 -1 0
290 77 -1 0
289 77 -1 0
297 76 -1 0
296 76 -1 0
295 76 -1 0
294 76 -1 0
293 76 -1 0
292 76 -1 0
291 76 -1 0
290 76 -1 0
289 76 -1 0
288 76 -1 0
296 75 -1 0
295 75 -1 0
294 75 -1 0
293 75 -1 0
292 75 -1 0
291 75 -1 0
290 75 -1 0
289 75 -1 0
288 75 -1 0
296 74 -1 0
295 74 -1 0
294 74 -1 0
293 74 -1 0
292 74 -1 0
291 74 -1 0
290 74 -1 0
289 74 -1 0
288 74 -1 0
297 73 -1 0
296 73 -1 0
295 73 -1 0
294 73 -1 0
293 73 -1 0
292 73 -1 0
291 73 -1 0
290 73 -1 0
289 73 -1 0
288 73 -1 0
287 73 -1 0
296 72 -1 0
295 72 -1 0
294 72 -1 0
293 72 -1 0
292 72 -1 0
291 72 -1 0
290 72 -1 0
289 72 -1 0
288 72 -1 0
296 71 -1 0
295 71 -1 0
294 71 -1 0
293 71 -1 0
292 71 -1 0
291 71 -1 0
290 71 -1 0
289 71 -1 0
288 71 -1 0
287 71 -1 0
286 71 -1 0
285 71 -1 0
296 70 -1 0
295 70 -1 0
294 70 -1 0
293 70 -1 0
292 70 -1 0
291 70 -1 0
290 70 -1 0
289 70 -1 0
288 70 -1 0
287 70 -1 0
286 70 -1 0
285 70 -1 0
284 70 -1 0
295 69 -1 0
294 69 -1 0
293 69 -1 0
292 69 -1 0
291 69 -1 0
290 69 -1 0
289 69 -1 0
288 69 -1 0
287 69 -1 0
286 69 -1 0
285 69 -1 0
284 69 -1 0
292 68 -1 0
291 68 -1 0
290 68 -1 0
289 68 -1 0
288 68 -1 0
287 68 -1 0
286 68 -1 0
285 68 -1 0
284 68 -1 0
293 67 -1 0
292 67 -1 0
291 67 -1 0
290 67 -1 0
289 67 -1 0
288 67 -1 0
287 67 -1 0
286 67 -1 0
285 67 -1 0
284 67 -1 0
283 67 -1 0
292 66 -1 0
291 66 -1 0
290 66 -1 0
289 66 -1 0
288 66 -1 0
287 66 -1 0
286 66 -1 0
285 66 -1 0
284 66 -1 0
292 65 -1 0
291 65 -1 0
290 65 -1 0
289 65 -1 0
288 65 -1 0
287 65 -1 0
286 65 -1 0
285 65 -1 0
284 65 -1 0
292 64 -1 0
291 64 -1 0
290 64 -1 0
289 64 -1 0
288 64 -1 0
287 64 -1 0
286 64 -1 0
285 64 -1 0
284 64 -1 0
293 63 -1 0
292 63 -1 0
291 63 -1 0
290 63 -1 0
289 63 -1 0
288 63 -1 0
287 63 -1 0
286 63 -1 0
285 63 -1 0
284 63 -1 0
283 63 -1 0
292 62 -1 0
291 62 -1 0
290 62 -1 0
289 62 -1 0
288 62 -1 0
287 62 -1 0
286 62 -1 0
285 62 -1 0
284 62 -1 0
292 61 -1 0
291 61 -1 0
290 61 -1 0
289 61 -1 0
288 61 -1 0
287 61 -1 0
286 61 -1 0
285 61 -1 0
284 61 -1 0
292 60 -1 0
291 60 -1 0
290 60 -1 0
289 60 -1 0
288 60 -1 0
287 60 -1 0
286 60 -1 0
285 60 -1 0
284 60 -1 0
283 60 -1 0
282 60 -1 0
291 59 -1 0
290 59 -1 0
289 59 -1 0
288 59 -1 0
287 59 -1 0
286 59 -1 0
285 59 -1 0
284 59 -1 0
283 59 -1 0
282 59 -1 0
281 59 -1 0
289 58 -1 0
288 58 -1 0
287 58 -1 0
286 58 -1 0
285 58 -1 0
284 58 -1 0
283 58 -1 0
282 58 -1 0
281 58 -1 0
289 57 -1 0
288 57 -1 0
287 57 -1 0
286 57 -1 0
285 57 -1 0
284 57 -1 0
283 57 -1 0
282 57 -1 0
281 57 -1 0
290 56 -1 0
289 56 -1 0
288 56 -1 0
287 56 -1 0
286 56 -1 0
285 56 -1 0
284 56 -1 0
283 56 -1 0
282 56 -1 0
281 56 -1 0
280 56 -1 0
289 55 -1 0
288 55 -1 0
287 55 -1 0
286 55 -1 0
285 55 -1 0
284 55 -1 0
283 55 -1 0
282 55 -1 0
281 55 -1 0
289 54 -1 0
288 54 -1 0
287 54 -1 0
286 54 -1 0
285 54 -1 0
284 54 -1 0
283 54 -1 0
282 54 -1 0
281 54 -1 0
280 54 -1 0
279 54 -1 0
289 53 -1 0
288 53 -1 0
287 53 -1 0
286 53 -1 0
285 53 -1 0
284 53 -1 0
283 53 -1 0
282 53 -1 0
281 53 -1 0
280 53 -1 0
279 53 -1 0
278 53 -1 0
288 52 -1 0
287 52 -1 0
286 52 -1 0
285 52 -1 0
284 52 -1 0
283 52 -1 0
282 52 -1 0
281 52 -1 0
280 52 -1 0
279 52 -1 0
278 52 -1 0
286 51 -1 0
285 51 -1 0
284 51 -1 0
283 51 -1 0
282 51 -1 0
281 51 -1 0
280 51 -1 0
279 51 -1 0
278 51 -1 0
287 50 -1 0
286 50 -1 0
285 50 -1 0
284 50 -1 0
283 50 -1 0
282 50 -1 0
281 50 -1 0
280 50 -1 0
279 50 -1 0
278 50 -1 0
277 50 -1 0
286 49 -1 0
285 49 -1 0
284 49 -1 0
283 49 -1 0
282 49 -1 0
281 49 -1 0
280 49 -1 0
279 49 -1 0
278 49 -1 0
286 48 -1 0
285 48 -1 0
284 48 -1 0
283 48 -1 0
282 48 -1 0
281 48 -1 0
280 48 -1 0
279 48 -1 0
278 48 -1 0
277 48 -1 0
286 47 -1 0
285 47 -1 0
284 47 -1 0
283 47 -1 0
282 47 -1 0
281 47 -1 0
280 47 -1 0
279 47 -1 0
278 47 -1 0
277 47 -1 0
285 46 -1 0
284 46 -1 0
283 46 -1 0
282 46 -1 0
281 46 -1 0
280 46 -1 0
279 46 -1 0
278 46 -1 0
277 46 -1 0
286 45 -1 0
285 45 -1 0
284 45 -1 0
283 45 -1 0
282 45 -1 0
281 45 -1 0
280 45 -1 0
279 45 -1 0
278 45 -1 0
277 45 -1 0
276 45 -1 0
275 45 -1 0
285 44 -1 0
284 44 -1 0
283 44 -1 0
282 44 -1 0
281 44 -1 0
280 44 -1 0
279 44 -1 0
278 44 -1 0
277 44 -1 0
276 44 -1 0
275 44 -1 0
274 44 -1 0
285 43 -1 0
284 43 -1 0
283 43 -1 0
282 43 -1 0
281 43 -1 0
280 43 -1 0
279 43 -1 0
278 43 -1 0
277 43 -1 0
276 43 -1 0
275 43 -1 0
274 43 -1 0
285 42 -1 0
284 42 -1 0
283 42 -1 0
282 42 -1 0
281 42 -1 0
280 42 -1 0
279 42 -1 0
278 42 -1 0
277 42 -1 0
276 42 -1 0
275 42 -1 0
274 42 -1 0
284 41 -1 0
283 41 -1 0
282 41 -1 0
281 41 -1 0
280 41 -1 0
279 41 -1 0
278 41 -1 0
277 41 -1 0
276 41 -1 0
275 41 -1 0
274 41 -1 0
273 41 -1 0
283 40 -1 0
282 40 -1 0
281 40 -1 0
280 40 -1 0
279 40 -1 0
278 40 -1 0
277 40 -1 0
276 40 -1 0
275 40 -1 0
274 40 -1 0
273 40 -1 0
282 39 -1 0
281 39 -1 0
280 39 -1 0
279 39 -1 0
278 39 -1 0
277 39 -1 0
276 39 -1 0
275 39 -1 0
274 39 -1 0
282 38 -1 0
281 38 -1 0
280 38 -1 0
279 38 -1 0
278 38 -1 0
277 38 -1 0
276 38 -1 0
275 38 -1 0
274 38 -1 0
282 37 -1 0
281 37 -1 0
280 37 -1 0
279 37 -1 0
278 37 -1 0
277 37 -1 0
276 37 -1 0
275 37 -1 0
274 37 -1 0
281 36 -1 0
280 36 -1 0
279 36 -1 0
278 36 -1 0
277 36 -1 0
276 36 -1 0
275 36 -1 0
278 35 -1 0
