2515 408 341
127 251 -1 0
130 250 -1 0
129 250 -1 0
128 250 -1 0
127 250 -1 0
126 250 -1 0
125 250 -1 0
124 250 -1 0
131 249 -1 0
130 249 -1 0
129 249 -1 0
128 249 -1 0
127 249 -1 0
126 249 -1 0
125 249 -1 0
124 249 -1 0
123 249 -1 0
122 249 -1 0
121 249 -1 0
131 248 -1 0
130 248 -1 0
129 248 -1 0
128 248 -1 0
127 248 -1 0
126 248 -1 0
125 248 -1 0
124 248 -1 0
123 248 -1 0
122 248 -1 0
121 248 -1 0
120 248 -1 0
119 248 -1 0
118 248 -1 0
131 247 -1 0
130 247 -1 0
129 247 -1 0
128 247 -1 0
127 247 -1 0
126 247 -1 0
125 247 -1 0
124 247 -1 0
123 247 -1 0
122 247 -1 0
121 247 -1 0
120 247 -1 0
119 247 -1 0
118 247 -1 0
117 247 -1 0
132 246 -1 0
131 246 -1 0
130 246 -1 0
129 246 -1 0
128 246 -1 0
127 246 -1 0
126 246 -1 0
125 246 -1 0
124 246 -1 0
123 246 -1 0
122 246 -1 0
121 246 -1 0
120 246 -1 0
119 246 -1 0
118 246 -1 0
117 246 -1 0
116 246 -1 0
115 246 -1 0
114 246 -1 0
131 245 -1 0
130 245 -1 0
129 245 -1 0
128 245 -1 0
127 245 -1 0
126 245 -1 0
125 245 -1 0
124 245 -1 0
123 245 -1 0
122 245 -1 0
121 245 -1 0
120 245 -1 0
119 245 -1 0
118 245 -1 0
117 245 -1 0
116 245 -1 0
115 245 -1 0
114 245 -1 0
113 245 -1 0
112 245 -1 0
131 244 -1 0
130 244 -1 0
129 244 -1 0
128 244 -1 0
127 244 -1 0
126 244 -1 0
125 244 -1 0
124 244 -1 0
123 244 -1 0
122 244 -1 0
121 244 -1 0
120 244 -1 0
119 244 -1 0
118 244 -1 0
117 244 -1 0
116 244 -1 0
115 244 -1 0
114 244 -1 0
113 244 -1 0
112 244 -1 0
111 244 -1 0
110 244 -1 0
131 243 -1 0
130 243 -1 0
129 243 -1 0
128 243 -1 0
127 243 -1 0
126 243 -1 0
125 243 -1 0
124 243 -1 0
123 243 -1 0
122 243 -1 0
121 243 -1 0
120 243 -1 0
119 243 -1 0
118 243 -1 0
117 243 -1 0
116 243 -1 0
115 243 -1 0
114 243 -1 0
113 243 -1 0
112 243 -1 0
111 243 -1 0
110 243 -1 0
109 243 -1 0
130 242 -1 0
129 242 -1 0
128 242 -1 0
127 242 -1 0
126 242 -1 0
125 242 -1 0
124 242 -1 0
123 242 -1 0
122 242 -1 0
121 242 -1 0
120 242 -1 0
119 242 -1 0
118 242 -1 0
117 242 -1 0
116 242 -1 0
115 242 -1 0
114 242 -1 0
113 242 -1 0
112 242 -1 0
111 242 -1 0
110 242 -1 0
109 242 -1 0
108 242 -1 0
107 242 -1 0
106 242 -1 0
128 241 -1 0
127 241 -1 0
126 241 -1 0
125 241 -1 0
124 241 -1 0
123 241 -1 0
122 241 -1 0
121 241 -1 0
120 241 -1 0
119 241 -1 0
118 241 -1 0
117 241 -1 0
116 241 -1 0
115 241 -1 0
114 241 -1 0
113 241 -1 0
112 241 -1 0
111 241 -1 0
110 241 -1 0
109 241 -1 0
108 241 -1 0
107 241 -1 0
106 241 -1 0
105 241 -1 0
127 240 -1 0
126 240 -1 0
125 240 -1 0
124 240 -1 0
123 240 -1 0
122 240 -1 0
121 240 -1 0
120 240 -1 0
119 240 -1 0
118 240 -1 0
117 240 -1 0
116 240 -1 0
115 240 -1 0
114 240 -1 0
113 240 -1 0
112 240 -1 0
111 240 -1 0
110 240 -1 0
109 240 -1 0
108 240 -1 0
107 240 -1 0
106 240 -1 0
105 240 -1 0
124 239 -1 0
123 239 -1 0
122 239 -1 0
121 239 -1 0
120 239 -1 0
119 239 -1 0
118 239 -1 0
117 239 -1 0
116 239 -1 0
115 239 -1 0
114 239 -1 0
113 239 -1 0
112 239 -1 0
111 239 -1 0
110 239 -1 0
109 239 -1 0
108 239 -1 0
107 239 -1 0
106 239 -1 0
105 239 -1 0
104 239 -1 0
103 239 -1 0
120 238 -1 0
119 238 -1 0
118 238 -1 0
117 238 -1 0
116 238 -1 0
115 238 -1 0
114 238 -1 0
113 238 -1 0
112 238 -1 0
111 238 -1 0
110 238 -1 0
109 238 -1 0
108 238 -1 0
107 238 -1 0
106 238 -1 0
105 238 -1 0
104 238 -1 0
103 238 -1 0
102 238 -1 0
119 237 -1 0
118 237 -1 0
117 237 -1 0
116 237 -1 0
115 237 -1 0
114 237 -1 0
113 237 -1 0
112 237 -1 0
111 237 -1 0
110 237 -1 0
109 237 -1 0
108 237 -1 0
107 237 -1 0
106 237 -1 0
105 237 -1 0
104 237 -1 0
103 237 -1 0
102 237 -1 0
116 236 -1 0
115 236 -1 0
114 236 -1 0
113 236 -1 0
112 236 -1 0
111 236 -1 0
110 236 -1 0
109 236 -1 0
108 236 -1 0
107 236 -1 0
106 236 -1 0
105 236 -1 0
104 236 -1 0
103 236 -1 0
102 236 -1 0
101 236 -1 0
100 236 -1 0
113 235 -1 0
112 235 -1 0
111 235 -1 0
110 235 -1 0
109 235 -1 0
108 235 -1 0
107 235 -1 0
106 235 -1 0
105 235 -1 0
104 235 -1 0
103 235 -1 0
102 235 -1 0
101 235 -1 0
100 235 -1 0
99 235 -1 0
112 234 -1 0
111 234 -1 0
110 234 -1 0
109 234 -1 0
108 234 -1 0
107 234 -1 0
106 234 -1 0
105 234 -1 0
104 234 -1 0
103 234 -1 0
102 234 -1 0
101 234 -1 0
100 234 -1 0
99 234 -1 0
98 234 -1 0
110 233 -1 0
109 233 -1 0
108 233 -1 0
107 233 -1 0
106 233 -1 0
105 233 -1 0
104 233 -1 0
103 233 -1 0
102 233 -1 0
101 233 -1 0
100 233 -1 0
99 233 -1 0
98 233 -1 0
97 233 -1 0
110 232 -1 0
109 232 -1 0
108 232 -1 0
107 232 -1 0
106 232 -1 0
105 232 -1 0
104 232 -1 0
103 232 -1 0
102 232 -1 0
101 232 -1 0
100 232 -1 0
99 232 -1 0
98 232 -1 0
97 232 -1 0
109 231 -1 0
108 231 -1 0
107 231 -1 0
106 231 -1 0
105 231 -1 0
104 231 -1 0
103 231 -1 0
102 231 -1 0
101 231 -1 0
100 231 -1 0
99 231 -1 0
98 231 -1 0
97 231 -1 0
96 231 -1 0
95 231 -1 0
107 230 -1 0
106 230 -1 0
105 230 -1 0
104 230 -1 0
103 230 -1 0
102 230 -1 0
101 230 -1 0
100 230 -1 0
99 230 -1 0
98 230 -1 0
97 230 -1 0
96 230 -1 0
95 230 -1 0
94 230 -1 0
107 229 -1 0
106 229 -1 0
105 229 -1 0
104 229 -1 0
103 229 -1 0
102 229 -1 0
101 229 -1 0
100 229 -1 0
99 229 -1 0
98 229 -1 0
97 229 -1 0
96 229 -1 0
95 229 -1 0
94 229 -1 0
93 229 -1 0
92 229 -1 0
106 228 -1 0
105 228 -1 0
104 228 -1 0
103 228 -1 0
102 228 -1 0
101 228 -1 0
100 228 -1 0
99 228 -1 0
98 228 -1 0
97 228 -1 0
96 228 -1 0
95 228 -1 0
94 228 -1 0
93 228 -1 0
92 228 -1 0
91 228 -1 0
105 227 -1 0
104 227 -1 0
103 227 -1 0
102 227 -1 0
101 227 -1 0
100 227 -1 0
99 227 -1 0
98 227 -1 0
97 227 -1 0
96 227 -1 0
95 227 -1 0
94 227 -1 0
93 227 -1 0
92 227 -1 0
91 227 -1 0
104 226 -1 0
103 226 -1 0
102 226 -1 0
101 226 -1 0
100 226 -1 0
99 226 -1 0
98 226 -1 0
97 226 -1 0
96 226 -1 0
95 226 -1 0
94 226 -1 0
93 226 -1 0
92 226 -1 0
91 226 -1 0
90 226 -1 0
89 226 -1 0
102 225 -1 0
101 225 -1 0
100 225 -1 0
99 225 -1 0
98 225 -1 0
97 225 -1 0
96 225 -1 0
95 225 -1 0
94 225 -1 0
93 225 -1 0
92 225 -1 0
91 225 -1 0
90 225 -1 0
89 225 -1 0
88 225 -1 0
87 225 -1 0
86 225 -1 0
102 224 -1 0
101 224 -1 0
100 224 -1 0
99 224 -1 0
98 224 -1 0
97 224 -1 0
96 224 -1 0
95 224 -1 0
94 224 -1 0
93 224 -1 0
92 224 -1 0
91 224 -1 0
90 224 -1 0
89 224 -1 0
88 224 -1 0
87 224 -1 0
86 224 -1 0
85 224 -1 0
101 223 -1 0
100 223 -1 0
99 223 -1 0
98 223 -1 0
97 223 -1 0
96 223 -1 0
95 223 -1 0
94 223 -1 0
93 223 -1 0
92 223 -1 0
91 223 -1 0
90 223 -1 0
89 223 -1 0
88 223 -1 0
87 223 -1 0
86 223 -1 0
85 223 -1 0
84 223 -1 0
83 223 -1 0
82 223 -1 0
99 222 -1 0
98 222 -1 0
97 222 -1 0
96 222 -1 0
95 222 -1 0
94 222 -1 0
93 222 -1 0
92 222 -1 0
91 222 -1 0
90 222 -1 0
89 222 -1 0
88 222 -1 0
87 222 -1 0
86 222 -1 0
85 222 -1 0
84 222 -1 0
83 222 -1 0
82 222 -1 0
81 222 -1 0
98 221 -1 0
97 221 -1 0
96 221 -1 0
95 221 -1 0
94 221 -1 0
93 221 -1 0
92 221 -1 0
91 221 -1 0
90 221 -1 0
89 221 -1 0
88 221 -1 0
87 221 -1 0
86 221 -1 0
85 221 -1 0
84 221 -1 0
83 221 -1 0
82 221 -1 0
81 221 -1 0
96 220 -1 0
95 220 -1 0
94 220 -1 0
93 220 -1 0
92 220 -1 0
91 220 -1 0
90 220 -1 0
89 220 -1 0
88 220 -1 0
87 220 -1 0
86 220 -1 0
85 220 -1 0
84 220 -1 0
83 220 -1 0
82 220 -1 0
81 220 -1 0
96 219 -1 0
95 219 -1 0
94 219 -1 0
93 219 -1 0
92 219 -1 0
91 219 -1 0
90 219 -1 0
89 219 -1 0
88 219 -1 0
87 219 -1 0
86 219 -1 0
85 219 -1 0
84 219 -1 0
83 219 -1 0
82 219 -1 0
81 219 -1 0
80 219 -1 0
95 218 -1 0
94 218 -1 0
93 218 -1 0
92 218 -1 0
91 218 -1 0
90 218 -1 0
89 218 -1 0
88 218 -1 0
87 218 -1 0
86 218 -1 0
85 218 -1 0
84 218 -1 0
83 218 -1 0
82 218 -1 0
81 218 -1 0
92 217 -1 0
91 217 -1 0
90 217 -1 0
89 217 -1 0
88 217 -1 0
87 217 -1 0
86 217 -1 0
85 217 -1 0
84 217 -1 0
83 217 -1 0
82 217 -1 0
81 217 -1 0
90 216 -1 0
89 216 -1 0
88 216 -1 0
87 216 -1 0
86 216 -1 0
85 216 -1 0
84 216 -1 0
83 216 -1 0
82 216 -1 0
81 216 -1 0
89 215 -1 0
88 215 -1 0
87 215 -1 0
86 215 -1 0
85 215 -1 0
84 215 -1 0
83 215 -1 0
82 215 -1 0
86 214 -1 0
85 214 -1 0
106 152 -1 1
105 152 -1 1
109 151 -1 1
108 151 -1 1
107 151 -1 1
106 151 -1 1
105 151 -1 1
104 151 -1 1
103 151 -1 1
102 151 -1 1
110 150 -1 1
109 150 -1 1
108 150 -1 1
107 150 -1 1
106 150 -1 1
105 150 -1 1
104 150 -1 1
103 150 -1 1
102 150 -1 1
101 150 -1 1
100 150 -1 1
110 149 -1 1
109 149 -1 1
108 149 -1 1
107 149 -1 1
106 149 -1 1
105 149 -1 1
104 149 -1 1
103 149 -1 1
102 149 -1 1
101 149 -1 1
100 149 -1 1
99 149 -1 1
98 149 -1 1
110 148 -1 1
109 148 -1 1
108 148 -1 1
107 148 -1 1
106 148 -1 1
105 148 -1 1
104 148 -1 1
103 148 -1 1
102 148 -1 1
101 148 -1 1
100 148 -1 1
99 148 -1 1
98 148 -1 1
97 148 -1 1
96 148 -1 1
95 148 -1 1
111 147 -1 1
110 147 -1 1
109 147 -1 1
108 147 -1 1
107 147 -1 1
106 147 -1 1
105 147 -1 1
104 147 -1 1
103 147 -1 1
102 147 -1 1
101 147 -1 1
100 147 -1 1
99 147 -1 1
98 147 -1 1
97 147 -1 1
96 147 -1 1
95 147 -1 1
94 147 -1 1
110 146 -1 1
109 146 -1 1
108 146 -1 1
107 146 -1 1
106 146 -1 1
105 146 -1 1
104 146 -1 1
103 146 -1 1
102 146 -1 1
101 146 -1 1
100 146 -1 1
99 146 -1 1
98 146 -1 1
97 146 -1 1
96 146 -1 1
95 146 -1 1
94 146 -1 1
93 146 -1 1
92 146 -1 1
110 145 -1 1
109 145 -1 1
108 145 -1 1
107 145 -1 1
106 145 -1 1
105 145 -1 1
104 145 -1 1
103 145 -1 1
102 145 -1 1
101 145 -1 1
100 145 -1 1
99 145 -1 1
98 145 -1 1
97 145 -1 1
96 145 -1 1
95 145 -1 1
94 145 -1 1
93 145 -1 1
92 145 -1 1
91 145 -1 1
110 144 -1 1
109 144 -1 1
108 144 -1 1
107 144 -1 1
106 144 -1 1
105 144 -1 1
104 144 -1 1
103 144 -1 1
102 144 -1 1
101 144 -1 1
100 144 -1 1
99 144 -1 1
98 144 -1 1
97 144 -1 1
96 144 -1 1
95 144 -1 1
94 144 -1 1
93 144 -1 1
92 144 -1 1
91 144 -1 1
90 144 -1 1
109 143 -1 1
108 143 -1 1
107 143 -1 1
106 143 -1 1
105 143 -1 1
104 143 -1 1
103 143 -1 1
102 143 -1 1
101 143 -1 1
100 143 -1 1
99 143 -1 1
98 143 -1 1
97 143 -1 1
96 143 -1 1
95 143 -1 1
94 143 -1 1
93 143 -1 1
92 143 -1 1
91 143 -1 1
90 143 -1 1
89 143 -1 1
107 142 -1 1
106 142 -1 1
105 142 -1 1
104 142 -1 1
103 142 -1 1
102 142 -1 1
101 142 -1 1
100 142 -1 1
99 142 -1 1
98 142 -1 1
97 142 -1 1
96 142 -1 1
95 142 -1 1
94 142 -1 1
93 142 -1 1
92 142 -1 1
91 142 -1 1
90 142 -1 1
89 142 -1 1
88 142 -1 1
104 141 -1 1
103 141 -1 1
102 141 -1 1
101 141 -1 1
100 141 -1 1
99 141 -1 1
98 141 -1 1
97 141 -1 1
96 141 -1 1
95 141 -1 1
94 141 -1 1
93 141 -1 1
92 141 -1 1
91 141 -1 1
90 141 -1 1
89 141 -1 1
88 141 -1 1
87 141 -1 1
86 141 -1 1
102 140 -1 1
101 140 -1 1
100 140 -1 1
99 140 -1 1
98 140 -1 1
97 140 -1 1
96 140 -1 1
95 140 -1 1
94 140 -1 1
93 140 -1 1
92 140 -1 1
91 140 -1 1
90 140 -1 1
89 140 -1 1
88 140 -1 1
87 140 -1 1
86 140 -1 1
85 140 -1 1
100 139 -1 1
99 139 -1 1
98 139 -1 1
97 139 -1 1
96 139 -1 1
95 139 -1 1
94 139 -1 1
93 139 -1 1
92 139 -1 1
91 139 -1 1
90 139 -1 1
89 139 -1 1
88 139 -1 1
87 139 -1 1
86 139 -1 1
85 139 -1 1
99 138 -1 1
98 138 -1 1
97 138 -1 1
96 138 -1 1
95 138 -1 1
94 138 -1 1
93 138 -1 1
92 138 -1 1
91 138 -1 1
90 138 -1 1
89 138 -1 1
88 138 -1 1
87 138 -1 1
86 138 -1 1
85 138 -1 1
98 137 -1 1
97 137 -1 1
96 137 -1 1
95 137 -1 1
94 137 -1 1
93 137 -1 1
92 137 -1 1
91 137 -1 1
90 137 -1 1
89 137 -1 1
88 137 -1 1
87 137 -1 1
86 137 -1 1
85 137 -1 1
84 137 -1 1
83 137 -1 1
82 137 -1 1
97 136 -1 1
96 136 -1 1
95 136 -1 1
94 136 -1 1
93 136 -1 1
92 136 -1 1
91 136 -1 1
90 136 -1 1
89 136 -1 1
88 136 -1 1
87 136 -1 1
86 136 -1 1
85 136 -1 1
84 136 -1 1
83 136 -1 1
82 136 -1 1
81 136 -1 1
80 136 -1 1
95 135 -1 1
94 135 -1 1
93 135 -1 1
92 135 -1 1
91 135 -1 1
90 135 -1 1
89 135 -1 1
88 135 -1 1
87 135 -1 1
86 135 -1 1
85 135 -1 1
84 135 -1 1
83 135 -1 1
82 135 -1 1
81 135 -1 1
80 135 -1 1
79 135 -1 1
94 134 -1 1
93 134 -1 1
92 134 -1 1
91 134 -1 1
90 134 -1 1
89 134 -1 1
88 134 -1 1
87 134 -1 1
86 134 -1 1
85 134 -1 1
84 134 -1 1
83 134 -1 1
82 134 -1 1
81 134 -1 1
80 134 -1 1
79 134 -1 1
78 134 -1 1
93 133 -1 1
92 133 -1 1
91 133 -1 1
90 133 -1 1
89 133 -1 1
88 133 -1 1
87 133 -1 1
86 133 -1 1
85 133 -1 1
84 133 -1 1
83 133 -1 1
82 133 -1 1
81 133 -1 1
80 133 -1 1
79 133 -1 1
78 133 -1 1
77 133 -1 1
90 132 -1 1
89 132 -1 1
88 132 -1 1
87 132 -1 1
86 132 -1 1
85 132 -1 1
84 132 -1 1
83 132 -1 1
82 132 -1 1
81 132 -1 1
80 132 -1 1
79 132 -1 1
78 132 -1 1
77 132 -1 1
89 131 -1 1
88 131 -1 1
87 131 -1 1
86 131 -1 1
85 131 -1 1
84 131 -1 1
83 131 -1 1
82 131 -1 1
81 131 -1 1
80 131 -1 1
79 131 -1 1
78 131 -1 1
77 131 -1 1
76 131 -1 1
75 131 -1 1
89 130 -1 1
88 130 -1 1
87 130 -1 1
86 130 -1 1
85 130 -1 1
84 130 -1 1
83 130 -1 1
82 130 -1 1
81 130 -1 1
80 130 -1 1
79 130 -1 1
78 130 -1 1
77 130 -1 1
76 130 -1 1
75 130 -1 1
74 130 -1 1
88 129 -1 1
87 129 -1 1
86 129 -1 1
85 129 -1 1
84 129 -1 1
83 129 -1 1
82 129 -1 1
81 129 -1 1
80 129 -1 1
79 129 -1 1
78 129 -1 1
77 129 -1 1
76 129 -1 1
75 129 -1 1
74 129 -1 1
73 129 -1 1
86 128 -1 1
85 128 -1 1
84 128 -1 1
83 128 -1 1
82 128 -1 1
81 128 -1 1
80 128 -1 1
79 128 -1 1
78 128 -1 1
77 128 -1 1
76 128 -1 1
75 128 -1 1
74 128 -1 1
73 128 -1 1
72 128 -1 1
71 128 -1 1
85 127 -1 1
84 127 -1 1
83 127 -1 1
82 127 -1 1
81 127 -1 1
80 127 -1 1
79 127 -1 1
78 127 -1 1
77 127 -1 1
76 127 -1 1
75 127 -1 1
74 127 -1 1
73 127 -1 1
72 127 -1 1
71 127 -1 1
70 127 -1 1
84 126 -1 1
83 126 -1 1
82 126 -1 1
81 126 -1 1
80 126 -1 1
79 126 -1 1
78 126 -1 1
77 126 -1 1
76 126 -1 1
75 126 -1 1
74 126 -1 1
73 126 -1 1
72 126 -1 1
71 126 -1 1
70 126 -1 1
82 125 -1 1
81 125 -1 1
80 125 -1 1
79 125 -1 1
78 125 -1 1
77 125 -1 1
76 125 -1 1
75 125 -1 1
74 125 -1 1
73 125 -1 1
72 125 -1 1
71 125 -1 1
70 125 -1 1
69 125 -1 1
82 124 -1 1
81 124 -1 1
80 124 -1 1
79 124 -1 1
78 124 -1 1
77 124 -1 1
76 124 -1 1
75 124 -1 1
74 124 -1 1
73 124 -1 1
72 124 -1 1
71 124 -1 1
70 124 -1 1
69 124 -1 1
68 124 -1 1
81 123 -1 1
80 123 -1 1
79 123 -1 1
78 123 -1 1
77 123 -1 1
76 123 -1 1
75 123 -1 1
74 123 -1 1
73 123 -1 1
72 123 -1 1
71 123 -1 1
70 123 -1 1
69 123 -1 1
68 123 -1 1
80 122 -1 1
79 122 -1 1
78 122 -1 1
77 122 -1 1
76 122 -1 1
75 122 -1 1
74 122 -1 1
73 122 -1 1
72 122 -1 1
71 122 -1 1
70 122 -1 1
69 122 -1 1
68 122 -1 1
67 122 -1 1
79 121 -1 1
78 121 -1 1
77 121 -1 1
76 121 -1 1
75 121 -1 1
74 121 -1 1
73 121 -1 1
72 121 -1 1
71 121 -1 1
70 121 -1 1
69 121 -1 1
68 121 -1 1
67 121 -1 1
66 121 -1 1
78 120 -1 1
77 120 -1 1
76 120 -1 1
75 120 -1 1
74 120 -1 1
73 120 -1 1
72 120 -1 1
71 120 -1 1
70 120 -1 1
69 120 -1 1
68 120 -1 1
67 120 -1 1
66 120 -1 1
65 120 -1 1
77 119 -1 1
76 119 -1 1
75 119 -1 1
74 119 -1 1
73 119 -1 1
72 119 -1 1
71 119 -1 1
70 119 -1 1
69 119 -1 1
68 119 -1 1
67 119 -1 1
66 119 -1 1
65 119 -1 1
64 119 -1 1
76 118 -1 1
75 118 -1 1
74 118 -1 1
73 118 -1 1
72 118 -1 1
71 118 -1 1
70 118 -1 1
69 118 -1 1
68 118 -1 1
67 118 -1 1
66 118 -1 1
65 118 -1 1
64 118 -1 1
63 118 -1 1
75 117 -1 1
74 117 -1 1
73 117 -1 1
72 117 -1 1
71 117 -1 1
70 117 -1 1
69 117 -1 1
68 117 -1 1
67 117 -1 1
66 117 -1 1
65 117 -1 1
64 117 -1 1
63 117 -1 1
62 117 -1 1
75 116 -1 1
74 116 -1 1
73 116 -1 1
72 116 -1 1
71 116 -1 1
70 116 -1 1
69 116 -1 1
68 116 -1 1
67 116 -1 1
66 116 -1 1
65 116 -1 1
64 116 -1 1
63 116 -1 1
62 116 -1 1
74 115 -1 1
73 115 -1 1
72 115 -1 1
71 115 -1 1
70 115 -1 1
69 115 -1 1
68 115 -1 1
67 115 -1 1
66 115 -1 1
65 115 -1 1
64 115 -1 1
63 115 -1 1
62 115 -1 1
61 115 -1 1
73 114 -1 1
72 114 -1 1
71 114 -1 1
70 114 -1 1
69 114 -1 1
68 114 -1 1
67 114 -1 1
66 114 -1 1
65 114 -1 1
64 114 -1 1
63 114 -1 1
62 114 -1 1
61 114 -1 1
60 114 -1 1
72 113 -1 1
71 113 -1 1
70 113 -1 1
69 113 -1 1
68 113 -1 1
67 113 -1 1
66 113 -1 1
65 113 -1 1
64 113 -1 1
63 113 -1 1
62 113 -1 1
61 113 -1 1
60 113 -1 1
71 112 -1 1
70 112 -1 1
69 112 -1 1
68 112 -1 1
67 112 -1 1
66 112 -1 1
65 112 -1 1
64 112 -1 1
63 112 -1 1
62 112 -1 1
61 112 -1 1
60 112 -1 1
70 111 -1 1
69 111 -1 1
68 111 -1 1
67 111 -1 1
66 111 -1 1
65 111 -1 1
64 111 -1 1
63 111 -1 1
62 111 -1 1
61 111 -1 1
60 111 -1 1
59 111 -1 1
58 111 -1 1
69 110 -1 1
68 110 -1 1
67 110 -1 1
66 110 -1 1
65 110 -1 1
64 110 -1 1
63 110 -1 1
62 110 -1 1
61 110 -1 1
60 110 -1 1
59 110 -1 1
58 110 -1 1
57 110 -1 1
69 109 -1 1
68 109 -1 1
67 109 -1 1
66 109 -1 1
65 109 -1 1
64 109 -1 1
63 109 -1 1
62 109 -1 1
61 109 -1 1
60 109 -1 1
59 109 -1 1
58 109 -1 1
57 109 -1 1
56 109 -1 1
68 108 -1 1
67 108 -1 1
66 108 -1 1
65 108 -1 1
64 108 -1 1
63 108 -1 1
62 108 -1 1
61 108 -1 1
60 108 -1 1
59 108 -1 1
58 108 -1 1
57 108 -1 1
56 108 -1 1
55 108 -1 1
67 107 -1 1
66 107 -1 1
65 107 -1 1
64 107 -1 1
63 107 -1 1
62 107 -1 1
61 107 -1 1
60 107 -1 1
59 107 -1 1
58 107 -1 1
57 107 -1 1
56 107 -1 1
55 107 -1 1
54 107 -1 1
53 107 -1 1
52 107 -1 1
51 107 -1 1
66 106 -1 1
65 106 -1 1
64 106 -1 1
63 106 -1 1
62 106 -1 1
61 106 -1 1
60 106 -1 1
59 106 -1 1
58 106 -1 1
57 106 -1 1
56 106 -1 1
55 106 -1 1
54 106 -1 1
53 106 -1 1
52 106 -1 1
51 106 -1 1
50 106 -1 1
49 106 -1 1
48 106 -1 1
66 105 -1 1
65 105 -1 1
64 105 -1 1
63 105 -1 1
62 105 -1 1
61 105 -1 1
60 105 -1 1
59 105 -1 1
58 105 -1 1
57 105 -1 1
56 105 -1 1
55 105 -1 1
54 105 -1 1
53 105 -1 1
52 105 -1 1
51 105 -1 1
50 105 -1 1
49 105 -1 1
48 105 -1 1
47 105 -1 1
66 104 -1 1
65 104 -1 1
64 104 -1 1
63 104 -1 1
62 104 -1 1
61 104 -1 1
60 104 -1 1
59 104 -1 1
58 104 -1 1
57 104 -1 1
56 104 -1 1
55 104 -1 1
54 104 -1 1
53 104 -1 1
52 104 -1 1
51 104 -1 1
50 104 -1 1
49 104 -1 1
48 104 -1 1
47 104 -1 1
65 103 -1 1
64 103 -1 1
63 103 -1 1
62 103 -1 1
61 103 -1 1
60 103 -1 1
59 103 -1 1
58 103 -1 1
57 103 -1 1
56 103 -1 1
55 103 -1 1
54 103 -1 1
53 103 -1 1
52 103 -1 1
51 103 -1 1
50 103 -1 1
49 103 -1 1
48 103 -1 1
47 103 -1 1
63 102 -1 1
62 102 -1 1
61 102 -1 1
60 102 -1 1
59 102 -1 1
58 102 -1 1
57 102 -1 1
56 102 -1 1
55 102 -1 1
54 102 -1 1
53 102 -1 1
52 102 -1 1
51 102 -1 1
50 102 -1 1
49 102 -1 1
48 102 -1 1
47 102 -1 1
46 102 -1 1
62 101 -1 1
61 101 -1 1
60 101 -1 1
59 101 -1 1
58 101 -1 1
57 101 -1 1
56 101 -1 1
55 101 -1 1
54 101 -1 1
53 101 -1 1
52 101 -1 1
51 101 -1 1
50 101 -1 1
49 101 -1 1
48 101 -1 1
47 101 -1 1
61 100 -1 1
60 100 -1 1
59 100 -1 1
58 100 -1 1
57 100 -1 1
56 100 -1 1
55 100 -1 1
54 100 -1 1
53 100 -1 1
52 100 -1 1
51 100 -1 1
50 100 -1 1
49 100 -1 1
48 100 -1 1
47 100 -1 1
60 99 -1 1
59 99 -1 1
58 99 -1 1
57 99 -1 1
56 99 -1 1
55 99 -1 1
54 99 -1 1
53 99 -1 1
52 99 -1 1
51 99 -1 1
50 99 -1 1
49 99 -1 1
48 99 -1 1
47 99 -1 1
156 98 -1 0
59 98 -1 1
58 98 -1 1
57 98 -1 1
56 98 -1 1
55 98 -1 1
54 98 -1 1
53 98 -1 1
52 98 -1 1
51 98 -1 1
50 98 -1 1
49 98 -1 1
48 98 -1 1
159 97 -1 0
158 97 -1 0
157 97 -1 0
156 97 -1 0
155 97 -1 0
154 97 -1 0
153 97 -1 0
56 97 -1 1
55 97 -1 1
54 97 -1 1
53 97 -1 1
52 97 -1 1
51 97 -1 1
160 96 -1 0
159 96 -1 0
158 96 -1 0
157 96 -1 0
156 96 -1 0
155 96 -1 0
154 96 -1 0
153 96 -1 0
152 96 -1 0
160 95 -1 0
159 95 -1 0
158 95 -1 0
157 95 -1 0
156 95 -1 0
155 95 -1 0
154 95 -1 0
153 95 -1 0
152 95 -1 0
160 94 -1 0
159 94 -1 0
158 94 -1 0
157 94 -1 0
156 94 -1 0
155 94 -1 0
154 94 -1 0
153 94 -1 0
152 94 -1 0
151 94 -1 0
150 94 -1 0
161 93 -1 0
160 93 -1 0
159 93 -1 0
158 93 -1 0
157 93 -1 0
156 93 -1 0
155 93 -1 0
154 93 -1 0
153 93 -1 0
152 93 -1 0
151 93 -1 0
150 93 -1 0
149 93 -1 0
161 92 -1 0
160 92 -1 0
159 92 -1 0
158 92 -1 0
157 92 -1 0
156 92 -1 0
155 92 -1 0
154 92 -1 0
153 92 -1 0
152 92 -1 0
151 92 -1 0
150 92 -1 0
149 92 -1 0
160 91 -1 0
159 91 -1 0
158 91 -1 0
157 91 -1 0
156 91 -1 0
155 91 -1 0
154 91 -1 0
153 91 -1 0
152 91 -1 0
151 91 -1 0
150 91 -1 0
149 91 -1 0
160 90 -1 0
159 90 -1 0
158 90 -1 0
157 90 -1 0
156 90 -1 0
155 90 -1 0
154 90 -1 0
153 90 -1 0
152 90 -1 0
151 90 -1 0
150 90 -1 0
149 90 -1 0
148 90 -1 0
160 89 -1 0
159 89 -1 0
158 89 -1 0
157 89 -1 0
156 89 -1 0
155 89 -1 0
154 89 -1 0
153 89 -1 0
152 89 -1 0
151 89 -1 0
150 89 -1 0
149 89 -1 0
148 89 -1 0
159 88 -1 0
158 88 -1 0
157 88 -1 0
156 88 -1 0
155 88 -1 0
154 88 -1 0
153 88 -1 0
152 88 -1 0
151 88 -1 0
150 88 -1 0
149 88 -1 0
148 88 -1 0
147 88 -1 0
158 87 -1 0
157 87 -1 0
156 87 -1 0
155 87 -1 0
154 87 -1 0
153 87 -1 0
152 87 -1 0
151 87 -1 0
150 87 -1 0
149 87 -1 0
148 87 -1 0
147 87 -1 0
157 86 -1 0
156 86 -1 0
155 86 -1 0
154 86 -1 0
153 86 -1 0
152 86 -1 0
151 86 -1 0
150 86 -1 0
149 86 -1 0
148 86 -1 0
147 86 -1 0
156 85 -1 0
155 85 -1 0
154 85 -1 0
153 85 -1 0
152 85 -1 0
151 85 -1 0
150 85 -1 0
149 85 -1 0
148 85 -1 0
147 85 -1 0
146 85 -1 0
156 84 -1 0
155 84 -1 0
154 84 -1 0
153 84 -1 0
152 84 -1 0
151 84 -1 0
150 84 -1 0
149 84 -1 0
148 84 -1 0
147 84 -1 0
146 84 -1 0
156 83 -1 0
155 83 -1 0
154 83 -1 0
153 83 -1 0
152 83 -1 0
151 83 -1 0
150 83 -1 0
149 83 -1 0
148 83 -1 0
147 83 -1 0
146 83 -1 0
155 82 -1 0
154 82 -1 0
153 82 -1 0
152 82 -1 0
151 82 -1 0
150 82 -1 0
149 82 -1 0
148 82 -1 0
147 82 -1 0
146 82 -1 0
145 82 -1 0
155 81 -1 0
154 81 -1 0
153 81 -1 0
152 81 -1 0
151 81 -1 0
150 81 -1 0
149 81 -1 0
148 81 -1 0
147 81 -1 0
146 81 -1 0
145 81 -1 0
144 81 -1 0
155 80 -1 0
154 80 -1 0
153 80 -1 0
152 80 -1 0
151 80 -1 0
150 80 -1 0
149 80 -1 0
148 80 -1 0
147 80 -1 0
146 80 -1 0
145 80 -1 0
144 80 -1 0
154 79 -1 0
153 79 -1 0
152 79 -1 0
151 79 -1 0
150 79 -1 0
149 79 -1 0
148 79 -1 0
147 79 -1 0
146 79 -1 0
145 79 -1 0
144 79 -1 0
153 78 -1 0
152 78 -1 0
151 78 -1 0
150 78 -1 0
149 78 -1 0
148 78 -1 0
147 78 -1 0
146 78 -1 0
145 78 -1 0
144 78 -1 0
143 78 -1 0
153 77 -1 0
152 77 -1 0
151 77 -1 0
150 77 -1 0
149 77 -1 0
148 77 -1 0
147 77 -1 0
146 77 -1 0
145 77 -1 0
144 77 -1 0
143 77 -1 0
142 77 -1 0
153 76 -1 0
152 76 -1 0
151 76 -1 0
150 76 -1 0
149 76 -1 0
148 76 -1 0
147 76 -1 0
146 76 -1 0
145 76 -1 0
144 76 -1 0
143 76 -1 0
142 76 -1 0
152 75 -1 0
151 75 -1 0
150 75 -1 0
149 75 -1 0
148 75 -1 0
147 75 -1 0
146 75 -1 0
145 75 -1 0
144 75 -1 0
143 75 -1 0
142 75 -1 0
152 74 -1 0
151 74 -1 0
150 74 -1 0
149 74 -1 0
148 74 -1 0
147 74 -1 0
146 74 -1 0
145 74 -1 0
144 74 -1 0
143 74 -1 0
142 74 -1 0
141 74 -1 0
152 73 -1 0
151 73 -1 0
150 73 -1 0
149 73 -1 0
148 73 -1 0
147 73 -1 0
146 73 -1 0
145 73 -1 0
144 73 -1 0
143 73 -1 0
142 73 -1 0
141 73 -1 0
151 72 -1 0
150 72 -1 0
149 72 -1 0
148 72 -1 0
147 72 -1 0
146 72 -1 0
145 72 -1 0
144 72 -1 0
143 72 -1 0
142 72 -1 0
141 72 -1 0
140 72 -1 0
151 71 -1 0
150 71 -1 0
149 71 -1 0
148 71 -1 0
147 71 -1 0
146 71 -1 0
145 71 -1 0
144 71 -1 0
143 71 -1 0
142 71 -1 0
141 71 -1 0
140 71 -1 0
139 71 -1 0
150 70 -1 0
149 70 -1 0
148 70 -1 0
147 70 -1 0
146 70 -1 0
145 70 -1 0
144 70 -1 0
143 70 -1 0
142 70 -1 0
141 70 -1 0
140 70 -1 0
139 70 -1 0
138 70 -1 0
150 69 -1 0
149 69 -1 0
148 69 -1 0
147 69 -1 0
146 69 -1 0
145 69 -1 0
144 69 -1 0
143 69 -1 0
142 69 -1 0
141 69 -1 0
140 69 -1 0
139 69 -1 0
138 69 -1 0
149 68 -1 0
148 68 -1 0
147 68 -1 0
146 68 -1 0
145 68 -1 0
144 68 -1 0
143 68 -1 0
142 68 -1 0
141 68 -1 0
140 68 -1 0
139 68 -1 0
138 68 -1 0
148 67 -1 0
147 67 -1 0
146 67 -1 0
145 67 -1 0
144 67 -1 0
143 67 -1 0
142 67 -1 0
141 67 -1 0
140 67 -1 0
139 67 -1 0
138 67 -1 0
137 67 -1 0
148 66 -1 0
147 66 -1 0
146 66 -1 0
145 66 -1 0
144 66 -1 0
143 66 -1 0
142 66 -1 0
141 66 -1 0
140 66 -1 0
139 66 -1 0
138 66 -1 0
137 66 -1 0
136 66 -1 0
147 65 -1 0
146 65 -1 0
145 65 -1 0
144 65 -1 0
143 65 -1 0
142 65 -1 0
141 65 -1 0
140 65 -1 0
139 65 -1 0
138 65 -1 0
137 65 -1 0
136 65 -1 0
135 65 -1 0
147 64 -1 0
146 64 -1 0
145 64 -1 0
144 64 -1 0
143 64 -1 0
142 64 -1 0
141 64 -1 0
140 64 -1 0
139 64 -1 0
138 64 -1 0
137 64 -1 0
136 64 -1 0
135 64 -1 0
146 63 -1 0
145 63 -1 0
144 63 -1 0
143 63 -1 0
142 63 -1 0
141 63 -1 0
140 63 -1 0
139 63 -1 0
138 63 -1 0
137 63 -1 0
136 63 -1 0
135 63 -1 0
146 62 -1 0
145 62 -1 0
144 62 -1 0
143 62 -1 0
142 62 -1 0
141 62 -1 0
140 62 -1 0
139 62 -1 0
138 62 -1 0
137 62 -1 0
136 62 -1 0
135 62 -1 0
134 62 -1 0
145 61 -1 0
144 61 -1 0
143 61 -1 0
142 61 -1 0
141 61 -1 0
140 61 -1 0
139 61 -1 0
138 61 -1 0
137 61 -1 0
136 61 -1 0
135 61 -1 0
134 61 -1 0
144 60 -1 0
143 60 -1 0
142 60 -1 0
141 60 -1 0
140 60 -1 0
139 60 -1 0
138 60 -1 0
137 60 -1 0
136 60 -1 0
135 60 -1 0
134 60 -1 0
133 60 -1 0
144 59 -1 0
143 59 -1 0
142 59 -1 0
141 59 -1 0
140 59 -1 0
139 59 -1 0
138 59 -1 0
137 59 -1 0
136 59 -1 0
135 59 -1 0
134 59 -1 0
133 59 -1 0
132 59 -1 0
143 58 -1 0
142 58 -1 0
141 58 -1 0
140 58 -1 0
139 58 -1 0
138 58 -1 0
137 58 -1 0
136 58 -1 0
135 58 -1 0
134 58 -1 0
133 58 -1 0
132 58 -1 0
131 58 -1 0
143 57 -1 0
142 57 -1 0
141 57 -1 0
140 57 -1 0
139 57 -1 0
138 57 -1 0
137 57 -1 0
136 57 -1 0
135 57 -1 0
134 57 -1 0
133 57 -1 0
132 57 -1 0
131 57 -1 0
142 56 -1 0
141 56 -1 0
140 56 -1 0
139 56 -1 0
138 56 -1 0
137 56 -1 0
136 56 -1 0
135 56 -1 0
134 56 -1 0
133 56 -1 0
132 56 -1 0
131 56 -1 0
141 55 -1 0
140 55 -1 0
139 55 -1 0
138 55 -1 0
137 55 -1 0
136 55 -1 0
135 55 -1 0
134 55 -1 0
133 55 -1 0
132 55 -1 0
131 55 -1 0
130 55 -1 0
140 54 -1 0
139 54 -1 0
138 54 -1 0
137 54 -1 0
136 54 -1 0
135 54 -1 0
134 54 -1 0
133 54 -1 0
132 54 -1 0
131 54 -1 0
130 54 -1 0
129 54 -1 0
140 53 -1 0
139 53 -1 0
138 53 -1 0
137 53 -1 0
136 53 -1 0
135 53 -1 0
134 53 -1 0
133 53 -1 0
132 53 -1 0
131 53 -1 0
130 53 -1 0
129 53 -1 0
140 52 -1 0
139 52 -1 0
138 52 -1 0
137 52 -1 0
136 52 -1 0
135 52 -1 0
134 52 -1 0
133 52 -1 0
132 52 -1 0
131 52 -1 0
130 52 -1 0
129 52 -1 0
139 51 -1 0
138 51 -1 0
137 51 -1 0
136 51 -1 0
135 51 -1 0
134 51 -1 0
133 51 -1 0
132 51 -1 0
131 51 -1 0
130 51 -1 0
129 51 -1 0
128 51 -1 0
139 50 -1 0
138 50 -1 0
137 50 -1 0
136 50 -1 0
135 50 -1 0
134 50 -1 0
133 50 -1 0
132 50 -1 0
131 50 -1 0
130 50 -1 0
129 50 -1 0
128 50 -1 0
139 49 -1 0
138 49 -1 0
137 49 -1 0
136 49 -1 0
135 49 -1 0
134 49 -1 0
133 49 -1 0
132 49 -1 0
131 49 -1 0
130 49 -1 0
129 49 -1 0
128 49 -1 0
138 48 -1 0
137 48 -1 0
136 48 -1 0
135 48 -1 0
134 48 -1 0
133 48 -1 0
132 48 -1 0
131 48 -1 0
130 48 -1 0
129 48 -1 0
128 48 -1 0
127 48 -1 0
137 47 -1 0
136 47 -1 0
135 47 -1 0
134 47 -1 0
133 47 -1 0
132 47 -1 0
131 47 -1 0
130 47 -1 0
129 47 -1 0
128 47 -1 0
127 47 -1 0
126 47 -1 0
136 46 -1 0
135 46 -1 0
134 46 -1 0
133 46 -1 0
132 46 -1 0
131 46 -1 0
130 46 -1 0
129 46 -1 0
128 46 -1 0
127 46 -1 0
126 46 -1 0
125 46 -1 0
136 45 -1 0
135 45 -1 0
134 45 -1 0
133 45 -1 0
132 45 -1 0
131 45 -1 0
130 45 -1 0
129 45 -1 0
128 45 -1 0
127 45 -1 0
126 45 -1 0
125 45 -1 0
124 45 -1 0
135 44 -1 0
134 44 -1 0
133 44 -1 0
132 44 -1 0
131 44 -1 0
130 44 -1 0
129 44 -1 0
128 44 -1 0
127 44 -1 0
126 44 -1 0
125 44 -1 0
124 44 -1 0
134 43 -1 0
133 43 -1 0
132 43 -1 0
131 43 -1 0
130 43 -1 0
129 43 -1 0
128 43 -1 0
127 43 -1 0
126 43 -1 0
125 43 -1 0
124 43 -1 0
123 43 -1 0
134 42 -1 0
133 42 -1 0
132 42 -1 0
131 42 -1 0
130 42 -1 0
129 42 -1 0
128 42 -1 0
127 42 -1 0
126 42 -1 0
125 42 -1 0
124 42 -1 0
123 42 -1 0
122 42 -1 0
134 41 -1 0
133 41 -1 0
132 41 -1 0
131 41 -1 0
130 41 -1 0
129 41 -1 0
128 41 -1 0
127 41 -1 0
126 41 -1 0
125 41 -1 0
124 41 -1 0
123 41 -1 0
122 41 -1 0
133 40 -1 0
132 40 -1 0
131 40 -1 0
130 40 -1 0
129 40 -1 0
128 40 -1 0
127 40 -1 0
126 40 -1 0
125 40 -1 0
124 40 -1 0
123 40 -1 0
122 40 -1 0
121 40 -1 0
132 39 -1 0
131 39 -1 0
130 39 -1 0
129 39 -1 0
128 39 -1 0
127 39 -1 0
126 39 -1 0
125 39 -1 0
124 39 -1 0
123 39 -1 0
122 39 -1 0
121 39 -1 0
131 38 -1 0
130 38 -1 0
129 38 -1 0
128 38 -1 0
127 38 -1 0
126 38 -1 0
125 38 -1 0
124 38 -1 0
123 38 -1 0
122 38 -1 0
121 38 -1 0
131 37 -1 0
130 37 -1 0
129 37 -1 0
128 37 -1 0
127 37 -1 0
126 37 -1 0
125 37 -1 0
124 37 -1 0
123 37 -1 0
122 37 -1 0
121 37 -1 0
120 37 -1 0
130 36 -1 0
129 36 -1 0
128 36 -1 0
127 36 -1 0
126 36 -1 0
125 36 -1 0
124 36 -1 0
123 36 -1 0
122 36 -1 0
121 36 -1 0
120 36 -1 0
119 36 -1 0
129 35 -1 0
128 35 -1 0
127 35 -1 0
126 35 -1 0
125 35 -1 0
124 35 -1 0
123 35 -1 0
122 35 -1 0
121 35 -1 0
120 35 -1 0
119 35 -1 0
118 35 -1 0
129 34 -1 0
128 34 -1 0
127 34 -1 0
126 34 -1 0
125 34 -1 0
124 34 -1 0
123 34 -1 0
122 34 -1 0
121 34 -1 0
120 34 -1 0
119 34 -1 0
118 34 -1 0
128 33 -1 0
127 33 -1 0
126 33 -1 0
125 33 -1 0
124 33 -1 0
123 33 -1 0
122 33 -1 0
121 33 -1 0
120 33 -1 0
119 33 -1 0
118 33 -1 0
117 33 -1 0
116 33 -1 0
128 32 -1 0
127 32 -1 0
126 32 -1 0
125 32 -1 0
124 32 -1 0
123 32 -1 0
122 32 -1 0
121 32 -1 0
120 32 -1 0
119 32 -1 0
118 32 -1 0
117 32 -1 0
116 32 -1 0
115 32 -1 0
114 32 -1 0
128 31 -1 0
127 31 -1 0
126 31 -1 0
125 31 -1 0
124 31 -1 0
123 31 -1 0
122 31 -1 0
121 31 -1 0
120 31 -1 0
119 31 -1 0
118 31 -1 0
117 31 -1 0
116 31 -1 0
115 31 -1 0
114 31 -1 0
113 31 -1 0
127 30 -1 0
126 30 -1 0
125 30 -1 0
124 30 -1 0
123 30 -1 0
122 30 -1 0
121 30 -1 0
120 30 -1 0
119 30 -1 0
118 30 -1 0
117 30 -1 0
116 30 -1 0
115 30 -1 0
114 30 -1 0
113 30 -1 0
126 29 -1 0
125 29 -1 0
124 29 -1 0
123 29 -1 0
122 29 -1 0
121 29 -1 0
120 29 -1 0
119 29 -1 0
118 29 -1 0
117 29 -1 0
116 29 -1 0
115 29 -1 0
114 29 -1 0
113 29 -1 0
112 29 -1 0
111 29 -1 0
125 28 -1 0
124 28 -1 0
123 28 -1 0
122 28 -1 0
121 28 -1 0
120 28 -1 0
119 28 -1 0
118 28 -1 0
117 28 -1 0
116 28 -1 0
115 28 -1 0
114 28 -1 0
113 28 -1 0
112 28 -1 0
111 28 -1 0
110 28 -1 0
109 28 -1 0
123 27 -1 0
122 27 -1 0
121 27 -1 0
120 27 -1 0
119 27 -1 0
118 27 -1 0
117 27 -1 0
116 27 -1 0
115 27 -1 0
114 27 -1 0
113 27 -1 0
112 27 -1 0
111 27 -1 0
110 27 -1 0
109 27 -1 0
108 27 -1 0
107 27 -1 0
105 27 -1 0
103 27 -1 0
123 26 -1 0
122 26 -1 0
121 26 -1 0
120 26 -1 0
119 26 -1 0
118 26 -1 0
117 26 -1 0
116 26 -1 0
115 26 -1 0
114 26 -1 0
113 26 -1 0
112 26 -1 0
111 26 -1 0
110 26 -1 0
109 26 -1 0
108 26 -1 0
107 26 -1 0
106 26 -1 0
105 26 -1 0
104 26 -1 0
103 26 -1 0
102 26 -1 0
101 26 -1 0
100 26 -1 0
122 25 -1 0
121 25 -1 0
120 25 -1 0
119 25 -1 0
118 25 -1 0
117 25 -1 0
116 25 -1 0
115 25 -1 0
114 25 -1 0
113 25 -1 0
112 25 -1 0
111 25 -1 0
110 25 -1 0
109 25 -1 0
108 25 -1 0
107 25 -1 0
106 25 -1 0
105 25 -1 0
104 25 -1 0
103 25 -1 0
102 25 -1 0
101 25 -1 0
100 25 -1 0
99 25 -1 0
121 24 -1 0
120 24 -1 0
119 24 -1 0
118 24 -1 0
117 24 -1 0
116 24 -1 0
115 24 -1 0
114 24 -1 0
113 24 -1 0
112 24 -1 0
111 24 -1 0
110 24 -1 0
109 24 -1 0
108 24 -1 0
107 24 -1 0
106 24 -1 0
105 24 -1 0
104 24 -1 0
103 24 -1 0
102 24 -1 0
101 24 -1 0
100 24 -1 0
99 24 -1 0
120 23 -1 0
119 23 -1 0
118 23 -1 0
117 23 -1 0
116 23 -1 0
115 23 -1 0
114 23 -1 0
113 23 -1 0
112 23 -1 0
111 23 -1 0
110 23 -1 0
109 23 -1 0
108 23 -1 0
107 23 -1 0
106 23 -1 0
105 23 -1 0
104 23 -1 0
103 23 -1 0
102 23 -1 0
101 23 -1 0
100 23 -1 0
99 23 -1 0
118 22 -1 0
117 22 -1 0
116 22 -1 0
115 22 -1 0
114 22 -1 0
113 22 -1 0
112 22 -1 0
111 22 -1 0
110 22 -1 0
109 22 -1 0
108 22 -1 0
107 22 -1 0
106 22 -1 0
105 22 -1 0
104 22 -1 0
103 22 -1 0
102 22 -1 0
101 22 -1 0
100 22 -1 0
99 22 -1 0
98 22 -1 0
117 21 -1 0
116 21 -1 0
115 21 -1 0
114 21 -1 0
113 21 -1 0
112 21 -1 0
111 21 -1 0
110 21 -1 0
109 21 -1 0
108 21 -1 0
107 21 -1 0
106 21 -1 0
105 21 -1 0
104 21 -1 0
103 21 -1 0
102 21 -1 0
101 21 -1 0
100 21 -1 0
99 21 -1 0
115 20 -1 0
114 20 -1 0
113 20 -1 0
112 20 -1 0
111 20 -1 0
110 20 -1 0
109 20 -1 0
108 20 -1 0
107 20 -1 0
106 20 -1 0
105 20 -1 0
104 20 -1 0
103 20 -1 0
102 20 -1 0
101 20 -1 0
100 20 -1 0
99 20 -1 0
113 19 -1 0
112 19 -1 0
111 19 -1 0
110 19 -1 0
109 19 -1 0
108 19 -1 0
107 19 -1 0
106 19 -1 0
105 19 -1 0
104 19 -1 0
103 19 -1 0
102 19 -1 0
101 19 -1 0
100 19 -1 0
99 19 -1 0
111 18 -1 0
110 18 -1 0
109 18 -1 0
108 18 -1 0
107 18 -1 0
106 18 -1 0
105 18 -1 0
104 18 -1 0
103 18 -1 0
102 18 -1 0
101 18 -1 0
100 18 -1 0
108 17 -1 0
105 17 -1 0
103 17 -1 0
