2517 408 341
298 182 -1 0
301 181 -1 0
300 181 -1 0
299 181 -1 0
298 181 -1 0
297 181 -1 0
296 181 -1 0
295 181 -1 0
302 180 -1 0
301 180 -1 0
300 180 -1 0
299 180 -1 0
298 180 -1 0
297 180 -1 0
296 180 -1 0
295 180 -1 0
294 180 -1 0
302 179 -1 0
301 179 -1 0
300 179 -1 0
299 179 -1 0
298 179 -1 0
297 179 -1 0
296 179 -1 0
295 179 -1 0
294 179 -1 0
302 178 -1 0
301 178 -1 0
300 178 -1 0
299 178 -1 0
298 178 -1 0
297 178 -1 0
296 178 -1 0
295 178 -1 0
294 178 -1 0
303 177 -1 0
302 177 -1 0
301 177 -1 0
300 177 -1 0
299 177 -1 0
298 177 -1 0
297 177 -1 0
296 177 -1 0
295 177 -1 0
294 177 -1 0
293 177 -1 0
302 176 -1 0
301 176 -1 0
300 176 -1 0
299 176 -1 0
298 176 -1 0
297 176 -1 0
296 176 -1 0
295 176 -1 0
294 176 -1 0
293 176 -1 0
303 175 -1 0
302 175 -1 0
301 175 -1 0
300 175 -1 0
299 175 -1 0
298 175 -1 0
297 175 -1 0
296 175 -1 0
295 175 -1 0
294 175 -1 0
293 175 -1 0
302 174 -1 0
301 174 -1 0
300 174 -1 0
299 174 -1 0
298 174 -1 0
297 174 -1 0
296 174 -1 0
295 174 -1 0
294 174 -1 0
293 174 -1 0
292 174 -1 0
302 173 -1 0
301 173 -1 0
300 173 -1 0
299 173 -1 0
298 173 -1 0
297 173 -1 0
296 173 -1 0
295 173 -1 0
294 173 -1 0
293 173 -1 0
292 173 -1 0
302 172 -1 0
301 172 -1 0
300 172 -1 0
299 172 -1 0
298 172 -1 0
297 172 -1 0
296 172 -1 0
295 172 -1 0
294 172 -1 0
293 172 -1 0
292 172 -1 0
291 172 -1 0
302 171 -1 0
301 171 -1 0
300 171 -1 0
299 171 -1 0
298 171 -1 0
297 171 -1 0
296 171 -1 0
295 171 -1 0
294 171 -1 0
293 171 -1 0
292 171 -1 0
291 171 -1 0
290 171 -1 0
301 170 -1 0
300 170 -1 0
299 170 -1 0
298 170 -1 0
297 170 -1 0
296 170 -1 0
295 170 -1 0
294 170 -1 0
293 170 -1 0
292 170 -1 0
291 170 -1 0
290 170 -1 0
289 170 -1 0
301 169 -1 0
300 169 -1 0
299 169 -1 0
298 169 -1 0
297 169 -1 0
296 169 -1 0
295 169 -1 0
294 169 -1 0
293 169 -1 0
292 169 -1 0
291 169 -1 0
290 169 -1 0
289 169 -1 0
301 168 -1 0
300 168 -1 0
299 168 -1 0
298 168 -1 0
297 168 -1 0
296 168 -1 0
295 168 -1 0
294 168 -1 0
293 168 -1 0
292 168 -1 0
291 168 -1 0
290 168 -1 0
289 168 -1 0
300 167 -1 0
299 167 -1 0
298 167 -1 0
297 167 -1 0
296 167 -1 0
295 167 -1 0
294 167 -1 0
293 167 -1 0
292 167 -1 0
291 167 -1 0
290 167 -1 0
289 167 -1 0
288 167 -1 0
299 166 -1 0
298 166 -1 0
297 166 -1 0
296 166 -1 0
295 166 -1 0
294 166 -1 0
293 166 -1 0
292 166 -1 0
291 166 -1 0
290 166 -1 0
289 166 -1 0
288 166 -1 0
298 165 -1 0
297 165 -1 0
296 165 -1 0
295 165 -1 0
294 165 -1 0
293 165 -1 0
292 165 -1 0
291 165 -1 0
290 165 -1 0
289 165 -1 0
288 165 -1 0
297 164 -1 0
296 164 -1 0
295 164 -1 0
294 164 -1 0
293 164 -1 0
292 164 -1 0
291 164 -1 0
290 164 -1 0
289 164 -1 0
288 164 -1 0
287 164 -1 0
297 163 -1 0
296 163 -1 0
295 163 -1 0
294 163 -1 0
293 163 -1 0
292 163 -1 0
291 163 -1 0
290 163 -1 0
289 163 -1 0
288 163 -1 0
287 163 -1 0
286 163 -1 0
297 162 -1 0
296 162 -1 0
295 162 -1 0
294 162 -1 0
293 162 -1 0
292 162 -1 0
291 162 -1 0
290 162 -1 0
289 162 -1 0
288 162 -1 0
287 162 -1 0
286 162 -1 0
285 162 -1 0
296 161 -1 0
295 161 -1 0
294 161 -1 0
293 161 -1 0
292 161 -1 0
291 161 -1 0
290 161 -1 0
289 161 -1 0
288 161 -1 0
287 161 -1 0
286 161 -1 0
285 161 -1 0
296 160 -1 0
295 160 -1 0
294 160 -1 0
293 160 -1 0
292 160 -1 0
291 160 -1 0
290 160 -1 0
289 160 -1 0
288 160 -1 0
287 160 -1 0
286 160 -1 0
285 160 -1 0
284 160 -1 0
295 159 -1 0
294 159 -1 0
293 159 -1 0
292 159 -1 0
291 159 -1 0
290 159 -1 0
289 159 -1 0
288 159 -1 0
287 159 -1 0
286 159 -1 0
285 159 -1 0
284 159 -1 0
283 159 -1 0
295 158 -1 0
294 158 -1 0
293 158 -1 0
292 158 -1 0
291 158 -1 0
290 158 -1 0
289 158 -1 0
288 158 -1 0
287 158 -1 0
286 158 -1 0
285 158 -1 0
284 158 -1 0
283 158 -1 0
294 157 -1 0
293 157 -1 0
292 157 -1 0
291 157 -1 0
290 157 -1 0
289 157 -1 0
288 157 -1 0
287 157 -1 0
286 157 -1 0
285 157 -1 0
284 157 -1 0
283 157 -1 0
293 156 -1 0
292 156 -1 0
291 156 -1 0
290 156 -1 0
289 156 -1 0
288 156 -1 0
287 156 -1 0
286 156 -1 0
285 156 -1 0
284 156 -1 0
283 156 -1 0
282 156 -1 0
293 155 -1 0
292 155 -1 0
291 155 -1 0
290 155 -1 0
289 155 -1 0
288 155 -1 0
287 155 -1 0
286 155 -1 0
285 155 -1 0
284 155 -1 0
283 155 -1 0
282 155 -1 0
292 154 -1 0
291 154 -1 0
290 154 -1 0
289 154 -1 0
288 154 -1 0
287 154 -1 0
286 154 -1 0
285 154 -1 0
284 154 -1 0
283 154 -1 0
282 154 -1 0
281 154 -1 0
390 153 -1 1
292 153 -1 0
291 153 -1 0
290 153 -1 0
289 153 -1 0
288 153 -1 0
287 153 -1 0
286 153 -1 0
285 153 -1 0
284 153 -1 0
283 153 -1 0
282 153 -1 0
281 153 -1 0
280 153 -1 0
393 152 -1 1
392 152 -1 1
391 152 -1 1
390 152 -1 1
389 152 -1 1
388 152 -1 1
387 152 -1 1
291 152 -1 0
290 152 -1 0
289 152 -1 0
288 152 -1 0
287 152 -1 0
286 152 -1 0
285 152 -1 0
284 152 -1 0
283 152 -1 0
282 152 -1 0
281 152 -1 0
280 152 -1 0
394 151 -1 1
393 151 -1 1
392 151 -1 1
391 151 -1 1
390 151 -1 1
389 151 -1 1
388 151 -1 1
387 151 -1 1
386 151 -1 1
291 151 -1 0
290 151 -1 0
289 151 -1 0
288 151 -1 0
287 151 -1 0
286 151 -1 0
285 151 -1 0
284 151 -1 0
283 151 -1 0
282 151 -1 0
281 151 -1 0
280 151 -1 0
394 150 -1 1
393 150 -1 1
392 150 -1 1
391 150 -1 1
390 150 -1 1
389 150 -1 1
388 150 -1 1
387 150 -1 1
386 150 -1 1
385 150 -1 1
291 150 -1 0
290 150 -1 0
289 150 -1 0
288 150 -1 0
287 150 -1 0
286 150 -1 0
285 150 -1 0
284 150 -1 0
283 150 -1 0
282 150 -1 0
281 150 -1 0
280 150 -1 0
279 150 -1 0
394 149 -1 1
393 149 -1 1
392 149 -1 1
391 149 -1 1
390 149 -1 1
389 149 -1 1
388 149 -1 1
387 149 -1 1
386 149 -1 1
385 149 -1 1
384 149 -1 1
290 149 -1 0
289 149 -1 0
288 149 -1 0
287 149 -1 0
286 149 -1 0
285 149 -1 0
284 149 -1 0
283 149 -1 0
282 149 -1 0
281 149 -1 0
280 149 -1 0
279 149 -1 0
395 148 -1 1
394 148 -1 1
393 148 -1 1
392 148 -1 1
391 148 -1 1
390 148 -1 1
389 148 -1 1
388 148 -1 1
387 148 -1 1
386 148 -1 1
385 148 -1 1
384 148 -1 1
383 148 -1 1
289 148 -1 0
288 148 -1 0
287 148 -1 0
286 148 -1 0
285 148 -1 0
284 148 -1 0
283 148 -1 0
282 148 -1 0
281 148 -1 0
280 148 -1 0
279 148 -1 0
395 147 -1 1
394 147 -1 1
393 147 -1 1
392 147 -1 1
391 147 -1 1
390 147 -1 1
389 147 -1 1
388 147 -1 1
387 147 -1 1
386 147 -1 1
385 147 -1 1
384 147 -1 1
383 147 -1 1
382 147 -1 1
289 147 -1 0
288 147 -1 0
287 147 -1 0
286 147 -1 0
285 147 -1 0
284 147 -1 0
283 147 -1 0
282 147 -1 0
281 147 -1 0
280 147 -1 0
279 147 -1 0
278 147 -1 0
394 146 -1 1
393 146 -1 1
392 146 -1 1
391 146 -1 1
390 146 -1 1
389 146 -1 1
388 146 -1 1
387 146 -1 1
386 146 -1 1
385 146 -1 1
384 146 -1 1
383 146 -1 1
382 146 -1 1
288 146 -1 0
287 146 -1 0
286 146 -1 0
285 146 -1 0
284 146 -1 0
283 146 -1 0
282 146 -1 0
281 146 -1 0
280 146 -1 0
279 146 -1 0
278 146 -1 0
394 145 -1 1
393 145 -1 1
392 145 -1 1
391 145 -1 1
390 145 -1 1
389 145 -1 1
388 145 -1 1
387 145 -1 1
386 145 -1 1
385 145 -1 1
384 145 -1 1
383 145 -1 1
382 145 -1 1
381 145 -1 1
288 145 -1 0
287 145 -1 0
286 145 -1 0
285 145 -1 0
284 145 -1 0
283 145 -1 0
282 145 -1 0
281 145 -1 0
280 145 -1 0
279 145 -1 0
278 145 -1 0
277 145 -1 0
394 144 -1 1
393 144 -1 1
392 144 -1 1
391 144 -1 1
390 144 -1 1
389 144 -1 1
388 144 -1 1
387 144 -1 1
386 144 -1 1
385 144 -1 1
384 144 -1 1
383 144 -1 1
382 144 -1 1
381 144 -1 1
287 144 -1 0
286 144 -1 0
285 144 -1 0
284 144 -1 0
283 144 -1 0
282 144 -1 0
281 144 -1 0
280 144 -1 0
279 144 -1 0
278 144 -1 0
277 144 -1 0
393 143 -1 1
392 143 -1 1
391 143 -1 1
390 143 -1 1
389 143 -1 1
388 143 -1 1
387 143 -1 1
386 143 -1 1
385 143 -1 1
384 143 -1 1
383 143 -1 1
382 143 -1 1
381 143 -1 1
380 143 -1 1
287 143 -1 0
286 143 -1 0
285 143 -1 0
284 143 -1 0
283 143 -1 0
282 143 -1 0
281 143 -1 0
280 143 -1 0
279 143 -1 0
278 143 -1 0
277 143 -1 0
392 142 -1 1
391 142 -1 1
390 142 -1 1
389 142 -1 1
388 142 -1 1
387 142 -1 1
386 142 -1 1
385 142 -1 1
384 142 -1 1
383 142 -1 1
382 142 -1 1
381 142 -1 1
380 142 -1 1
379 142 -1 1
286 142 -1 0
285 142 -1 0
284 142 -1 0
283 142 -1 0
282 142 -1 0
281 142 -1 0
280 142 -1 0
279 142 -1 0
278 142 -1 0
277 142 -1 0
276 142 -1 0
391 141 -1 1
390 141 -1 1
389 141 -1 1
388 141 -1 1
387 141 -1 1
386 141 -1 1
385 141 -1 1
384 141 -1 1
383 141 -1 1
382 141 -1 1
381 141 -1 1
380 141 -1 1
379 141 -1 1
286 141 -1 0
285 141 -1 0
284 141 -1 0
283 141 -1 0
282 141 -1 0
281 141 -1 0
280 141 -1 0
279 141 -1 0
278 141 -1 0
277 141 -1 0
276 141 -1 0
390 140 -1 1
389 140 -1 1
388 140 -1 1
387 140 -1 1
386 140 -1 1
385 140 -1 1
384 140 -1 1
383 140 -1 1
382 140 -1 1
381 140 -1 1
380 140 -1 1
379 140 -1 1
378 140 -1 1
286 140 -1 0
285 140 -1 0
284 140 -1 0
283 140 -1 0
282 140 -1 0
281 140 -1 0
280 140 -1 0
279 140 -1 0
278 140 -1 0
277 140 -1 0
276 140 -1 0
275 140 -1 0
389 139 -1 1
388 139 -1 1
387 139 -1 1
386 139 -1 1
385 139 -1 1
384 139 -1 1
383 139 -1 1
382 139 -1 1
381 139 -1 1
380 139 -1 1
379 139 -1 1
378 139 -1 1
286 139 -1 0
285 139 -1 0
284 139 -1 0
283 139 -1 0
282 139 -1 0
281 139 -1 0
280 139 -1 0
279 139 -1 0
278 139 -1 0
277 139 -1 0
276 139 -1 0
275 139 -1 0
389 138 -1 1
388 138 -1 1
387 138 -1 1
386 138 -1 1
385 138 -1 1
384 138 -1 1
383 138 -1 1
382 138 -1 1
381 138 -1 1
380 138 -1 1
379 138 -1 1
378 138 -1 1
377 138 -1 1
285 138 -1 0
284 138 -1 0
283 138 -1 0
282 138 -1 0
281 138 -1 0
280 138 -1 0
279 138 -1 0
278 138 -1 0
277 138 -1 0
276 138 -1 0
275 138 -1 0
274 138 -1 0
273 138 -1 0
389 137 -1 1
388 137 -1 1
387 137 -1 1
386 137 -1 1
385 137 -1 1
384 137 -1 1
383 137 -1 1
382 137 -1 1
381 137 -1 1
380 137 -1 1
379 137 -1 1
378 137 -1 1
377 137 -1 1
376 137 -1 1
285 137 -1 0
284 137 -1 0
283 137 -1 0
282 137 -1 0
281 137 -1 0
280 137 -1 0
279 137 -1 0
278 137 -1 0
277 137 -1 0
276 137 -1 0
275 137 -1 0
274 137 -1 0
273 137 -1 0
272 137 -1 0
388 136 -1 1
387 136 -1 1
386 136 -1 1
385 136 -1 1
384 136 -1 1
383 136 -1 1
382 136 -1 1
381 136 -1 1
380 136 -1 1
379 136 -1 1
378 136 -1 1
377 136 -1 1
376 136 -1 1
375 136 -1 1
285 136 -1 0
284 136 -1 0
283 136 -1 0
282 136 -1 0
281 136 -1 0
280 136 -1 0
279 136 -1 0
278 136 -1 0
277 136 -1 0
276 136 -1 0
275 136 -1 0
274 136 -1 0
273 136 -1 0
272 136 -1 0
386 135 -1 1
385 135 -1 1
384 135 -1 1
383 135 -1 1
382 135 -1 1
381 135 -1 1
380 135 -1 1
379 135 -1 1
378 135 -1 1
377 135 -1 1
376 135 -1 1
375 135 -1 1
374 135 -1 1
284 135 -1 0
283 135 -1 0
282 135 -1 0
281 135 -1 0
280 135 -1 0
279 135 -1 0
278 135 -1 0
277 135 -1 0
276 135 -1 0
275 135 -1 0
274 135 -1 0
273 135 -1 0
272 135 -1 0
386 134 -1 1
385 134 -1 1
384 134 -1 1
383 134 -1 1
382 134 -1 1
381 134 -1 1
380 134 -1 1
379 134 -1 1
378 134 -1 1
377 134 -1 1
376 134 -1 1
375 134 -1 1
374 134 -1 1
373 134 -1 1
284 134 -1 0
283 134 -1 0
282 134 -1 0
281 134 -1 0
280 134 -1 0
279 134 -1 0
278 134 -1 0
277 134 -1 0
276 134 -1 0
275 134 -1 0
274 134 -1 0
273 134 -1 0
272 134 -1 0
271 134 -1 0
385 133 -1 1
384 133 -1 1
383 133 -1 1
382 133 -1 1
381 133 -1 1
380 133 -1 1
379 133 -1 1
378 133 -1 1
377 133 -1 1
376 133 -1 1
375 133 -1 1
374 133 -1 1
373 133 -1 1
372 133 -1 1
283 133 -1 0
282 133 -1 0
281 133 -1 0
280 133 -1 0
279 133 -1 0
278 133 -1 0
277 133 -1 0
276 133 -1 0
275 133 -1 0
274 133 -1 0
273 133 -1 0
272 133 -1 0
271 133 -1 0
385 132 -1 1
384 132 -1 1
383 132 -1 1
382 132 -1 1
381 132 -1 1
380 132 -1 1
379 132 -1 1
378 132 -1 1
377 132 -1 1
376 132 -1 1
375 132 -1 1
374 132 -1 1
373 132 -1 1
372 132 -1 1
371 132 -1 1
282 132 -1 0
281 132 -1 0
280 132 -1 0
279 132 -1 0
278 132 -1 0
277 132 -1 0
276 132 -1 0
275 132 -1 0
274 132 -1 0
273 132 -1 0
272 132 -1 0
271 132 -1 0
384 131 -1 1
383 131 -1 1
382 131 -1 1
381 131 -1 1
380 131 -1 1
379 131 -1 1
378 131 -1 1
377 131 -1 1
376 131 -1 1
375 131 -1 1
374 131 -1 1
373 131 -1 1
372 131 -1 1
371 131 -1 1
370 131 -1 1
281 131 -1 0
280 131 -1 0
279 131 -1 0
278 131 -1 0
277 131 -1 0
276 131 -1 0
275 131 -1 0
274 131 -1 0
273 131 -1 0
272 131 -1 0
271 131 -1 0
270 131 -1 0
383 130 -1 1
382 130 -1 1
381 130 -1 1
380 130 -1 1
379 130 -1 1
378 130 -1 1
377 130 -1 1
376 130 -1 1
375 130 -1 1
374 130 -1 1
373 130 -1 1
372 130 -1 1
371 130 -1 1
370 130 -1 1
369 130 -1 1
280 130 -1 0
279 130 -1 0
278 130 -1 0
277 130 -1 0
276 130 -1 0
275 130 -1 0
274 130 -1 0
273 130 -1 0
272 130 -1 0
271 130 -1 0
270 130 -1 0
382 129 -1 1
381 129 -1 1
380 129 -1 1
379 129 -1 1
378 129 -1 1
377 129 -1 1
376 129 -1 1
375 129 -1 1
374 129 -1 1
373 129 -1 1
372 129 -1 1
371 129 -1 1
370 129 -1 1
369 129 -1 1
368 129 -1 1
280 129 -1 0
279 129 -1 0
278 129 -1 0
277 129 -1 0
276 129 -1 0
275 129 -1 0
274 129 -1 0
273 129 -1 0
272 129 -1 0
271 129 -1 0
270 129 -1 0
269 129 -1 0
381 128 -1 1
380 128 -1 1
379 128 -1 1
378 128 -1 1
377 128 -1 1
376 128 -1 1
375 128 -1 1
374 128 -1 1
373 128 -1 1
372 128 -1 1
371 128 -1 1
370 128 -1 1
369 128 -1 1
368 128 -1 1
367 128 -1 1
280 128 -1 0
279 128 -1 0
278 128 -1 0
277 128 -1 0
276 128 -1 0
275 128 -1 0
274 128 -1 0
273 128 -1 0
272 128 -1 0
271 128 -1 0
270 128 -1 0
269 128 -1 0
380 127 -1 1
379 127 -1 1
378 127 -1 1
377 127 -1 1
376 127 -1 1
375 127 -1 1
374 127 -1 1
373 127 -1 1
372 127 -1 1
371 127 -1 1
370 127 -1 1
369 127 -1 1
368 127 -1 1
367 127 -1 1
366 127 -1 1
279 127 -1 0
278 127 -1 0
277 127 -1 0
276 127 -1 0
275 127 -1 0
274 127 -1 0
273 127 -1 0
272 127 -1 0
271 127 -1 0
270 127 -1 0
269 127 -1 0
379 126 -1 1
378 126 -1 1
377 126 -1 1
376 126 -1 1
375 126 -1 1
374 126 -1 1
373 126 -1 1
372 126 -1 1
371 126 -1 1
370 126 -1 1
369 126 -1 1
368 126 -1 1
367 126 -1 1
366 126 -1 1
365 126 -1 1
279 126 -1 0
278 126 -1 0
277 126 -1 0
276 126 -1 0
275 126 -1 0
274 126 -1 0
273 126 -1 0
272 126 -1 0
271 126 -1 0
270 126 -1 0
269 126 -1 0
268 126 -1 0
378 125 -1 1
377 125 -1 1
376 125 -1 1
375 125 -1 1
374 125 -1 1
373 125 -1 1
372 125 -1 1
371 125 -1 1
370 125 -1 1
369 125 -1 1
368 125 -1 1
367 125 -1 1
366 125 -1 1
365 125 -1 1
279 125 -1 0
278 125 -1 0
277 125 -1 0
276 125 -1 0
275 125 -1 0
274 125 -1 0
273 125 -1 0
272 125 -1 0
271 125 -1 0
270 125 -1 0
269 125 -1 0
268 125 -1 0
377 124 -1 1
376 124 -1 1
375 124 -1 1
374 124 -1 1
373 124 -1 1
372 124 -1 1
371 124 -1 1
370 124 -1 1
369 124 -1 1
368 124 -1 1
367 124 -1 1
366 124 -1 1
365 124 -1 1
364 124 -1 1
278 124 -1 0
277 124 -1 0
276 124 -1 0
275 124 -1 0
274 124 -1 0
273 124 -1 0
272 124 -1 0
271 124 -1 0
270 124 -1 0
269 124 -1 0
268 124 -1 0
376 123 -1 1
375 123 -1 1
374 123 -1 1
373 123 -1 1
372 123 -1 1
371 123 -1 1
370 123 -1 1
369 123 -1 1
368 123 -1 1
367 123 -1 1
366 123 -1 1
365 123 -1 1
364 123 -1 1
363 123 -1 1
362 123 -1 1
277 123 -1 0
276 123 -1 0
275 123 -1 0
274 123 -1 0
273 123 -1 0
272 123 -1 0
271 123 -1 0
270 123 -1 0
269 123 -1 0
268 123 -1 0
267 123 -1 0
375 122 -1 1
374 122 -1 1
373 122 -1 1
372 122 -1 1
371 122 -1 1
370 122 -1 1
369 122 -1 1
368 122 -1 1
367 122 -1 1
366 122 -1 1
365 122 -1 1
364 122 -1 1
363 122 -1 1
362 122 -1 1
361 122 -1 1
277 122 -1 0
276 122 -1 0
275 122 -1 0
274 122 -1 0
273 122 -1 0
272 122 -1 0
271 122 -1 0
270 122 -1 0
269 122 -1 0
268 122 -1 0
267 122 -1 0
375 121 -1 1
374 121 -1 1
373 121 -1 1
372 121 -1 1
371 121 -1 1
370 121 -1 1
369 121 -1 1
368 121 -1 1
367 121 -1 1
366 121 -1 1
365 121 -1 1
364 121 -1 1
363 121 -1 1
362 121 -1 1
361 121 -1 1
360 121 -1 1
359 121 -1 1
277 121 -1 0
276 121 -1 0
275 121 -1 0
274 121 -1 0
273 121 -1 0
272 121 -1 0
271 121 -1 0
270 121 -1 0
269 121 -1 0
268 121 -1 0
267 121 -1 0
374 120 -1 1
373 120 -1 1
372 120 -1 1
371 120 -1 1
370 120 -1 1
369 120 -1 1
368 120 -1 1
367 120 -1 1
366 120 -1 1
365 120 -1 1
364 120 -1 1
363 120 -1 1
362 120 -1 1
361 120 -1 1
360 120 -1 1
359 120 -1 1
358 120 -1 1
276 120 -1 0
275 120 -1 0
274 120 -1 0
273 120 -1 0
272 120 -1 0
271 120 -1 0
270 120 -1 0
269 120 -1 0
268 120 -1 0
267 120 -1 0
266 120 -1 0
373 119 -1 1
372 119 -1 1
371 119 -1 1
370 119 -1 1
369 119 -1 1
368 119 -1 1
367 119 -1 1
366 119 -1 1
365 119 -1 1
364 119 -1 1
363 119 -1 1
362 119 -1 1
361 119 -1 1
360 119 -1 1
359 119 -1 1
358 119 -1 1
357 119 -1 1
356 119 -1 1
355 119 -1 1
354 119 -1 1
351 119 -1 1
349 119 -1 1
276 119 -1 0
275 119 -1 0
274 119 -1 0
273 119 -1 0
272 119 -1 0
271 119 -1 0
270 119 -1 0
269 119 -1 0
268 119 -1 0
267 119 -1 0
372 118 -1 1
371 118 -1 1
370 118 -1 1
369 118 -1 1
368 118 -1 1
367 118 -1 1
366 118 -1 1
365 118 -1 1
364 118 -1 1
363 118 -1 1
362 118 -1 1
361 118 -1 1
360 118 -1 1
359 118 -1 1
358 118 -1 1
357 118 -1 1
356 118 -1 1
355 118 -1 1
354 118 -1 1
353 118 -1 1
352 118 -1 1
351 118 -1 1
350 118 -1 1
349 118 -1 1
348 118 -1 1
347 118 -1 1
346 118 -1 1
276 118 -1 0
275 118 -1 0
274 118 -1 0
273 118 -1 0
272 118 -1 0
271 118 -1 0
270 118 -1 0
269 118 -1 0
268 118 -1 0
267 118 -1 0
266 118 -1 0
371 117 -1 1
370 117 -1 1
369 117 -1 1
368 117 -1 1
367 117 -1 1
366 117 -1 1
365 117 -1 1
364 117 -1 1
363 117 -1 1
362 117 -1 1
361 117 -1 1
360 117 -1 1
359 117 -1 1
358 117 -1 1
357 117 -1 1
356 117 -1 1
355 117 -1 1
354 117 -1 1
353 117 -1 1
352 117 -1 1
351 117 -1 1
350 117 -1 1
349 117 -1 1
348 117 -1 1
347 117 -1 1
346 117 -1 1
345 117 -1 1
276 117 -1 0
275 117 -1 0
274 117 -1 0
273 117 -1 0
272 117 -1 0
271 117 -1 0
270 117 -1 0
269 117 -1 0
268 117 -1 0
267 117 -1 0
266 117 -1 0
369 116 -1 1
368 116 -1 1
367 116 -1 1
366 116 -1 1
365 116 -1 1
364 116 -1 1
363 116 -1 1
362 116 -1 1
361 116 -1 1
360 116 -1 1
359 116 -1 1
358 116 -1 1
357 116 -1 1
356 116 -1 1
355 116 -1 1
354 116 -1 1
353 116 -1 1
352 116 -1 1
351 116 -1 1
350 116 -1 1
349 116 -1 1
348 116 -1 1
347 116 -1 1
346 116 -1 1
345 116 -1 1
275 116 -1 0
274 116 -1 0
273 116 -1 0
272 116 -1 0
271 116 -1 0
270 116 -1 0
269 116 -1 0
268 116 -1 0
267 116 -1 0
266 116 -1 0
369 115 -1 1
368 115 -1 1
367 115 -1 1
366 115 -1 1
365 115 -1 1
364 115 -1 1
363 115 -1 1
362 115 -1 1
361 115 -1 1
360 115 -1 1
359 115 -1 1
358 115 -1 1
357 115 -1 1
356 115 -1 1
355 115 -1 1
354 115 -1 1
353 115 -1 1
352 115 -1 1
351 115 -1 1
350 115 -1 1
349 115 -1 1
348 115 -1 1
347 115 -1 1
346 115 -1 1
345 115 -1 1
275 115 -1 0
274 115 -1 0
273 115 -1 0
272 115 -1 0
271 115 -1 0
270 115 -1 0
269 115 -1 0
268 115 -1 0
267 115 -1 0
266 115 -1 0
265 115 -1 0
368 114 -1 1
367 114 -1 1
366 114 -1 1
365 114 -1 1
364 114 -1 1
363 114 -1 1
362 114 -1 1
361 114 -1 1
360 114 -1 1
359 114 -1 1
358 114 -1 1
357 114 -1 1
356 114 -1 1
355 114 -1 1
354 114 -1 1
353 114 -1 1
352 114 -1 1
351 114 -1 1
350 114 -1 1
349 114 -1 1
348 114 -1 1
347 114 -1 1
346 114 -1 1
345 114 -1 1
344 114 -1 1
275 114 -1 0
274 114 -1 0
273 114 -1 0
272 114 -1 0
271 114 -1 0
270 114 -1 0
269 114 -1 0
268 114 -1 0
267 114 -1 0
266 114 -1 0
265 114 -1 0
366 113 -1 1
365 113 -1 1
364 113 -1 1
363 113 -1 1
362 113 -1 1
361 113 -1 1
360 113 -1 1
359 113 -1 1
358 113 -1 1
357 113 -1 1
356 113 -1 1
355 113 -1 1
354 113 -1 1
353 113 -1 1
352 113 -1 1
351 113 -1 1
350 113 -1 1
349 113 -1 1
348 113 -1 1
347 113 -1 1
346 113 -1 1
345 113 -1 1
274 113 -1 0
273 113 -1 0
272 113 -1 0
271 113 -1 0
270 113 -1 0
269 113 -1 0
268 113 -1 0
267 113 -1 0
266 113 -1 0
265 113 -1 0
264 113 -1 0
365 112 -1 1
364 112 -1 1
363 112 -1 1
362 112 -1 1
361 112 -1 1
360 112 -1 1
359 112 -1 1
358 112 -1 1
357 112 -1 1
356 112 -1 1
355 112 -1 1
354 112 -1 1
353 112 -1 1
352 112 -1 1
351 112 -1 1
350 112 -1 1
349 112 -1 1
348 112 -1 1
347 112 -1 1
346 112 -1 1
345 112 -1 1
274 112 -1 0
273 112 -1 0
272 112 -1 0
271 112 -1 0
270 112 -1 0
269 112 -1 0
268 112 -1 0
267 112 -1 0
266 112 -1 0
265 112 -1 0
264 112 -1 0
364 111 -1 1
363 111 -1 1
362 111 -1 1
361 111 -1 1
360 111 -1 1
359 111 -1 1
358 111 -1 1
357 111 -1 1
356 111 -1 1
355 111 -1 1
354 111 -1 1
353 111 -1 1
352 111 -1 1
351 111 -1 1
350 111 -1 1
349 111 -1 1
348 111 -1 1
347 111 -1 1
346 111 -1 1
345 111 -1 1
273 111 -1 0
272 111 -1 0
271 111 -1 0
270 111 -1 0
269 111 -1 0
268 111 -1 0
267 111 -1 0
266 111 -1 0
265 111 -1 0
264 111 -1 0
361 110 -1 1
360 110 -1 1
359 110 -1 1
358 110 -1 1
357 110 -1 1
356 110 -1 1
355 110 -1 1
354 110 -1 1
353 110 -1 1
352 110 -1 1
351 110 -1 1
350 110 -1 1
349 110 -1 1
348 110 -1 1
347 110 -1 1
346 110 -1 1
273 110 -1 0
272 110 -1 0
271 110 -1 0
270 110 -1 0
269 110 -1 0
268 110 -1 0
267 110 -1 0
266 110 -1 0
265 110 -1 0
264 110 -1 0
263 110 -1 0
358 109 -1 1
357 109 -1 1
355 109 -1 1
354 109 -1 1
351 109 -1 1
349 109 -1 1
272 109 -1 0
271 109 -1 0
270 109 -1 0
269 109 -1 0
268 109 -1 0
267 109 -1 0
266 109 -1 0
265 109 -1 0
264 109 -1 0
263 109 -1 0
273 108 -1 0
272 108 -1 0
271 108 -1 0
270 108 -1 0
269 108 -1 0
268 108 -1 0
267 108 -1 0
266 108 -1 0
265 108 -1 0
264 108 -1 0
263 108 -1 0
272 107 -1 0
271 107 -1 0
270 107 -1 0
269 107 -1 0
268 107 -1 0
267 107 -1 0
266 107 -1 0
265 107 -1 0
264 107 -1 0
263 107 -1 0
262 107 -1 0
261 107 -1 0
260 107 -1 0
272 106 -1 0
271 106 -1 0
270 106 -1 0
269 106 -1 0
268 106 -1 0
267 106 -1 0
266 106 -1 0
265 106 -1 0
264 106 -1 0
263 106 -1 0
262 106 -1 0
261 106 -1 0
260 106 -1 0
259 106 -1 0
258 106 -1 0
257 106 -1 0
272 105 -1 0
271 105 -1 0
270 105 -1 0
269 105 -1 0
268 105 -1 0
267 105 -1 0
266 105 -1 0
265 105 -1 0
264 105 -1 0
263 105 -1 0
262 105 -1 0
261 105 -1 0
260 105 -1 0
259 105 -1 0
258 105 -1 0
257 105 -1 0
256 105 -1 0
272 104 -1 0
271 104 -1 0
270 104 -1 0
269 104 -1 0
268 104 -1 0
267 104 -1 0
266 104 -1 0
265 104 -1 0
264 104 -1 0
263 104 -1 0
262 104 -1 0
261 104 -1 0
260 104 -1 0
259 104 -1 0
258 104 -1 0
257 104 -1 0
256 104 -1 0
271 103 -1 0
270 103 -1 0
269 103 -1 0
268 103 -1 0
267 103 -1 0
266 103 -1 0
265 103 -1 0
264 103 -1 0
263 103 -1 0
262 103 -1 0
261 103 -1 0
260 103 -1 0
259 103 -1 0
258 103 -1 0
257 103 -1 0
256 103 -1 0
271 102 -1 0
270 102 -1 0
269 102 -1 0
268 102 -1 0
267 102 -1 0
266 102 -1 0
265 102 -1 0
264 102 -1 0
263 102 -1 0
262 102 -1 0
261 102 -1 0
260 102 -1 0
259 102 -1 0
258 102 -1 0
257 102 -1 0
256 102 -1 0
255 102 -1 0
271 101 -1 0
270 101 -1 0
269 101 -1 0
268 101 -1 0
267 101 -1 0
266 101 -1 0
265 101 -1 0
264 101 -1 0
263 101 -1 0
262 101 -1 0
261 101 -1 0
260 101 -1 0
259 101 -1 0
258 101 -1 0
257 101 -1 0
256 101 -1 0
270 100 -1 0
269 100 -1 0
268 100 -1 0
267 100 -1 0
266 100 -1 0
265 100 -1 0
264 100 -1 0
263 100 -1 0
262 100 -1 0
261 100 -1 0
260 100 -1 0
259 100 -1 0
258 100 -1 0
257 100 -1 0
256 100 -1 0
268 99 -1 0
267 99 -1 0
266 99 -1 0
265 99 -1 0
264 99 -1 0
263 99 -1 0
262 99 -1 0
261 99 -1 0
260 99 -1 0
259 99 -1 0
258 99 -1 0
257 99 -1 0
256 99 -1 0
267 98 -1 0
266 98 -1 0
265 98 -1 0
264 98 -1 0
263 98 -1 0
262 98 -1 0
261 98 -1 0
260 98 -1 0
259 98 -1 0
258 98 -1 0
257 98 -1 0
264 97 -1 0
263 97 -1 0
262 97 -1 0
261 97 -1 0
260 97 -1 0
327 73 -1 0
330 72 -1 0
329 72 -1 0
328 72 -1 0
327 72 -1 0
326 72 -1 0
325 72 -1 0
324 72 -1 0
331 71 -1 0
330 71 -1 0
329 71 -1 0
328 71 -1 0
327 71 -1 0
326 71 -1 0
325 71 -1 0
324 71 -1 0
323 71 -1 0
331 70 -1 0
330 70 -1 0
329 70 -1 0
328 70 -1 0
327 70 -1 0
326 70 -1 0
325 70 -1 0
324 70 -1 0
323 70 -1 0
332 69 -1 0
331 69 -1 0
330 69 -1 0
329 69 -1 0
328 69 -1 0
327 69 -1 0
326 69 -1 0
325 69 -1 0
324 69 -1 0
323 69 -1 0
334 68 -1 0
333 68 -1 0
332 68 -1 0
331 68 -1 0
330 68 -1 0
329 68 -1 0
328 68 -1 0
327 68 -1 0
326 68 -1 0
325 68 -1 0
324 68 -1 0
323 68 -1 0
322 68 -1 0
335 67 -1 0
334 67 -1 0
333 67 -1 0
332 67 -1 0
331 67 -1 0
330 67 -1 0
329 67 -1 0
328 67 -1 0
327 67 -1 0
326 67 -1 0
325 67 -1 0
324 67 -1 0
323 67 -1 0
322 67 -1 0
337 66 -1 0
336 66 -1 0
335 66 -1 0
334 66 -1 0
333 66 -1 0
332 66 -1 0
331 66 -1 0
330 66 -1 0
329 66 -1 0
328 66 -1 0
327 66 -1 0
326 66 -1 0
325 66 -1 0
324 66 -1 0
323 66 -1 0
338 65 -1 0
337 65 -1 0
336 65 -1 0
335 65 -1 0
334 65 -1 0
333 65 -1 0
332 65 -1 0
331 65 -1 0
330 65 -1 0
329 65 -1 0
328 65 -1 0
327 65 -1 0
326 65 -1 0
325 65 -1 0
324 65 -1 0
323 65 -1 0
385 64 -1 0
384 64 -1 0
338 64 -1 0
337 64 -1 0
336 64 -1 0
335 64 -1 0
334 64 -1 0
333 64 -1 0
332 64 -1 0
331 64 -1 0
330 64 -1 0
329 64 -1 0
328 64 -1 0
327 64 -1 0
326 64 -1 0
325 64 -1 0
324 64 -1 0
323 64 -1 0
388 63 -1 0
387 63 -1 0
386 63 -1 0
385 63 -1 0
384 63 -1 0
383 63 -1 0
382 63 -1 0
381 63 -1 0
341 63 -1 0
340 63 -1 0
339 63 -1 0
338 63 -1 0
337 63 -1 0
336 63 -1 0
335 63 -1 0
334 63 -1 0
333 63 -1 0
332 63 -1 0
331 63 -1 0
330 63 -1 0
329 63 -1 0
328 63 -1 0
327 63 -1 0
326 63 -1 0
325 63 -1 0
324 63 -1 0
389 62 -1 0
388 62 -1 0
387 62 -1 0
386 62 -1 0
385 62 -1 0
384 62 -1 0
383 62 -1 0
382 62 -1 0
381 62 -1 0
380 62 -1 0
342 62 -1 0
341 62 -1 0
340 62 -1 0
339 62 -1 0
338 62 -1 0
337 62 -1 0
336 62 -1 0
335 62 -1 0
334 62 -1 0
333 62 -1 0
332 62 -1 0
331 62 -1 0
330 62 -1 0
329 62 -1 0
328 62 -1 0
327 62 -1 0
326 62 -1 0
325 62 -1 0
389 61 -1 0
388 61 -1 0
387 61 -1 0
386 61 -1 0
385 61 -1 0
384 61 -1 0
383 61 -1 0
382 61 -1 0
381 61 -1 0
380 61 -1 0
379 61 -1 0
342 61 -1 0
341 61 -1 0
340 61 -1 0
339 61 -1 0
338 61 -1 0
337 61 -1 0
336 61 -1 0
335 61 -1 0
334 61 -1 0
333 61 -1 0
332 61 -1 0
331 61 -1 0
330 61 -1 0
329 61 -1 0
328 61 -1 0
327 61 -1 0
326 61 -1 0
389 60 -1 0
388 60 -1 0
387 60 -1 0
386 60 -1 0
385 60 -1 0
384 60 -1 0
383 60 -1 0
382 60 -1 0
381 60 -1 0
380 60 -1 0
379 60 -1 0
378 60 -1 0
377 60 -1 0
345 60 -1 0
344 60 -1 0
343 60 -1 0
342 60 -1 0
341 60 -1 0
340 60 -1 0
339 60 -1 0
338 60 -1 0
337 60 -1 0
336 60 -1 0
335 60 -1 0
334 60 -1 0
333 60 -1 0
332 60 -1 0
331 60 -1 0
330 60 -1 0
329 60 -1 0
328 60 -1 0
390 59 -1 0
389 59 -1 0
388 59 -1 0
387 59 -1 0
386 59 -1 0
385 59 -1 0
384 59 -1 0
383 59 -1 0
382 59 -1 0
381 59 -1 0
380 59 -1 0
379 59 -1 0
378 59 -1 0
377 59 -1 0
376 59 -1 0
347 59 -1 0
346 59 -1 0
345 59 -1 0
344 59 -1 0
343 59 -1 0
342 59 -1 0
341 59 -1 0
340 59 -1 0
339 59 -1 0
338 59 -1 0
337 59 -1 0
336 59 -1 0
335 59 -1 0
334 59 -1 0
333 59 -1 0
332 59 -1 0
331 59 -1 0
330 59 -1 0
389 58 -1 0
388 58 -1 0
387 58 -1 0
386 58 -1 0
385 58 -1 0
384 58 -1 0
383 58 -1 0
382 58 -1 0
381 58 -1 0
380 58 -1 0
379 58 -1 0
378 58 -1 0
377 58 -1 0
376 58 -1 0
375 58 -1 0
374 58 -1 0
373 58 -1 0
348 58 -1 0
347 58 -1 0
346 58 -1 0
345 58 -1 0
344 58 -1 0
343 58 -1 0
342 58 -1 0
341 58 -1 0
340 58 -1 0
339 58 -1 0
338 58 -1 0
337 58 -1 0
336 58 -1 0
335 58 -1 0
334 58 -1 0
333 58 -1 0
332 58 -1 0
331 58 -1 0
389 57 -1 0
388 57 -1 0
387 57 -1 0
386 57 -1 0
385 57 -1 0
384 57 -1 0
383 57 -1 0
382 57 -1 0
381 57 -1 0
380 57 -1 0
379 57 -1 0
378 57 -1 0
377 57 -1 0
376 57 -1 0
375 57 -1 0
374 57 -1 0
373 57 -1 0
372 57 -1 0
351 57 -1 0
350 57 -1 0
349 57 -1 0
348 57 -1 0
347 57 -1 0
346 57 -1 0
345 57 -1 0
344 57 -1 0
343 57 -1 0
342 57 -1 0
341 57 -1 0
340 57 -1 0
339 57 -1 0
338 57 -1 0
337 57 -1 0
336 57 -1 0
335 57 -1 0
334 57 -1 0
389 56 -1 0
388 56 -1 0
387 56 -1 0
386 56 -1 0
385 56 -1 0
384 56 -1 0
383 56 -1 0
382 56 -1 0
381 56 -1 0
380 56 -1 0
379 56 -1 0
378 56 -1 0
377 56 -1 0
376 56 -1 0
375 56 -1 0
374 56 -1 0
373 56 -1 0
372 56 -1 0
371 56 -1 0
352 56 -1 0
351 56 -1 0
350 56 -1 0
349 56 -1 0
348 56 -1 0
347 56 -1 0
346 56 -1 0
345 56 -1 0
344 56 -1 0
343 56 -1 0
342 56 -1 0
341 56 -1 0
340 56 -1 0
339 56 -1 0
338 56 -1 0
337 56 -1 0
336 56 -1 0
335 56 -1 0
334 56 -1 0
388 55 -1 0
387 55 -1 0
386 55 -1 0
385 55 -1 0
384 55 -1 0
383 55 -1 0
382 55 -1 0
381 55 -1 0
380 55 -1 0
379 55 -1 0
378 55 -1 0
377 55 -1 0
376 55 -1 0
375 55 -1 0
374 55 -1 0
373 55 -1 0
372 55 -1 0
371 55 -1 0
370 55 -1 0
369 55 -1 0
352 55 -1 0
351 55 -1 0
350 55 -1 0
349 55 -1 0
348 55 -1 0
347 55 -1 0
346 55 -1 0
345 55 -1 0
344 55 -1 0
343 55 -1 0
342 55 -1 0
341 55 -1 0
340 55 -1 0
339 55 -1 0
338 55 -1 0
337 55 -1 0
336 55 -1 0
335 55 -1 0
386 54 -1 0
385 54 -1 0
384 54 -1 0
383 54 -1 0
382 54 -1 0
381 54 -1 0
380 54 -1 0
379 54 -1 0
378 54 -1 0
377 54 -1 0
376 54 -1 0
375 54 -1 0
374 54 -1 0
373 54 -1 0
372 54 -1 0
371 54 -1 0
370 54 -1 0
369 54 -1 0
368 54 -1 0
352 54 -1 0
351 54 -1 0
350 54 -1 0
349 54 -1 0
348 54 -1 0
347 54 -1 0
346 54 -1 0
345 54 -1 0
344 54 -1 0
343 54 -1 0
342 54 -1 0
341 54 -1 0
340 54 -1 0
339 54 -1 0
338 54 -1 0
385 53 -1 0
384 53 -1 0
383 53 -1 0
382 53 -1 0
381 53 -1 0
380 53 -1 0
379 53 -1 0
378 53 -1 0
377 53 -1 0
376 53 -1 0
375 53 -1 0
374 53 -1 0
373 53 -1 0
372 53 -1 0
371 53 -1 0
370 53 -1 0
369 53 -1 0
368 53 -1 0
367 53 -1 0
366 53 -1 0
354 53 -1 0
353 53 -1 0
352 53 -1 0
351 53 -1 0
350 53 -1 0
349 53 -1 0
348 53 -1 0
347 53 -1 0
346 53 -1 0
345 53 -1 0
344 53 -1 0
343 53 -1 0
342 53 -1 0
341 53 -1 0
340 53 -1 0
339 53 -1 0
338 53 -1 0
384 52 -1 0
383 52 -1 0
382 52 -1 0
381 52 -1 0
380 52 -1 0
379 52 -1 0
378 52 -1 0
377 52 -1 0
376 52 -1 0
375 52 -1 0
374 52 -1 0
373 52 -1 0
372 52 -1 0
371 52 -1 0
370 52 -1 0
369 52 -1 0
368 52 -1 0
367 52 -1 0
366 52 -1 0
365 52 -1 0
357 52 -1 0
356 52 -1 0
355 52 -1 0
354 52 -1 0
353 52 -1 0
352 52 -1 0
351 52 -1 0
350 52 -1 0
349 52 -1 0
348 52 -1 0
347 52 -1 0
346 52 -1 0
345 52 -1 0
344 52 -1 0
343 52 -1 0
342 52 -1 0
341 52 -1 0
340 52 -1 0
339 52 -1 0
382 51 -1 0
381 51 -1 0
380 51 -1 0
379 51 -1 0
378 51 -1 0
377 51 -1 0
376 51 -1 0
375 51 -1 0
374 51 -1 0
373 51 -1 0
372 51 -1 0
371 51 -1 0
370 51 -1 0
369 51 -1 0
368 51 -1 0
367 51 -1 0
366 51 -1 0
365 51 -1 0
358 51 -1 0
357 51 -1 0
356 51 -1 0
355 51 -1 0
354 51 -1 0
353 51 -1 0
352 51 -1 0
351 51 -1 0
350 51 -1 0
349 51 -1 0
348 51 -1 0
347 51 -1 0
346 51 -1 0
345 51 -1 0
344 51 -1 0
343 51 -1 0
342 51 -1 0
341 51 -1 0
381 50 -1 0
380 50 -1 0
379 50 -1 0
378 50 -1 0
377 50 -1 0
376 50 -1 0
375 50 -1 0
374 50 -1 0
373 50 -1 0
372 50 -1 0
371 50 -1 0
370 50 -1 0
369 50 -1 0
368 50 -1 0
367 50 -1 0
366 50 -1 0
365 50 -1 0
364 50 -1 0
360 50 -1 0
359 50 -1 0
358 50 -1 0
357 50 -1 0
356 50 -1 0
355 50 -1 0
354 50 -1 0
353 50 -1 0
352 50 -1 0
351 50 -1 0
350 50 -1 0
349 50 -1 0
348 50 -1 0
347 50 -1 0
346 50 -1 0
345 50 -1 0
344 50 -1 0
378 49 -1 0
377 49 -1 0
376 49 -1 0
375 49 -1 0
374 49 -1 0
373 49 -1 0
372 49 -1 0
371 49 -1 0
370 49 -1 0
369 49 -1 0
368 49 -1 0
367 49 -1 0
366 49 -1 0
365 49 -1 0
364 49 -1 0
363 49 -1 0
362 49 -1 0
361 49 -1 0
360 49 -1 0
359 49 -1 0
358 49 -1 0
357 49 -1 0
356 49 -1 0
355 49 -1 0
354 49 -1 0
353 49 -1 0
352 49 -1 0
351 49 -1 0
350 49 -1 0
349 49 -1 0
348 49 -1 0
347 49 -1 0
346 49 -1 0
345 49 -1 0
377 48 -1 0
376 48 -1 0
375 48 -1 0
374 48 -1 0
373 48 -1 0
372 48 -1 0
371 48 -1 0
370 48 -1 0
369 48 -1 0
368 48 -1 0
367 48 -1 0
366 48 -1 0
365 48 -1 0
364 48 -1 0
363 48 -1 0
362 48 -1 0
361 48 -1 0
360 48 -1 0
359 48 -1 0
358 48 -1 0
357 48 -1 0
356 48 -1 0
355 48 -1 0
354 48 -1 0
353 48 -1 0
352 48 -1 0
351 48 -1 0
350 48 -1 0
349 48 -1 0
348 48 -1 0
376 47 -1 0
375 47 -1 0
374 47 -1 0
373 47 -1 0
372 47 -1 0
371 47 -1 0
370 47 -1 0
369 47 -1 0
368 47 -1 0
367 47 -1 0
366 47 -1 0
365 47 -1 0
364 47 -1 0
363 47 -1 0
362 47 -1 0
361 47 -1 0
360 47 -1 0
359 47 -1 0
358 47 -1 0
357 47 -1 0
356 47 -1 0
355 47 -1 0
354 47 -1 0
353 47 -1 0
352 47 -1 0
351 47 -1 0
350 47 -1 0
374 46 -1 0
373 46 -1 0
372 46 -1 0
371 46 -1 0
370 46 -1 0
369 46 -1 0
368 46 -1 0
367 46 -1 0
366 46 -1 0
365 46 -1 0
364 46 -1 0
363 46 -1 0
362 46 -1 0
361 46 -1 0
360 46 -1 0
359 46 -1 0
358 46 -1 0
357 46 -1 0
356 46 -1 0
355 46 -1 0
354 46 -1 0
353 46 -1 0
352 46 -1 0
351 46 -1 0
350 46 -1 0
372 45 -1 0
371 45 -1 0
370 45 -1 0
369 45 -1 0
368 45 -1 0
367 45 -1 0
366 45 -1 0
365 45 -1 0
364 45 -1 0
363 45 -1 0
362 45 -1 0
361 45 -1 0
360 45 -1 0
359 45 -1 0
358 45 -1 0
357 45 -1 0
356 45 -1 0
355 45 -1 0
354 45 -1 0
353 45 -1 0
352 45 -1 0
351 45 -1 0
350 45 -1 0
371 44 -1 0
370 44 -1 0
369 44 -1 0
368 44 -1 0
367 44 -1 0
366 44 -1 0
365 44 -1 0
364 44 -1 0
363 44 -1 0
362 44 -1 0
361 44 -1 0
360 44 -1 0
359 44 -1 0
358 44 -1 0
357 44 -1 0
356 44 -1 0
355 44 -1 0
354 44 -1 0
353 44 -1 0
352 44 -1 0
351 44 -1 0
371 43 -1 0
370 43 -1 0
369 43 -1 0
368 43 -1 0
367 43 -1 0
366 43 -1 0
365 43 -1 0
364 43 -1 0
363 43 -1 0
362 43 -1 0
361 43 -1 0
360 43 -1 0
359 43 -1 0
358 43 -1 0
357 43 -1 0
356 43 -1 0
355 43 -1 0
354 43 -1 0
353 43 -1 0
370 42 -1 0
369 42 -1 0
368 42 -1 0
367 42 -1 0
366 42 -1 0
365 42 -1 0
364 42 -1 0
363 42 -1 0
362 42 -1 0
361 42 -1 0
360 42 -1 0
359 42 -1 0
358 42 -1 0
357 42 -1 0
356 42 -1 0
355 42 -1 0
354 42 -1 0
369 41 -1 0
368 41 -1 0
367 41 -1 0
366 41 -1 0
365 41 -1 0
364 41 -1 0
363 41 -1 0
362 41 -1 0
361 41 -1 0
360 41 -1 0
359 41 -1 0
358 41 -1 0
357 41 -1 0
356 41 -1 0
355 41 -1 0
368 40 -1 0
367 40 -1 0
366 40 -1 0
365 40 -1 0
364 40 -1 0
363 40 -1 0
362 40 -1 0
361 40 -1 0
360 40 -1 0
359 40 -1 0
358 40 -1 0
357 40 -1 0
356 40 -1 0
365 39 -1 0
364 39 -1 0
363 39 -1 0
362 39 -1 0
361 39 -1 0
359 39 -1 0
