2901 408 341
226 278 -1 0
229 277 -1 0
228 277 -1 0
227 277 -1 0
226 277 -1 0
225 277 -1 0
224 277 -1 0
223 277 -1 0
230 276 -1 0
229 276 -1 0
228 276 -1 0
227 276 -1 0
226 276 -1 0
225 276 -1 0
224 276 -1 0
223 276 -1 0
222 276 -1 0
230 275 -1 0
229 275 -1 0
228 275 -1 0
227 275 -1 0
226 275 -1 0
225 275 -1 0
224 275 -1 0
223 275 -1 0
222 275 -1 0
230 274 -1 0
229 274 -1 0
228 274 -1 0
227 274 -1 0
226 274 -1 0
225 274 -1 0
224 274 -1 0
223 274 -1 0
222 274 -1 0
231 273 -1 0
230 273 -1 0
229 273 -1 0
228 273 -1 0
227 273 -1 0
226 273 -1 0
225 273 -1 0
224 273 -1 0
223 273 -1 0
222 273 -1 0
221 273 -1 0
231 272 -1 0
230 272 -1 0
229 272 -1 0
228 272 -1 0
227 272 -1 0
226 272 -1 0
225 272 -1 0
224 272 -1 0
223 272 -1 0
222 272 -1 0
221 272 -1 0
230 271 -1 0
229 271 -1 0
228 271 -1 0
227 271 -1 0
226 271 -1 0
225 271 -1 0
224 271 -1 0
223 271 -1 0
222 271 -1 0
231 270 -1 0
230 270 -1 0
229 270 -1 0
228 270 -1 0
227 270 -1 0
226 270 -1 0
225 270 -1 0
224 270 -1 0
223 270 -1 0
222 270 -1 0
221 270 -1 0
231 269 -1 0
230 269 -1 0
229 269 -1 0
228 269 -1 0
227 269 -1 0
226 269 -1 0
225 269 -1 0
224 269 -1 0
223 269 -1 0
222 269 -1 0
221 269 -1 0
231 268 -1 0
230 268 -1 0
229 268 -1 0
228 268 -1 0
227 268 -1 0
226 268 -1 0
225 268 -1 0
224 268 -1 0
223 268 -1 0
222 268 -1 0
221 268 -1 0
231 267 -1 0
230 267 -1 0
229 267 -1 0
228 267 -1 0
227 267 -1 0
226 267 -1 0
225 267 -1 0
224 267 -1 0
223 267 -1 0
222 267 -1 0
221 267 -1 0
230 266 -1 0
229 266 -1 0
228 266 -1 0
227 266 -1 0
226 266 -1 0
225 266 -1 0
224 266 -1 0
223 266 -1 0
222 266 -1 0
231 265 -1 0
230 265 -1 0
229 265 -1 0
228 265 -1 0
227 265 -1 0
226 265 -1 0
225 265 -1 0
224 265 -1 0
223 265 -1 0
222 265 -1 0
221 265 -1 0
230 264 -1 0
229 264 -1 0
228 264 -1 0
227 264 -1 0
226 264 -1 0
225 264 -1 0
224 264 -1 0
223 264 -1 0
222 264 -1 0
231 263 -1 0
230 263 -1 0
229 263 -1 0
228 263 -1 0
227 263 -1 0
226 263 -1 0
225 263 -1 0
224 263 -1 0
223 263 -1 0
222 263 -1 0
221 263 -1 0
231 262 -1 0
230 262 -1 0
229 262 -1 0
228 262 -1 0
227 262 -1 0
226 262 -1 0
225 262 -1 0
224 262 -1 0
223 262 -1 0
222 262 -1 0
221 262 -1 0
230 261 -1 0
229 261 -1 0
228 261 -1 0
227 261 -1 0
226 261 -1 0
225 261 -1 0
224 261 -1 0
223 261 -1 0
222 261 -1 0
221 261 -1 0
231 260 -1 0
230 260 -1 0
229 260 -1 0
228 260 -1 0
227 260 -1 0
226 260 -1 0
225 260 -1 0
224 260 -1 0
223 260 -1 0
222 260 -1 0
221 260 -1 0
230 259 -1 0
229 259 -1 0
228 259 -1 0
227 259 -1 0
226 259 -1 0
225 259 -1 0
224 259 -1 0
223 259 -1 0
222 259 -1 0
221 259 -1 0
220 259 -1 0
230 258 -1 0
229 258 -1 0
228 258 -1 0
227 258 -1 0
226 258 -1 0
225 258 -1 0
224 258 -1 0
223 258 -1 0
222 258 -1 0
221 258 -1 0
230 257 -1 0
229 257 -1 0
228 257 -1 0
227 257 -1 0
226 257 -1 0
225 257 -1 0
224 257 -1 0
223 257 -1 0
222 257 -1 0
221 257 -1 0
220 257 -1 0
229 256 -1 0
228 256 -1 0
227 256 -1 0
226 256 -1 0
225 256 -1 0
224 256 -1 0
223 256 -1 0
222 256 -1 0
221 256 -1 0
220 256 -1 0
229 255 -1 0
228 255 -1 0
227 255 -1 0
226 255 -1 0
225 255 -1 0
224 255 -1 0
223 255 -1 0
222 255 -1 0
221 255 -1 0
220 255 -1 0
230 254 -1 0
229 254 -1 0
228 254 -1 0
227 254 -1 0
226 254 -1 0
225 254 -1 0
224 254 -1 0
223 254 -1 0
222 254 -1 0
221 254 -1 0
220 254 -1 0
229 253 -1 0
228 253 -1 0
227 253 -1 0
226 253 -1 0
225 253 -1 0
224 253 -1 0
223 253 -1 0
222 253 -1 0
221 253 -1 0
220 253 -1 0
219 253 -1 0
229 252 -1 0
228 252 -1 0
227 252 -1 0
226 252 -1 0
225 252 -1 0
224 252 -1 0
223 252 -1 0
222 252 -1 0
221 252 -1 0
220 252 -1 0
229 251 -1 0
228 251 -1 0
227 251 -1 0
226 251 -1 0
225 251 -1 0
224 251 -1 0
223 251 -1 0
222 251 -1 0
221 251 -1 0
220 251 -1 0
229 250 -1 0
228 250 -1 0
227 250 -1 0
226 250 -1 0
225 250 -1 0
224 250 -1 0
223 250 -1 0
222 250 -1 0
221 250 -1 0
220 250 -1 0
219 250 -1 0
228 249 -1 0
227 249 -1 0
226 249 -1 0
225 249 -1 0
224 249 -1 0
223 249 -1 0
222 249 -1 0
221 249 -1 0
220 249 -1 0
228 248 -1 0
227 248 -1 0
226 248 -1 0
225 248 -1 0
224 248 -1 0
223 248 -1 0
222 248 -1 0
221 248 -1 0
220 248 -1 0
229 247 -1 0
228 247 -1 0
227 247 -1 0
226 247 -1 0
225 247 -1 0
224 247 -1 0
223 247 -1 0
222 247 -1 0
221 247 -1 0
220 247 -1 0
219 247 -1 0
228 246 -1 0
227 246 -1 0
226 246 -1 0
225 246 -1 0
224 246 -1 0
223 246 -1 0
222 246 -1 0
221 246 -1 0
220 246 -1 0
229 245 -1 0
228 245 -1 0
227 245 -1 0
226 245 -1 0
225 245 -1 0
224 245 -1 0
223 245 -1 0
222 245 -1 0
221 245 -1 0
220 245 -1 0
219 245 -1 0
229 244 -1 0
228 244 -1 0
227 244 -1 0
226 244 -1 0
225 244 -1 0
224 244 -1 0
223 244 -1 0
222 244 -1 0
221 244 -1 0
220 244 -1 0
219 244 -1 0
218 244 -1 0
166 244 -1 1
165 244 -1 1
164 244 -1 1
228 243 -1 0
227 243 -1 0
226 243 -1 0
225 243 -1 0
224 243 -1 0
223 243 -1 0
222 243 -1 0
221 243 -1 0
220 243 -1 0
219 243 -1 0
218 243 -1 0
217 243 -1 0
169 243 -1 1
168 243 -1 1
167 243 -1 1
166 243 -1 1
165 243 -1 1
164 243 -1 1
163 243 -1 1
162 243 -1 1
161 243 -1 1
228 242 -1 0
227 242 -1 0
226 242 -1 0
225 242 -1 0
224 242 -1 0
223 242 -1 0
222 242 -1 0
221 242 -1 0
220 242 -1 0
219 242 -1 0
218 242 -1 0
217 242 -1 0
170 242 -1 1
169 242 -1 1
168 242 -1 1
167 242 -1 1
166 242 -1 1
165 242 -1 1
164 242 -1 1
163 242 -1 1
162 242 -1 1
161 242 -1 1
160 242 -1 1
228 241 -1 0
227 241 -1 0
226 241 -1 0
225 241 -1 0
224 241 -1 0
223 241 -1 0
222 241 -1 0
221 241 -1 0
220 241 -1 0
219 241 -1 0
218 241 -1 0
217 241 -1 0
170 241 -1 1
169 241 -1 1
168 241 -1 1
167 241 -1 1
166 241 -1 1
165 241 -1 1
164 241 -1 1
163 241 -1 1
162 241 -1 1
161 241 -1 1
160 241 -1 1
159 241 -1 1
158 241 -1 1
227 240 -1 0
226 240 -1 0
225 240 -1 0
224 240 -1 0
223 240 -1 0
222 240 -1 0
221 240 -1 0
220 240 -1 0
219 240 -1 0
218 240 -1 0
217 240 -1 0
216 240 -1 0
170 240 -1 1
169 240 -1 1
168 240 -1 1
167 240 -1 1
166 240 -1 1
165 240 -1 1
164 240 -1 1
163 240 -1 1
162 240 -1 1
161 240 -1 1
160 240 -1 1
159 240 -1 1
158 240 -1 1
157 240 -1 1
156 240 -1 1
226 239 -1 0
225 239 -1 0
224 239 -1 0
223 239 -1 0
222 239 -1 0
221 239 -1 0
220 239 -1 0
219 239 -1 0
218 239 -1 0
217 239 -1 0
216 239 -1 0
171 239 -1 1
170 239 -1 1
169 239 -1 1
168 239 -1 1
167 239 -1 1
166 239 -1 1
165 239 -1 1
164 239 -1 1
163 239 -1 1
162 239 -1 1
161 239 -1 1
160 239 -1 1
159 239 -1 1
158 239 -1 1
157 239 -1 1
156 239 -1 1
155 239 -1 1
154 239 -1 1
153 239 -1 1
152 239 -1 1
225 238 -1 0
224 238 -1 0
223 238 -1 0
222 238 -1 0
221 238 -1 0
220 238 -1 0
219 238 -1 0
218 238 -1 0
217 238 -1 0
216 238 -1 0
170 238 -1 1
169 238 -1 1
168 238 -1 1
167 238 -1 1
166 238 -1 1
165 238 -1 1
164 238 -1 1
163 238 -1 1
162 238 -1 1
161 238 -1 1
160 238 -1 1
159 238 -1 1
158 238 -1 1
157 238 -1 1
156 238 -1 1
155 238 -1 1
154 238 -1 1
153 238 -1 1
152 238 -1 1
151 238 -1 1
150 238 -1 1
149 238 -1 1
148 238 -1 1
147 238 -1 1
146 238 -1 1
145 238 -1 1
225 237 -1 0
224 237 -1 0
223 237 -1 0
222 237 -1 0
221 237 -1 0
220 237 -1 0
219 237 -1 0
218 237 -1 0
217 237 -1 0
216 237 -1 0
170 237 -1 1
169 237 -1 1
168 237 -1 1
167 237 -1 1
166 237 -1 1
165 237 -1 1
164 237 -1 1
163 237 -1 1
162 237 -1 1
161 237 -1 1
160 237 -1 1
159 237 -1 1
158 237 -1 1
157 237 -1 1
156 237 -1 1
155 237 -1 1
154 237 -1 1
153 237 -1 1
152 237 -1 1
151 237 -1 1
150 237 -1 1
149 237 -1 1
148 237 -1 1
147 237 -1 1
146 237 -1 1
145 237 -1 1
144 237 -1 1
143 237 -1 1
142 237 -1 1
141 237 -1 1
140 237 -1 1
225 236 -1 0
224 236 -1 0
223 236 -1 0
222 236 -1 0
221 236 -1 0
220 236 -1 0
219 236 -1 0
218 236 -1 0
217 236 -1 0
216 236 -1 0
170 236 -1 1
169 236 -1 1
168 236 -1 1
167 236 -1 1
166 236 -1 1
165 236 -1 1
164 236 -1 1
163 236 -1 1
162 236 -1 1
161 236 -1 1
160 236 -1 1
159 236 -1 1
158 236 -1 1
157 236 -1 1
156 236 -1 1
155 236 -1 1
154 236 -1 1
153 236 -1 1
152 236 -1 1
151 236 -1 1
150 236 -1 1
149 236 -1 1
148 236 -1 1
147 236 -1 1
146 236 -1 1
145 236 -1 1
144 236 -1 1
143 236 -1 1
142 236 -1 1
141 236 -1 1
140 236 -1 1
139 236 -1 1
138 236 -1 1
137 236 -1 1
225 235 -1 0
224 235 -1 0
223 235 -1 0
222 235 -1 0
221 235 -1 0
220 235 -1 0
219 235 -1 0
218 235 -1 0
217 235 -1 0
216 235 -1 0
215 235 -1 0
169 235 -1 1
168 235 -1 1
167 235 -1 1
166 235 -1 1
165 235 -1 1
164 235 -1 1
163 235 -1 1
162 235 -1 1
161 235 -1 1
160 235 -1 1
159 235 -1 1
158 235 -1 1
157 235 -1 1
156 235 -1 1
155 235 -1 1
154 235 -1 1
153 235 -1 1
152 235 -1 1
151 235 -1 1
150 235 -1 1
149 235 -1 1
148 235 -1 1
147 235 -1 1
146 235 -1 1
145 235 -1 1
144 235 -1 1
143 235 -1 1
142 235 -1 1
141 235 -1 1
140 235 -1 1
139 235 -1 1
138 235 -1 1
137 235 -1 1
136 235 -1 1
135 235 -1 1
134 235 -1 1
133 235 -1 1
131 235 -1 1
130 235 -1 1
224 234 -1 0
223 234 -1 0
222 234 -1 0
221 234 -1 0
220 234 -1 0
219 234 -1 0
218 234 -1 0
217 234 -1 0
216 234 -1 0
166 234 -1 1
165 234 -1 1
164 234 -1 1
163 234 -1 1
162 234 -1 1
161 234 -1 1
160 234 -1 1
159 234 -1 1
158 234 -1 1
157 234 -1 1
156 234 -1 1
155 234 -1 1
154 234 -1 1
153 234 -1 1
152 234 -1 1
151 234 -1 1
150 234 -1 1
149 234 -1 1
148 234 -1 1
147 234 -1 1
146 234 -1 1
145 234 -1 1
144 234 -1 1
143 234 -1 1
142 234 -1 1
141 234 -1 1
140 234 -1 1
139 234 -1 1
138 234 -1 1
137 234 -1 1
136 234 -1 1
135 234 -1 1
134 234 -1 1
133 234 -1 1
132 234 -1 1
131 234 -1 1
130 234 -1 1
129 234 -1 1
128 234 -1 1
127 234 -1 1
224 233 -1 0
223 233 -1 0
222 233 -1 0
221 233 -1 0
220 233 -1 0
219 233 -1 0
218 233 -1 0
217 233 -1 0
216 233 -1 0
165 233 -1 1
164 233 -1 1
163 233 -1 1
162 233 -1 1
161 233 -1 1
160 233 -1 1
159 233 -1 1
158 233 -1 1
157 233 -1 1
156 233 -1 1
155 233 -1 1
154 233 -1 1
153 233 -1 1
152 233 -1 1
151 233 -1 1
150 233 -1 1
149 233 -1 1
148 233 -1 1
147 233 -1 1
146 233 -1 1
145 233 -1 1
144 233 -1 1
143 233 -1 1
142 233 -1 1
141 233 -1 1
140 233 -1 1
139 233 -1 1
138 233 -1 1
137 233 -1 1
136 233 -1 1
135 233 -1 1
134 233 -1 1
133 233 -1 1
132 233 -1 1
131 233 -1 1
130 233 -1 1
129 233 -1 1
128 233 -1 1
127 233 -1 1
126 233 -1 1
125 233 -1 1
124 233 -1 1
224 232 -1 0
223 232 -1 0
222 232 -1 0
221 232 -1 0
220 232 -1 0
219 232 -1 0
218 232 -1 0
217 232 -1 0
216 232 -1 0
162 232 -1 1
161 232 -1 1
160 232 -1 1
159 232 -1 1
158 232 -1 1
157 232 -1 1
156 232 -1 1
155 232 -1 1
154 232 -1 1
153 232 -1 1
152 232 -1 1
151 232 -1 1
150 232 -1 1
149 232 -1 1
148 232 -1 1
147 232 -1 1
146 232 -1 1
145 232 -1 1
144 232 -1 1
143 232 -1 1
142 232 -1 1
141 232 -1 1
140 232 -1 1
139 232 -1 1
138 232 -1 1
137 232 -1 1
136 232 -1 1
135 232 -1 1
134 232 -1 1
133 232 -1 1
132 232 -1 1
131 232 -1 1
130 232 -1 1
129 232 -1 1
128 232 -1 1
127 232 -1 1
126 232 -1 1
125 232 -1 1
124 232 -1 1
123 232 -1 1
122 232 -1 1
121 232 -1 1
120 232 -1 1
119 232 -1 1
118 232 -1 1
117 232 -1 1
225 231 -1 0
224 231 -1 0
223 231 -1 0
222 231 -1 0
221 231 -1 0
220 231 -1 0
219 231 -1 0
218 231 -1 0
217 231 -1 0
216 231 -1 0
215 231 -1 0
159 231 -1 1
158 231 -1 1
157 231 -1 1
156 231 -1 1
155 231 -1 1
154 231 -1 1
153 231 -1 1
152 231 -1 1
151 231 -1 1
150 231 -1 1
149 231 -1 1
148 231 -1 1
147 231 -1 1
146 231 -1 1
145 231 -1 1
144 231 -1 1
143 231 -1 1
142 231 -1 1
141 231 -1 1
140 231 -1 1
139 231 -1 1
138 231 -1 1
137 231 -1 1
136 231 -1 1
135 231 -1 1
134 231 -1 1
133 231 -1 1
132 231 -1 1
131 231 -1 1
130 231 -1 1
129 231 -1 1
128 231 -1 1
127 231 -1 1
126 231 -1 1
125 231 -1 1
124 231 -1 1
123 231 -1 1
122 231 -1 1
121 231 -1 1
120 231 -1 1
119 231 -1 1
118 231 -1 1
117 231 -1 1
116 231 -1 1
115 231 -1 1
114 231 -1 1
224 230 -1 0
223 230 -1 0
222 230 -1 0
221 230 -1 0
220 230 -1 0
219 230 -1 0
218 230 -1 0
217 230 -1 0
216 230 -1 0
156 230 -1 1
155 230 -1 1
154 230 -1 1
153 230 -1 1
152 230 -1 1
151 230 -1 1
150 230 -1 1
149 230 -1 1
148 230 -1 1
147 230 -1 1
146 230 -1 1
145 230 -1 1
144 230 -1 1
143 230 -1 1
142 230 -1 1
141 230 -1 1
140 230 -1 1
139 230 -1 1
138 230 -1 1
137 230 -1 1
136 230 -1 1
135 230 -1 1
134 230 -1 1
133 230 -1 1
132 230 -1 1
131 230 -1 1
130 230 -1 1
129 230 -1 1
128 230 -1 1
127 230 -1 1
126 230 -1 1
125 230 -1 1
124 230 -1 1
123 230 -1 1
122 230 -1 1
121 230 -1 1
120 230 -1 1
119 230 -1 1
118 230 -1 1
117 230 -1 1
116 230 -1 1
115 230 -1 1
114 230 -1 1
113 230 -1 1
112 230 -1 1
111 230 -1 1
224 229 -1 0
223 229 -1 0
222 229 -1 0
221 229 -1 0
220 229 -1 0
219 229 -1 0
218 229 -1 0
217 229 -1 0
216 229 -1 0
154 229 -1 1
153 229 -1 1
152 229 -1 1
151 229 -1 1
150 229 -1 1
149 229 -1 1
148 229 -1 1
147 229 -1 1
146 229 -1 1
145 229 -1 1
144 229 -1 1
143 229 -1 1
142 229 -1 1
141 229 -1 1
140 229 -1 1
139 229 -1 1
138 229 -1 1
137 229 -1 1
136 229 -1 1
135 229 -1 1
134 229 -1 1
133 229 -1 1
132 229 -1 1
131 229 -1 1
130 229 -1 1
129 229 -1 1
128 229 -1 1
127 229 -1 1
126 229 -1 1
125 229 -1 1
124 229 -1 1
123 229 -1 1
122 229 -1 1
121 229 -1 1
120 229 -1 1
119 229 -1 1
118 229 -1 1
117 229 -1 1
116 229 -1 1
115 229 -1 1
114 229 -1 1
113 229 -1 1
112 229 -1 1
111 229 -1 1
110 229 -1 1
225 228 -1 0
224 228 -1 0
223 228 -1 0
222 228 -1 0
221 228 -1 0
220 228 -1 0
219 228 -1 0
218 228 -1 0
217 228 -1 0
216 228 -1 0
215 228 -1 0
151 228 -1 1
150 228 -1 1
148 228 -1 1
147 228 -1 1
146 228 -1 1
145 228 -1 1
144 228 -1 1
143 228 -1 1
142 228 -1 1
141 228 -1 1
140 228 -1 1
139 228 -1 1
138 228 -1 1
137 228 -1 1
136 228 -1 1
135 228 -1 1
134 228 -1 1
133 228 -1 1
132 228 -1 1
131 228 -1 1
130 228 -1 1
129 228 -1 1
128 228 -1 1
127 228 -1 1
126 228 -1 1
125 228 -1 1
124 228 -1 1
123 228 -1 1
122 228 -1 1
121 228 -1 1
120 228 -1 1
119 228 -1 1
118 228 -1 1
117 228 -1 1
116 228 -1 1
115 228 -1 1
114 228 -1 1
113 228 -1 1
112 228 -1 1
111 228 -1 1
110 228 -1 1
109 228 -1 1
108 228 -1 1
107 228 -1 1
106 228 -1 1
105 228 -1 1
104 228 -1 1
103 228 -1 1
102 228 -1 1
101 228 -1 1
224 227 -1 0
223 227 -1 0
222 227 -1 0
221 227 -1 0
220 227 -1 0
219 227 -1 0
218 227 -1 0
217 227 -1 0
216 227 -1 0
144 227 -1 1
143 227 -1 1
142 227 -1 1
141 227 -1 1
140 227 -1 1
139 227 -1 1
138 227 -1 1
137 227 -1 1
136 227 -1 1
135 227 -1 1
134 227 -1 1
133 227 -1 1
132 227 -1 1
131 227 -1 1
130 227 -1 1
129 227 -1 1
128 227 -1 1
127 227 -1 1
126 227 -1 1
125 227 -1 1
124 227 -1 1
123 227 -1 1
122 227 -1 1
121 227 -1 1
120 227 -1 1
119 227 -1 1
118 227 -1 1
117 227 -1 1
116 227 -1 1
115 227 -1 1
114 227 -1 1
113 227 -1 1
112 227 -1 1
111 227 -1 1
110 227 -1 1
109 227 -1 1
108 227 -1 1
107 227 -1 1
106 227 -1 1
105 227 -1 1
104 227 -1 1
103 227 -1 1
102 227 -1 1
101 227 -1 1
100 227 -1 1
99 227 -1 1
98 227 -1 1
224 226 -1 0
223 226 -1 0
222 226 -1 0
221 226 -1 0
220 226 -1 0
219 226 -1 0
218 226 -1 0
217 226 -1 0
216 226 -1 0
215 226 -1 0
140 226 -1 1
139 226 -1 1
138 226 -1 1
137 226 -1 1
136 226 -1 1
135 226 -1 1
134 226 -1 1
133 226 -1 1
132 226 -1 1
131 226 -1 1
130 226 -1 1
129 226 -1 1
128 226 -1 1
127 226 -1 1
126 226 -1 1
125 226 -1 1
124 226 -1 1
123 226 -1 1
122 226 -1 1
121 226 -1 1
120 226 -1 1
119 226 -1 1
118 226 -1 1
117 226 -1 1
116 226 -1 1
115 226 -1 1
114 226 -1 1
113 226 -1 1
112 226 -1 1
111 226 -1 1
110 226 -1 1
109 226 -1 1
108 226 -1 1
107 226 -1 1
106 226 -1 1
105 226 -1 1
104 226 -1 1
103 226 -1 1
102 226 -1 1
101 226 -1 1
100 226 -1 1
99 226 -1 1
98 226 -1 1
97 226 -1 1
224 225 -1 0
223 225 -1 0
222 225 -1 0
221 225 -1 0
220 225 -1 0
219 225 -1 0
218 225 -1 0
217 225 -1 0
216 225 -1 0
215 225 -1 0
136 225 -1 1
135 225 -1 1
134 225 -1 1
133 225 -1 1
132 225 -1 1
131 225 -1 1
130 225 -1 1
129 225 -1 1
128 225 -1 1
127 225 -1 1
126 225 -1 1
125 225 -1 1
124 225 -1 1
123 225 -1 1
122 225 -1 1
121 225 -1 1
120 225 -1 1
119 225 -1 1
118 225 -1 1
117 225 -1 1
116 225 -1 1
115 225 -1 1
114 225 -1 1
113 225 -1 1
112 225 -1 1
111 225 -1 1
110 225 -1 1
109 225 -1 1
108 225 -1 1
107 225 -1 1
106 225 -1 1
105 225 -1 1
104 225 -1 1
103 225 -1 1
102 225 -1 1
101 225 -1 1
100 225 -1 1
99 225 -1 1
98 225 -1 1
97 225 -1 1
223 224 -1 0
222 224 -1 0
221 224 -1 0
220 224 -1 0
219 224 -1 0
218 224 -1 0
217 224 -1 0
216 224 -1 0
215 224 -1 0
132 224 -1 1
131 224 -1 1
130 224 -1 1
129 224 -1 1
128 224 -1 1
127 224 -1 1
126 224 -1 1
125 224 -1 1
124 224 -1 1
123 224 -1 1
122 224 -1 1
121 224 -1 1
120 224 -1 1
119 224 -1 1
118 224 -1 1
117 224 -1 1
116 224 -1 1
115 224 -1 1
114 224 -1 1
113 224 -1 1
112 224 -1 1
111 224 -1 1
110 224 -1 1
109 224 -1 1
108 224 -1 1
107 224 -1 1
106 224 -1 1
105 224 -1 1
104 224 -1 1
103 224 -1 1
102 224 -1 1
101 224 -1 1
100 224 -1 1
99 224 -1 1
98 224 -1 1
97 224 -1 1
224 223 -1 0
223 223 -1 0
222 223 -1 0
221 223 -1 0
220 223 -1 0
219 223 -1 0
218 223 -1 0
217 223 -1 0
216 223 -1 0
215 223 -1 0
214 223 -1 0
129 223 -1 1
128 223 -1 1
126 223 -1 1
125 223 -1 1
124 223 -1 1
123 223 -1 1
122 223 -1 1
121 223 -1 1
120 223 -1 1
119 223 -1 1
118 223 -1 1
117 223 -1 1
116 223 -1 1
115 223 -1 1
114 223 -1 1
113 223 -1 1
112 223 -1 1
111 223 -1 1
110 223 -1 1
109 223 -1 1
108 223 -1 1
107 223 -1 1
106 223 -1 1
105 223 -1 1
104 223 -1 1
103 223 -1 1
102 223 -1 1
101 223 -1 1
100 223 -1 1
99 223 -1 1
98 223 -1 1
97 223 -1 1
96 223 -1 1
223 222 -1 0
222 222 -1 0
221 222 -1 0
220 222 -1 0
219 222 -1 0
218 222 -1 0
217 222 -1 0
216 222 -1 0
215 222 -1 0
214 222 -1 0
122 222 -1 1
121 222 -1 1
120 222 -1 1
119 222 -1 1
118 222 -1 1
117 222 -1 1
116 222 -1 1
115 222 -1 1
114 222 -1 1
113 222 -1 1
112 222 -1 1
111 222 -1 1
110 222 -1 1
109 222 -1 1
108 222 -1 1
107 222 -1 1
106 222 -1 1
105 222 -1 1
104 222 -1 1
103 222 -1 1
102 222 -1 1
101 222 -1 1
100 222 -1 1
99 222 -1 1
98 222 -1 1
97 222 -1 1
223 221 -1 0
222 221 -1 0
221 221 -1 0
220 221 -1 0
219 221 -1 0
218 221 -1 0
217 221 -1 0
216 221 -1 0
215 221 -1 0
214 221 -1 0
117 221 -1 1
116 221 -1 1
115 221 -1 1
114 221 -1 1
113 221 -1 1
112 221 -1 1
111 221 -1 1
110 221 -1 1
109 221 -1 1
108 221 -1 1
107 221 -1 1
106 221 -1 1
105 221 -1 1
104 221 -1 1
103 221 -1 1
102 221 -1 1
101 221 -1 1
100 221 -1 1
99 221 -1 1
98 221 -1 1
97 221 -1 1
223 220 -1 0
222 220 -1 0
221 220 -1 0
220 220 -1 0
219 220 -1 0
218 220 -1 0
217 220 -1 0
216 220 -1 0
215 220 -1 0
214 220 -1 0
116 220 -1 1
115 220 -1 1
114 220 -1 1
113 220 -1 1
112 220 -1 1
111 220 -1 1
110 220 -1 1
109 220 -1 1
108 220 -1 1
107 220 -1 1
106 220 -1 1
105 220 -1 1
104 220 -1 1
103 220 -1 1
102 220 -1 1
101 220 -1 1
100 220 -1 1
99 220 -1 1
98 220 -1 1
97 220 -1 1
223 219 -1 0
222 219 -1 0
221 219 -1 0
220 219 -1 0
219 219 -1 0
218 219 -1 0
217 219 -1 0
216 219 -1 0
215 219 -1 0
214 219 -1 0
213 219 -1 0
113 219 -1 1
112 219 -1 1
111 219 -1 1
110 219 -1 1
109 219 -1 1
108 219 -1 1
107 219 -1 1
106 219 -1 1
105 219 -1 1
104 219 -1 1
103 219 -1 1
102 219 -1 1
101 219 -1 1
100 219 -1 1
99 219 -1 1
98 219 -1 1
222 218 -1 0
221 218 -1 0
220 218 -1 0
219 218 -1 0
218 218 -1 0
217 218 -1 0
216 218 -1 0
215 218 -1 0
214 218 -1 0
109 218 -1 1
107 218 -1 1
106 218 -1 1
105 218 -1 1
104 218 -1 1
103 218 -1 1
102 218 -1 1
101 218 -1 1
222 217 -1 0
221 217 -1 0
220 217 -1 0
219 217 -1 0
218 217 -1 0
217 217 -1 0
216 217 -1 0
215 217 -1 0
214 217 -1 0
222 216 -1 0
221 216 -1 0
220 216 -1 0
219 216 -1 0
218 216 -1 0
217 216 -1 0
216 216 -1 0
215 216 -1 0
214 216 -1 0
222 215 -1 0
221 215 -1 0
220 215 -1 0
219 215 -1 0
218 215 -1 0
217 215 -1 0
216 215 -1 0
215 215 -1 0
214 215 -1 0
223 214 -1 0
222 214 -1 0
221 214 -1 0
220 214 -1 0
219 214 -1 0
218 214 -1 0
217 214 -1 0
216 214 -1 0
215 214 -1 0
214 214 -1 0
213 214 -1 0
222 213 -1 0
221 213 -1 0
220 213 -1 0
219 213 -1 0
218 213 -1 0
217 213 -1 0
216 213 -1 0
215 213 -1 0
214 213 -1 0
222 212 -1 0
221 212 -1 0
220 212 -1 0
219 212 -1 0
218 212 -1 0
217 212 -1 0
216 212 -1 0
215 212 -1 0
214 212 -1 0
223 211 -1 0
222 211 -1 0
221 211 -1 0
220 211 -1 0
219 211 -1 0
218 211 -1 0
217 211 -1 0
216 211 -1 0
215 211 -1 0
214 211 -1 0
213 211 -1 0
222 210 -1 0
221 210 -1 0
220 210 -1 0
219 210 -1 0
218 210 -1 0
217 210 -1 0
216 210 -1 0
215 210 -1 0
214 210 -1 0
222 209 -1 0
221 209 -1 0
220 209 -1 0
219 209 -1 0
218 209 -1 0
217 209 -1 0
216 209 -1 0
215 209 -1 0
214 209 -1 0
213 209 -1 0
222 208 -1 0
221 208 -1 0
220 208 -1 0
219 208 -1 0
218 208 -1 0
217 208 -1 0
216 208 -1 0
215 208 -1 0
214 208 -1 0
213 208 -1 0
212 208 -1 0
221 207 -1 0
220 207 -1 0
219 207 -1 0
218 207 -1 0
217 207 -1 0
216 207 -1 0
215 207 -1 0
214 207 -1 0
213 207 -1 0
212 207 -1 0
210 207 -1 0
220 206 -1 0
219 206 -1 0
218 206 -1 0
217 206 -1 0
216 206 -1 0
215 206 -1 0
214 206 -1 0
213 206 -1 0
212 206 -1 0
211 206 -1 0
210 206 -1 0
209 206 -1 0
208 206 -1 0
207 206 -1 0
221 205 -1 0
220 205 -1 0
219 205 -1 0
218 205 -1 0
217 205 -1 0
216 205 -1 0
215 205 -1 0
214 205 -1 0
213 205 -1 0
212 205 -1 0
211 205 -1 0
210 205 -1 0
209 205 -1 0
208 205 -1 0
207 205 -1 0
206 205 -1 0
220 204 -1 0
219 204 -1 0
218 204 -1 0
217 204 -1 0
216 204 -1 0
215 204 -1 0
214 204 -1 0
213 204 -1 0
212 204 -1 0
211 204 -1 0
210 204 -1 0
209 204 -1 0
208 204 -1 0
207 204 -1 0
206 204 -1 0
220 203 -1 0
219 203 -1 0
218 203 -1 0
217 203 -1 0
216 203 -1 0
215 203 -1 0
214 203 -1 0
213 203 -1 0
212 203 -1 0
211 203 -1 0
210 203 -1 0
209 203 -1 0
208 203 -1 0
207 203 -1 0
206 203 -1 0
220 202 -1 0
219 202 -1 0
218 202 -1 0
217 202 -1 0
216 202 -1 0
215 202 -1 0
214 202 -1 0
213 202 -1 0
212 202 -1 0
211 202 -1 0
210 202 -1 0
209 202 -1 0
208 202 -1 0
207 202 -1 0
206 202 -1 0
205 202 -1 0
219 201 -1 0
218 201 -1 0
217 201 -1 0
216 201 -1 0
215 201 -1 0
214 201 -1 0
213 201 -1 0
212 201 -1 0
211 201 -1 0
210 201 -1 0
209 201 -1 0
208 201 -1 0
207 201 -1 0
206 201 -1 0
205 201 -1 0
219 200 -1 0
218 200 -1 0
217 200 -1 0
216 200 -1 0
215 200 -1 0
214 200 -1 0
213 200 -1 0
212 200 -1 0
211 200 -1 0
210 200 -1 0
209 200 -1 0
208 200 -1 0
207 200 -1 0
206 200 -1 0
218 199 -1 0
217 199 -1 0
216 199 -1 0
215 199 -1 0
214 199 -1 0
213 199 -1 0
212 199 -1 0
211 199 -1 0
210 199 -1 0
209 199 -1 0
208 199 -1 0
207 199 -1 0
206 199 -1 0
217 198 -1 0
216 198 -1 0
215 198 -1 0
214 198 -1 0
213 198 -1 0
212 198 -1 0
211 198 -1 0
210 198 -1 0
209 198 -1 0
208 198 -1 0
207 198 -1 0
206 198 -1 0
216 197 -1 0
215 197 -1 0
214 197 -1 0
213 197 -1 0
212 197 -1 0
211 197 -1 0
210 197 -1 0
209 197 -1 0
208 197 -1 0
207 197 -1 0
213 196 -1 0
211 196 -1 0
210 196 -1 0
91 173 -1 0
90 173 -1 0
89 173 -1 0
88 173 -1 0
94 172 -1 0
93 172 -1 0
92 172 -1 0
91 172 -1 0
90 172 -1 0
89 172 -1 0
88 172 -1 0
87 172 -1 0
86 172 -1 0
85 172 -1 0
95 171 -1 0
94 171 -1 0
93 171 -1 0
92 171 -1 0
91 171 -1 0
90 171 -1 0
89 171 -1 0
88 171 -1 0
87 171 -1 0
86 171 -1 0
85 171 -1 0
84 171 -1 0
96 170 -1 0
95 170 -1 0
94 170 -1 0
93 170 -1 0
92 170 -1 0
91 170 -1 0
90 170 -1 0
89 170 -1 0
88 170 -1 0
87 170 -1 0
86 170 -1 0
85 170 -1 0
84 170 -1 0
97 169 -1 0
96 169 -1 0
95 169 -1 0
94 169 -1 0
93 169 -1 0
92 169 -1 0
91 169 -1 0
90 169 -1 0
89 169 -1 0
88 169 -1 0
87 169 -1 0
86 169 -1 0
85 169 -1 0
84 169 -1 0
97 168 -1 0
96 168 -1 0
95 168 -1 0
94 168 -1 0
93 168 -1 0
92 168 -1 0
91 168 -1 0
90 168 -1 0
89 168 -1 0
88 168 -1 0
87 168 -1 0
86 168 -1 0
85 168 -1 0
84 168 -1 0
83 168 -1 0
97 167 -1 0
96 167 -1 0
95 167 -1 0
94 167 -1 0
93 167 -1 0
92 167 -1 0
91 167 -1 0
90 167 -1 0
89 167 -1 0
88 167 -1 0
87 167 -1 0
86 167 -1 0
85 167 -1 0
84 167 -1 0
83 167 -1 0
98 166 -1 0
97 166 -1 0
96 166 -1 0
95 166 -1 0
94 166 -1 0
93 166 -1 0
92 166 -1 0
91 166 -1 0
90 166 -1 0
89 166 -1 0
88 166 -1 0
87 166 -1 0
86 166 -1 0
85 166 -1 0
84 166 -1 0
98 165 -1 0
97 165 -1 0
96 165 -1 0
95 165 -1 0
94 165 -1 0
93 165 -1 0
92 165 -1 0
91 165 -1 0
90 165 -1 0
89 165 -1 0
88 165 -1 0
87 165 -1 0
86 165 -1 0
85 165 -1 0
84 165 -1 0
98 164 -1 0
97 164 -1 0
96 164 -1 0
95 164 -1 0
94 164 -1 0
93 164 -1 0
92 164 -1 0
91 164 -1 0
90 164 -1 0
89 164 -1 0
88 164 -1 0
87 164 -1 0
86 164 -1 0
85 164 -1 0
84 164 -1 0
99 163 -1 0
98 163 -1 0
97 163 -1 0
96 163 -1 0
95 163 -1 0
94 163 -1 0
93 163 -1 0
92 163 -1 0
91 163 -1 0
90 163 -1 0
89 163 -1 0
88 163 -1 0
87 163 -1 0
86 163 -1 0
85 163 -1 0
99 162 -1 0
98 162 -1 0
97 162 -1 0
96 162 -1 0
95 162 -1 0
94 162 -1 0
93 162 -1 0
92 162 -1 0
91 162 -1 0
90 162 -1 0
89 162 -1 0
88 162 -1 0
99 161 -1 0
98 161 -1 0
97 161 -1 0
96 161 -1 0
95 161 -1 0
94 161 -1 0
93 161 -1 0
92 161 -1 0
91 161 -1 0
90 161 -1 0
89 161 -1 0
100 160 -1 0
99 160 -1 0
98 160 -1 0
97 160 -1 0
96 160 -1 0
95 160 -1 0
94 160 -1 0
93 160 -1 0
92 160 -1 0
91 160 -1 0
90 160 -1 0
99 159 -1 0
98 159 -1 0
97 159 -1 0
96 159 -1 0
95 159 -1 0
94 159 -1 0
93 159 -1 0
92 159 -1 0
91 159 -1 0
101 158 -1 0
100 158 -1 0
99 158 -1 0
98 158 -1 0
97 158 -1 0
96 158 -1 0
95 158 -1 0
94 158 -1 0
93 158 -1 0
92 158 -1 0
91 158 -1 0
102 157 -1 0
101 157 -1 0
100 157 -1 0
99 157 -1 0
98 157 -1 0
97 157 -1 0
96 157 -1 0
95 157 -1 0
94 157 -1 0
93 157 -1 0
92 157 -1 0
91 157 -1 0
90 157 -1 0
102 156 -1 0
101 156 -1 0
100 156 -1 0
99 156 -1 0
98 156 -1 0
97 156 -1 0
96 156 -1 0
95 156 -1 0
94 156 -1 0
93 156 -1 0
92 156 -1 0
91 156 -1 0
103 155 -1 0
102 155 -1 0
101 155 -1 0
100 155 -1 0
99 155 -1 0
98 155 -1 0
97 155 -1 0
96 155 -1 0
95 155 -1 0
94 155 -1 0
93 155 -1 0
92 155 -1 0
91 155 -1 0
103 154 -1 0
102 154 -1 0
101 154 -1 0
100 154 -1 0
99 154 -1 0
98 154 -1 0
97 154 -1 0
96 154 -1 0
95 154 -1 0
94 154 -1 0
93 154 -1 0
92 154 -1 0
91 154 -1 0
103 153 -1 0
102 153 -1 0
101 153 -1 0
100 153 -1 0
99 153 -1 0
98 153 -1 0
97 153 -1 0
96 153 -1 0
95 153 -1 0
94 153 -1 0
93 153 -1 0
92 153 -1 0
104 152 -1 0
103 152 -1 0
102 152 -1 0
101 152 -1 0
100 152 -1 0
99 152 -1 0
98 152 -1 0
97 152 -1 0
96 152 -1 0
95 152 -1 0
94 152 -1 0
105 151 -1 0
104 151 -1 0
103 151 -1 0
102 151 -1 0
101 151 -1 0
100 151 -1 0
99 151 -1 0
98 151 -1 0
97 151 -1 0
96 151 -1 0
95 151 -1 0
94 151 -1 0
105 150 -1 0
104 150 -1 0
103 150 -1 0
102 150 -1 0
101 150 -1 0
100 150 -1 0
99 150 -1 0
98 150 -1 0
97 150 -1 0
96 150 -1 0
95 150 -1 0
167 149 -1 0
105 149 -1 0
104 149 -1 0
103 149 -1 0
102 149 -1 0
101 149 -1 0
100 149 -1 0
99 149 -1 0
98 149 -1 0
97 149 -1 0
96 149 -1 0
95 149 -1 0
170 148 -1 0
169 148 -1 0
168 148 -1 0
167 148 -1 0
166 148 -1 0
165 148 -1 0
164 148 -1 0
106 148 -1 0
105 148 -1 0
104 148 -1 0
103 148 -1 0
102 148 -1 0
101 148 -1 0
100 148 -1 0
99 148 -1 0
98 148 -1 0
97 148 -1 0
96 148 -1 0
171 147 -1 0
170 147 -1 0
169 147 -1 0
168 147 -1 0
167 147 -1 0
166 147 -1 0
165 147 -1 0
164 147 -1 0
163 147 -1 0
106 147 -1 0
105 147 -1 0
104 147 -1 0
103 147 -1 0
102 147 -1 0
101 147 -1 0
100 147 -1 0
99 147 -1 0
98 147 -1 0
97 147 -1 0
96 147 -1 0
171 146 -1 0
170 146 -1 0
169 146 -1 0
168 146 -1 0
167 146 -1 0
166 146 -1 0
165 146 -1 0
164 146 -1 0
163 146 -1 0
162 146 -1 0
161 146 -1 0
106 146 -1 0
105 146 -1 0
104 146 -1 0
103 146 -1 0
102 146 -1 0
101 146 -1 0
100 146 -1 0
99 146 -1 0
98 146 -1 0
97 146 -1 0
96 146 -1 0
171 145 -1 0
170 145 -1 0
169 145 -1 0
168 145 -1 0
167 145 -1 0
166 145 -1 0
165 145 -1 0
164 145 -1 0
163 145 -1 0
162 145 -1 0
161 145 -1 0
160 145 -1 0
106 145 -1 0
105 145 -1 0
104 145 -1 0
103 145 -1 0
102 145 -1 0
101 145 -1 0
100 145 -1 0
99 145 -1 0
98 145 -1 0
97 145 -1 0
172 144 -1 0
171 144 -1 0
170 144 -1 0
169 144 -1 0
168 144 -1 0
167 144 -1 0
166 144 -1 0
165 144 -1 0
164 144 -1 0
163 144 -1 0
162 144 -1 0
161 144 -1 0
160 144 -1 0
107 144 -1 0
106 144 -1 0
105 144 -1 0
104 144 -1 0
103 144 -1 0
102 144 -1 0
101 144 -1 0
100 144 -1 0
99 144 -1 0
98 144 -1 0
97 144 -1 0
171 143 -1 0
170 143 -1 0
169 143 -1 0
168 143 -1 0
167 143 -1 0
166 143 -1 0
165 143 -1 0
164 143 -1 0
163 143 -1 0
162 143 -1 0
161 143 -1 0
160 143 -1 0
108 143 -1 0
107 143 -1 0
106 143 -1 0
105 143 -1 0
104 143 -1 0
103 143 -1 0
102 143 -1 0
101 143 -1 0
100 143 -1 0
99 143 -1 0
98 143 -1 0
97 143 -1 0
171 142 -1 0
170 142 -1 0
169 142 -1 0
168 142 -1 0
167 142 -1 0
166 142 -1 0
165 142 -1 0
164 142 -1 0
163 142 -1 0
162 142 -1 0
161 142 -1 0
160 142 -1 0
159 142 -1 0
109 142 -1 0
108 142 -1 0
107 142 -1 0
106 142 -1 0
105 142 -1 0
104 142 -1 0
103 142 -1 0
102 142 -1 0
101 142 -1 0
100 142 -1 0
99 142 -1 0
98 142 -1 0
171 141 -1 0
170 141 -1 0
169 141 -1 0
168 141 -1 0
167 141 -1 0
166 141 -1 0
165 141 -1 0
164 141 -1 0
163 141 -1 0
162 141 -1 0
161 141 -1 0
160 141 -1 0
109 141 -1 0
108 141 -1 0
107 141 -1 0
106 141 -1 0
105 141 -1 0
104 141 -1 0
103 141 -1 0
102 141 -1 0
101 141 -1 0
100 141 -1 0
99 141 -1 0
98 141 -1 0
170 140 -1 0
169 140 -1 0
168 140 -1 0
167 140 -1 0
166 140 -1 0
165 140 -1 0
164 140 -1 0
163 140 -1 0
162 140 -1 0
161 140 -1 0
160 140 -1 0
159 140 -1 0
109 140 -1 0
108 140 -1 0
107 140 -1 0
106 140 -1 0
105 140 -1 0
104 140 -1 0
103 140 -1 0
102 140 -1 0
101 140 -1 0
100 140 -1 0
99 140 -1 0
169 139 -1 0
168 139 -1 0
167 139 -1 0
166 139 -1 0
165 139 -1 0
164 139 -1 0
163 139 -1 0
162 139 -1 0
161 139 -1 0
160 139 -1 0
159 139 -1 0
158 139 -1 0
157 139 -1 0
110 139 -1 0
109 139 -1 0
108 139 -1 0
107 139 -1 0
106 139 -1 0
105 139 -1 0
104 139 -1 0
103 139 -1 0
102 139 -1 0
101 139 -1 0
100 139 -1 0
169 138 -1 0
168 138 -1 0
167 138 -1 0
166 138 -1 0
165 138 -1 0
164 138 -1 0
163 138 -1 0
162 138 -1 0
161 138 -1 0
160 138 -1 0
159 138 -1 0
158 138 -1 0
157 138 -1 0
156 138 -1 0
111 138 -1 0
110 138 -1 0
109 138 -1 0
108 138 -1 0
107 138 -1 0
106 138 -1 0
105 138 -1 0
104 138 -1 0
103 138 -1 0
102 138 -1 0
101 138 -1 0
100 138 -1 0
168 137 -1 0
167 137 -1 0
166 137 -1 0
165 137 -1 0
164 137 -1 0
163 137 -1 0
162 137 -1 0
161 137 -1 0
160 137 -1 0
159 137 -1 0
158 137 -1 0
157 137 -1 0
156 137 -1 0
155 137 -1 0
154 137 -1 0
153 137 -1 0
112 137 -1 0
111 137 -1 0
110 137 -1 0
109 137 -1 0
108 137 -1 0
107 137 -1 0
106 137 -1 0
105 137 -1 0
104 137 -1 0
103 137 -1 0
102 137 -1 0
101 137 -1 0
100 137 -1 0
168 136 -1 0
167 136 -1 0
166 136 -1 0
165 136 -1 0
164 136 -1 0
163 136 -1 0
162 136 -1 0
161 136 -1 0
160 136 -1 0
159 136 -1 0
158 136 -1 0
157 136 -1 0
156 136 -1 0
155 136 -1 0
154 136 -1 0
153 136 -1 0
152 136 -1 0
113 136 -1 0
112 136 -1 0
111 136 -1 0
110 136 -1 0
109 136 -1 0
108 136 -1 0
107 136 -1 0
106 136 -1 0
105 136 -1 0
104 136 -1 0
103 136 -1 0
102 136 -1 0
101 136 -1 0
168 135 -1 0
167 135 -1 0
166 135 -1 0
165 135 -1 0
164 135 -1 0
163 135 -1 0
162 135 -1 0
161 135 -1 0
160 135 -1 0
159 135 -1 0
158 135 -1 0
157 135 -1 0
156 135 -1 0
155 135 -1 0
154 135 -1 0
153 135 -1 0
152 135 -1 0
151 135 -1 0
150 135 -1 0
149 135 -1 0
146 135 -1 0
143 135 -1 0
114 135 -1 0
113 135 -1 0
112 135 -1 0
111 135 -1 0
110 135 -1 0
109 135 -1 0
108 135 -1 0
107 135 -1 0
106 135 -1 0
105 135 -1 0
104 135 -1 0
103 135 -1 0
102 135 -1 0
167 134 -1 0
166 134 -1 0
165 134 -1 0
164 134 -1 0
163 134 -1 0
162 134 -1 0
161 134 -1 0
160 134 -1 0
159 134 -1 0
158 134 -1 0
157 134 -1 0
156 134 -1 0
155 134 -1 0
154 134 -1 0
153 134 -1 0
152 134 -1 0
151 134 -1 0
150 134 -1 0
149 134 -1 0
148 134 -1 0
147 134 -1 0
146 134 -1 0
145 134 -1 0
144 134 -1 0
143 134 -1 0
142 134 -1 0
141 134 -1 0
140 134 -1 0
115 134 -1 0
114 134 -1 0
113 134 -1 0
112 134 -1 0
111 134 -1 0
110 134 -1 0
109 134 -1 0
108 134 -1 0
107 134 -1 0
106 134 -1 0
105 134 -1 0
104 134 -1 0
103 134 -1 0
102 134 -1 0
166 133 -1 0
165 133 -1 0
164 133 -1 0
163 133 -1 0
162 133 -1 0
161 133 -1 0
160 133 -1 0
159 133 -1 0
158 133 -1 0
157 133 -1 0
156 133 -1 0
155 133 -1 0
154 133 -1 0
153 133 -1 0
152 133 -1 0
151 133 -1 0
150 133 -1 0
149 133 -1 0
148 133 -1 0
147 133 -1 0
146 133 -1 0
145 133 -1 0
144 133 -1 0
143 133 -1 0
142 133 -1 0
141 133 -1 0
140 133 -1 0
139 133 -1 0
116 133 -1 0
115 133 -1 0
114 133 -1 0
113 133 -1 0
112 133 -1 0
111 133 -1 0
110 133 -1 0
109 133 -1 0
108 133 -1 0
107 133 -1 0
106 133 -1 0
105 133 -1 0
104 133 -1 0
103 133 -1 0
102 133 -1 0
166 132 -1 0
165 132 -1 0
164 132 -1 0
163 132 -1 0
162 132 -1 0
161 132 -1 0
160 132 -1 0
159 132 -1 0
158 132 -1 0
157 132 -1 0
156 132 -1 0
155 132 -1 0
154 132 -1 0
153 132 -1 0
152 132 -1 0
151 132 -1 0
150 132 -1 0
149 132 -1 0
148 132 -1 0
147 132 -1 0
146 132 -1 0
145 132 -1 0
144 132 -1 0
143 132 -1 0
142 132 -1 0
141 132 -1 0
140 132 -1 0
139 132 -1 0
117 132 -1 0
116 132 -1 0
115 132 -1 0
114 132 -1 0
113 132 -1 0
112 132 -1 0
111 132 -1 0
110 132 -1 0
109 132 -1 0
108 132 -1 0
107 132 -1 0
106 132 -1 0
105 132 -1 0
104 132 -1 0
103 132 -1 0
165 131 -1 0
164 131 -1 0
163 131 -1 0
162 131 -1 0
161 131 -1 0
160 131 -1 0
159 131 -1 0
158 131 -1 0
157 131 -1 0
156 131 -1 0
155 131 -1 0
154 131 -1 0
153 131 -1 0
152 131 -1 0
151 131 -1 0
150 131 -1 0
149 131 -1 0
148 131 -1 0
147 131 -1 0
146 131 -1 0
145 131 -1 0
144 131 -1 0
143 131 -1 0
142 131 -1 0
141 131 -1 0
140 131 -1 0
139 131 -1 0
135 131 -1 0
130 131 -1 0
127 131 -1 0
125 131 -1 0
123 131 -1 0
122 131 -1 0
119 131 -1 0
118 131 -1 0
117 131 -1 0
116 131 -1 0
115 131 -1 0
114 131 -1 0
113 131 -1 0
112 131 -1 0
111 131 -1 0
110 131 -1 0
109 131 -1 0
108 131 -1 0
107 131 -1 0
106 131 -1 0
105 131 -1 0
104 131 -1 0
163 130 -1 0
162 130 -1 0
161 130 -1 0
160 130 -1 0
159 130 -1 0
158 130 -1 0
157 130 -1 0
156 130 -1 0
155 130 -1 0
154 130 -1 0
153 130 -1 0
152 130 -1 0
151 130 -1 0
150 130 -1 0
149 130 -1 0
148 130 -1 0
147 130 -1 0
146 130 -1 0
145 130 -1 0
144 130 -1 0
143 130 -1 0
142 130 -1 0
141 130 -1 0
140 130 -1 0
139 130 -1 0
138 130 -1 0
137 130 -1 0
136 130 -1 0
135 130 -1 0
134 130 -1 0
133 130 -1 0
132 130 -1 0
131 130 -1 0
130 130 -1 0
129 130 -1 0
128 130 -1 0
127 130 -1 0
126 130 -1 0
125 130 -1 0
124 130 -1 0
123 130 -1 0
122 130 -1 0
121 130 -1 0
120 130 -1 0
119 130 -1 0
118 130 -1 0
117 130 -1 0
116 130 -1 0
115 130 -1 0
114 130 -1 0
113 130 -1 0
112 130 -1 0
111 130 -1 0
110 130 -1 0
109 130 -1 0
108 130 -1 0
107 130 -1 0
106 130 -1 0
105 130 -1 0
162 129 -1 0
161 129 -1 0
160 129 -1 0
159 129 -1 0
158 129 -1 0
157 129 -1 0
156 129 -1 0
155 129 -1 0
154 129 -1 0
153 129 -1 0
152 129 -1 0
151 129 -1 0
150 129 -1 0
149 129 -1 0
148 129 -1 0
147 129 -1 0
146 129 -1 0
145 129 -1 0
144 129 -1 0
143 129 -1 0
142 129 -1 0
141 129 -1 0
140 129 -1 0
139 129 -1 0
138 129 -1 0
137 129 -1 0
136 129 -1 0
135 129 -1 0
134 129 -1 0
133 129 -1 0
132 129 -1 0
131 129 -1 0
130 129 -1 0
129 129 -1 0
128 129 -1 0
127 129 -1 0
126 129 -1 0
125 129 -1 0
124 129 -1 0
123 129 -1 0
122 129 -1 0
121 129 -1 0
120 129 -1 0
119 129 -1 0
118 129 -1 0
117 129 -1 0
116 129 -1 0
115 129 -1 0
114 129 -1 0
113 129 -1 0
112 129 -1 0
111 129 -1 0
110 129 -1 0
109 129 -1 0
108 129 -1 0
107 129 -1 0
106 129 -1 0
159 128 -1 0
158 128 -1 0
157 128 -1 0
156 128 -1 0
155 128 -1 0
154 128 -1 0
153 128 -1 0
152 128 -1 0
151 128 -1 0
150 128 -1 0
149 128 -1 0
148 128 -1 0
147 128 -1 0
146 128 -1 0
145 128 -1 0
144 128 -1 0
143 128 -1 0
142 128 -1 0
141 128 -1 0
140 128 -1 0
139 128 -1 0
138 128 -1 0
137 128 -1 0
136 128 -1 0
135 128 -1 0
134 128 -1 0
133 128 -1 0
132 128 -1 0
131 128 -1 0
130 128 -1 0
129 128 -1 0
128 128 -1 0
127 128 -1 0
126 128 -1 0
125 128 -1 0
124 128 -1 0
123 128 -1 0
122 128 -1 0
121 128 -1 0
120 128 -1 0
119 128 -1 0
118 128 -1 0
117 128 -1 0
116 128 -1 0
115 128 -1 0
114 128 -1 0
113 128 -1 0
112 128 -1 0
111 128 -1 0
110 128 -1 0
109 128 -1 0
108 128 -1 0
107 128 -1 0
158 127 -1 0
157 127 -1 0
156 127 -1 0
155 127 -1 0
154 127 -1 0
153 127 -1 0
152 127 -1 0
151 127 -1 0
150 127 -1 0
149 127 -1 0
148 127 -1 0
147 127 -1 0
146 127 -1 0
145 127 -1 0
144 127 -1 0
143 127 -1 0
142 127 -1 0
141 127 -1 0
140 127 -1 0
139 127 -1 0
138 127 -1 0
137 127 -1 0
136 127 -1 0
135 127 -1 0
134 127 -1 0
133 127 -1 0
132 127 -1 0
131 127 -1 0
130 127 -1 0
129 127 -1 0
128 127 -1 0
127 127 -1 0
126 127 -1 0
125 127 -1 0
124 127 -1 0
123 127 -1 0
122 127 -1 0
121 127 -1 0
120 127 -1 0
119 127 -1 0
118 127 -1 0
117 127 -1 0
116 127 -1 0
115 127 -1 0
114 127 -1 0
113 127 -1 0
112 127 -1 0
111 127 -1 0
110 127 -1 0
109 127 -1 0
108 127 -1 0
155 126 -1 0
154 126 -1 0
153 126 -1 0
152 126 -1 0
151 126 -1 0
150 126 -1 0
149 126 -1 0
148 126 -1 0
147 126 -1 0
146 126 -1 0
145 126 -1 0
144 126 -1 0
143 126 -1 0
142 126 -1 0
141 126 -1 0
140 126 -1 0
139 126 -1 0
138 126 -1 0
137 126 -1 0
136 126 -1 0
135 126 -1 0
134 126 -1 0
133 126 -1 0
132 126 -1 0
131 126 -1 0
130 126 -1 0
129 126 -1 0
128 126 -1 0
127 126 -1 0
126 126 -1 0
125 126 -1 0
124 126 -1 0
123 126 -1 0
122 126 -1 0
121 126 -1 0
120 126 -1 0
119 126 -1 0
118 126 -1 0
117 126 -1 0
116 126 -1 0
115 126 -1 0
114 126 -1 0
113 126 -1 0
112 126 -1 0
111 126 -1 0
110 126 -1 0
109 126 -1 0
152 125 -1 0
151 125 -1 0
149 125 -1 0
146 125 -1 0
143 125 -1 0
142 125 -1 0
141 125 -1 0
140 125 -1 0
139 125 -1 0
138 125 -1 0
137 125 -1 0
136 125 -1 0
135 125 -1 0
134 125 -1 0
133 125 -1 0
132 125 -1 0
131 125 -1 0
130 125 -1 0
129 125 -1 0
128 125 -1 0
127 125 -1 0
126 125 -1 0
125 125 -1 0
124 125 -1 0
123 125 -1 0
122 125 -1 0
121 125 -1 0
120 125 -1 0
119 125 -1 0
118 125 -1 0
117 125 -1 0
116 125 -1 0
115 125 -1 0
114 125 -1 0
113 125 -1 0
112 125 -1 0
111 125 -1 0
110 125 -1 0
143 124 -1 0
142 124 -1 0
141 124 -1 0
140 124 -1 0
139 124 -1 0
138 124 -1 0
137 124 -1 0
136 124 -1 0
135 124 -1 0
134 124 -1 0
133 124 -1 0
132 124 -1 0
131 124 -1 0
130 124 -1 0
129 124 -1 0
128 124 -1 0
127 124 -1 0
126 124 -1 0
125 124 -1 0
124 124 -1 0
123 124 -1 0
122 124 -1 0
121 124 -1 0
120 124 -1 0
119 124 -1 0
118 124 -1 0
117 124 -1 0
116 124 -1 0
115 124 -1 0
114 124 -1 0
113 124 -1 0
112 124 -1 0
143 123 -1 0
142 123 -1 0
141 123 -1 0
140 123 -1 0
139 123 -1 0
138 123 -1 0
137 123 -1 0
136 123 -1 0
135 123 -1 0
134 123 -1 0
133 123 -1 0
132 123 -1 0
131 123 -1 0
130 123 -1 0
129 123 -1 0
128 123 -1 0
127 123 -1 0
126 123 -1 0
125 123 -1 0
124 123 -1 0
123 123 -1 0
122 123 -1 0
121 123 -1 0
120 123 -1 0
119 123 -1 0
118 123 -1 0
117 123 -1 0
116 123 -1 0
115 123 -1 0
114 123 -1 0
113 123 -1 0
142 122 -1 0
141 122 -1 0
140 122 -1 0
139 122 -1 0
138 122 -1 0
137 122 -1 0
136 122 -1 0
135 122 -1 0
134 122 -1 0
133 122 -1 0
132 122 -1 0
131 122 -1 0
130 122 -1 0
129 122 -1 0
128 122 -1 0
127 122 -1 0
126 122 -1 0
125 122 -1 0
124 122 -1 0
123 122 -1 0
122 122 -1 0
121 122 -1 0
120 122 -1 0
119 122 -1 0
116 122 -1 0
139 121 -1 0
135 121 -1 0
130 121 -1 0
127 121 -1 0
125 121 -1 0
123 121 -1 0
122 121 -1 0
