3202 408 341
288 318 -1 0
291 317 -1 0
290 317 -1 0
289 317 -1 0
288 317 -1 0
287 317 -1 0
286 317 -1 0
285 317 -1 0
294 316 -1 0
293 316 -1 0
292 316 -1 0
291 316 -1 0
290 316 -1 0
289 316 -1 0
288 316 -1 0
287 316 -1 0
286 316 -1 0
285 316 -1 0
284 316 -1 0
295 315 -1 0
294 315 -1 0
293 315 -1 0
292 315 -1 0
291 315 -1 0
290 315 -1 0
289 315 -1 0
288 315 -1 0
287 315 -1 0
286 315 -1 0
285 315 -1 0
284 315 -1 0
295 314 -1 0
294 314 -1 0
293 314 -1 0
292 314 -1 0
291 314 -1 0
290 314 -1 0
289 314 -1 0
288 314 -1 0
287 314 -1 0
286 314 -1 0
285 314 -1 0
284 314 -1 0
296 313 -1 0
295 313 -1 0
294 313 -1 0
293 313 -1 0
292 313 -1 0
291 313 -1 0
290 313 -1 0
289 313 -1 0
288 313 -1 0
287 313 -1 0
286 313 -1 0
285 313 -1 0
284 313 -1 0
283 313 -1 0
298 312 -1 0
297 312 -1 0
296 312 -1 0
295 312 -1 0
294 312 -1 0
293 312 -1 0
292 312 -1 0
291 312 -1 0
290 312 -1 0
289 312 -1 0
288 312 -1 0
287 312 -1 0
286 312 -1 0
285 312 -1 0
284 312 -1 0
299 311 -1 0
298 311 -1 0
297 311 -1 0
296 311 -1 0
295 311 -1 0
294 311 -1 0
293 311 -1 0
292 311 -1 0
291 311 -1 0
290 311 -1 0
289 311 -1 0
288 311 -1 0
287 311 -1 0
286 311 -1 0
285 311 -1 0
284 311 -1 0
300 310 -1 0
299 310 -1 0
298 310 -1 0
297 310 -1 0
296 310 -1 0
295 310 -1 0
294 310 -1 0
293 310 -1 0
292 310 -1 0
291 310 -1 0
290 310 -1 0
289 310 -1 0
288 310 -1 0
287 310 -1 0
286 310 -1 0
285 310 -1 0
284 310 -1 0
301 309 -1 0
300 309 -1 0
299 309 -1 0
298 309 -1 0
297 309 -1 0
296 309 -1 0
295 309 -1 0
294 309 -1 0
293 309 -1 0
292 309 -1 0
291 309 -1 0
290 309 -1 0
289 309 -1 0
288 309 -1 0
287 309 -1 0
286 309 -1 0
285 309 -1 0
302 308 -1 0
301 308 -1 0
300 308 -1 0
299 308 -1 0
298 308 -1 0
297 308 -1 0
296 308 -1 0
295 308 -1 0
294 308 -1 0
293 308 -1 0
292 308 -1 0
291 308 -1 0
290 308 -1 0
289 308 -1 0
288 308 -1 0
303 307 -1 0
302 307 -1 0
301 307 -1 0
300 307 -1 0
299 307 -1 0
298 307 -1 0
297 307 -1 0
296 307 -1 0
295 307 -1 0
294 307 -1 0
293 307 -1 0
292 307 -1 0
291 307 -1 0
290 307 -1 0
289 307 -1 0
304 306 -1 0
303 306 -1 0
302 306 -1 0
301 306 -1 0
300 306 -1 0
299 306 -1 0
298 306 -1 0
297 306 -1 0
296 306 -1 0
295 306 -1 0
294 306 -1 0
293 306 -1 0
292 306 -1 0
291 306 -1 0
290 306 -1 0
289 306 -1 0
305 305 -1 0
304 305 -1 0
303 305 -1 0
302 305 -1 0
301 305 -1 0
300 305 -1 0
299 305 -1 0
298 305 -1 0
297 305 -1 0
296 305 -1 0
295 305 -1 0
294 305 -1 0
293 305 -1 0
292 305 -1 0
291 305 -1 0
290 305 -1 0
306 304 -1 0
305 304 -1 0
304 304 -1 0
303 304 -1 0
302 304 -1 0
301 304 -1 0
300 304 -1 0
299 304 -1 0
298 304 -1 0
297 304 -1 0
296 304 -1 0
295 304 -1 0
294 304 -1 0
293 304 -1 0
292 304 -1 0
307 303 -1 0
306 303 -1 0
305 303 -1 0
304 303 -1 0
303 303 -1 0
302 303 -1 0
301 303 -1 0
300 303 -1 0
299 303 -1 0
298 303 -1 0
297 303 -1 0
296 303 -1 0
295 303 -1 0
294 303 -1 0
293 303 -1 0
308 302 -1 0
307 302 -1 0
306 302 -1 0
305 302 -1 0
304 302 -1 0
303 302 -1 0
302 302 -1 0
301 302 -1 0
300 302 -1 0
299 302 -1 0
298 302 -1 0
297 302 -1 0
296 302 -1 0
295 302 -1 0
294 302 -1 0
309 301 -1 0
308 301 -1 0
307 301 -1 0
306 301 -1 0
305 301 -1 0
304 301 -1 0
303 301 -1 0
302 301 -1 0
301 301 -1 0
300 301 -1 0
299 301 -1 0
298 301 -1 0
297 301 -1 0
296 301 -1 0
295 301 -1 0
309 300 -1 0
308 300 -1 0
307 300 -1 0
306 300 -1 0
305 300 -1 0
304 300 -1 0
303 300 -1 0
302 300 -1 0
301 300 -1 0
300 300 -1 0
299 300 -1 0
298 300 -1 0
297 300 -1 0
296 300 -1 0
310 299 -1 0
309 299 -1 0
308 299 -1 0
307 299 -1 0
306 299 -1 0
305 299 -1 0
304 299 -1 0
303 299 -1 0
302 299 -1 0
301 299 -1 0
300 299 -1 0
299 299 -1 0
298 299 -1 0
297 299 -1 0
310 298 -1 0
309 298 -1 0
308 298 -1 0
307 298 -1 0
306 298 -1 0
305 298 -1 0
304 298 -1 0
303 298 -1 0
302 298 -1 0
301 298 -1 0
300 298 -1 0
299 298 -1 0
298 298 -1 0
311 297 -1 0
310 297 -1 0
309 297 -1 0
308 297 -1 0
307 297 -1 0
306 297 -1 0
305 297 -1 0
304 297 -1 0
303 297 -1 0
302 297 -1 0
301 297 -1 0
300 297 -1 0
299 297 -1 0
312 296 -1 0
311 296 -1 0
310 296 -1 0
309 296 -1 0
308 296 -1 0
307 296 -1 0
306 296 -1 0
305 296 -1 0
304 296 -1 0
303 296 -1 0
302 296 -1 0
301 296 -1 0
300 296 -1 0
312 295 -1 0
311 295 -1 0
310 295 -1 0
309 295 -1 0
308 295 -1 0
307 295 -1 0
306 295 -1 0
305 295 -1 0
304 295 -1 0
303 295 -1 0
302 295 -1 0
301 295 -1 0
300 295 -1 0
312 294 -1 0
311 294 -1 0
310 294 -1 0
309 294 -1 0
308 294 -1 0
307 294 -1 0
306 294 -1 0
305 294 -1 0
304 294 -1 0
303 294 -1 0
302 294 -1 0
301 294 -1 0
313 293 -1 0
312 293 -1 0
311 293 -1 0
310 293 -1 0
309 293 -1 0
308 293 -1 0
307 293 -1 0
306 293 -1 0
305 293 -1 0
304 293 -1 0
303 293 -1 0
302 293 -1 0
314 292 -1 0
313 292 -1 0
312 292 -1 0
311 292 -1 0
310 292 -1 0
309 292 -1 0
308 292 -1 0
307 292 -1 0
306 292 -1 0
305 292 -1 0
304 292 -1 0
303 292 -1 0
314 291 -1 0
313 291 -1 0
312 291 -1 0
311 291 -1 0
310 291 -1 0
309 291 -1 0
308 291 -1 0
307 291 -1 0
306 291 -1 0
305 291 -1 0
304 291 -1 0
303 291 -1 0
314 290 -1 0
313 290 -1 0
312 290 -1 0
311 290 -1 0
310 290 -1 0
309 290 -1 0
308 290 -1 0
307 290 -1 0
306 290 -1 0
305 290 -1 0
304 290 -1 0
315 289 -1 0
314 289 -1 0
313 289 -1 0
312 289 -1 0
311 289 -1 0
310 289 -1 0
309 289 -1 0
308 289 -1 0
307 289 -1 0
306 289 -1 0
305 289 -1 0
315 288 -1 0
314 288 -1 0
313 288 -1 0
312 288 -1 0
311 288 -1 0
310 288 -1 0
309 288 -1 0
308 288 -1 0
307 288 -1 0
306 288 -1 0
305 288 -1 0
315 287 -1 0
314 287 -1 0
313 287 -1 0
312 287 -1 0
311 287 -1 0
310 287 -1 0
309 287 -1 0
308 287 -1 0
307 287 -1 0
306 287 -1 0
305 287 -1 0
315 286 -1 0
314 286 -1 0
313 286 -1 0
312 286 -1 0
311 286 -1 0
310 286 -1 0
309 286 -1 0
308 286 -1 0
307 286 -1 0
306 286 -1 0
305 286 -1 0
316 285 -1 0
315 285 -1 0
314 285 -1 0
313 285 -1 0
312 285 -1 0
311 285 -1 0
310 285 -1 0
309 285 -1 0
308 285 -1 0
307 285 -1 0
306 285 -1 0
316 284 -1 0
315 284 -1 0
314 284 -1 0
313 284 -1 0
312 284 -1 0
311 284 -1 0
310 284 -1 0
309 284 -1 0
308 284 -1 0
307 284 -1 0
306 284 -1 0
316 283 -1 0
315 283 -1 0
314 283 -1 0
313 283 -1 0
312 283 -1 0
311 283 -1 0
310 283 -1 0
309 283 -1 0
308 283 -1 0
307 283 -1 0
306 283 -1 0
316 282 -1 0
315 282 -1 0
314 282 -1 0
313 282 -1 0
312 282 -1 0
311 282 -1 0
310 282 -1 0
309 282 -1 0
308 282 -1 0
307 282 -1 0
317 281 -1 0
316 281 -1 0
315 281 -1 0
314 281 -1 0
313 281 -1 0
312 281 -1 0
311 281 -1 0
310 281 -1 0
309 281 -1 0
308 281 -1 0
307 281 -1 0
317 280 -1 0
316 280 -1 0
315 280 -1 0
314 280 -1 0
313 280 -1 0
312 280 -1 0
311 280 -1 0
310 280 -1 0
309 280 -1 0
308 280 -1 0
307 280 -1 0
318 279 -1 0
317 279 -1 0
316 279 -1 0
315 279 -1 0
314 279 -1 0
313 279 -1 0
312 279 -1 0
311 279 -1 0
310 279 -1 0
309 279 -1 0
308 279 -1 0
307 279 -1 0
318 278 -1 0
317 278 -1 0
316 278 -1 0
315 278 -1 0
314 278 -1 0
313 278 -1 0
312 278 -1 0
311 278 -1 0
310 278 -1 0
309 278 -1 0
308 278 -1 0
318 277 -1 0
317 277 -1 0
316 277 -1 0
315 277 -1 0
314 277 -1 0
313 277 -1 0
312 277 -1 0
311 277 -1 0
310 277 -1 0
309 277 -1 0
308 277 -1 0
319 276 -1 0
318 276 -1 0
317 276 -1 0
316 276 -1 0
315 276 -1 0
314 276 -1 0
313 276 -1 0
312 276 -1 0
311 276 -1 0
310 276 -1 0
309 276 -1 0
308 276 -1 0
318 275 -1 0
317 275 -1 0
316 275 -1 0
315 275 -1 0
314 275 -1 0
313 275 -1 0
312 275 -1 0
311 275 -1 0
310 275 -1 0
309 275 -1 0
318 274 -1 0
317 274 -1 0
316 274 -1 0
315 274 -1 0
314 274 -1 0
313 274 -1 0
312 274 -1 0
311 274 -1 0
310 274 -1 0
318 273 -1 0
317 273 -1 0
316 273 -1 0
315 273 -1 0
314 273 -1 0
313 273 -1 0
312 273 -1 0
311 273 -1 0
310 273 -1 0
319 272 -1 0
318 272 -1 0
317 272 -1 0
316 272 -1 0
315 272 -1 0
314 272 -1 0
313 272 -1 0
312 272 -1 0
311 272 -1 0
310 272 -1 0
309 272 -1 0
319 271 -1 0
318 271 -1 0
317 271 -1 0
316 271 -1 0
315 271 -1 0
314 271 -1 0
313 271 -1 0
312 271 -1 0
311 271 -1 0
310 271 -1 0
309 271 -1 0
319 270 -1 0
318 270 -1 0
317 270 -1 0
316 270 -1 0
315 270 -1 0
314 270 -1 0
313 270 -1 0
312 270 -1 0
311 270 -1 0
310 270 -1 0
320 269 -1 0
319 269 -1 0
318 269 -1 0
317 269 -1 0
316 269 -1 0
315 269 -1 0
314 269 -1 0
313 269 -1 0
312 269 -1 0
311 269 -1 0
310 269 -1 0
320 268 -1 0
319 268 -1 0
318 268 -1 0
317 268 -1 0
316 268 -1 0
315 268 -1 0
314 268 -1 0
313 268 -1 0
312 268 -1 0
311 268 -1 0
310 268 -1 0
320 267 -1 0
319 267 -1 0
318 267 -1 0
317 267 -1 0
316 267 -1 0
315 267 -1 0
314 267 -1 0
313 267 -1 0
312 267 -1 0
311 267 -1 0
321 266 -1 0
320 266 -1 0
319 266 -1 0
318 266 -1 0
317 266 -1 0
316 266 -1 0
315 266 -1 0
314 266 -1 0
313 266 -1 0
312 266 -1 0
311 266 -1 0
321 265 -1 0
320 265 -1 0
319 265 -1 0
318 265 -1 0
317 265 -1 0
316 265 -1 0
315 265 -1 0
314 265 -1 0
313 265 -1 0
312 265 -1 0
311 265 -1 0
322 264 -1 0
321 264 -1 0
320 264 -1 0
319 264 -1 0
318 264 -1 0
317 264 -1 0
316 264 -1 0
315 264 -1 0
314 264 -1 0
313 264 -1 0
312 264 -1 0
322 263 -1 0
321 263 -1 0
320 263 -1 0
319 263 -1 0
318 263 -1 0
317 263 -1 0
316 263 -1 0
315 263 -1 0
314 263 -1 0
313 263 -1 0
312 263 -1 0
322 262 -1 0
321 262 -1 0
320 262 -1 0
319 262 -1 0
318 262 -1 0
317 262 -1 0
316 262 -1 0
315 262 -1 0
314 262 -1 0
313 262 -1 0
323 261 -1 0
322 261 -1 0
321 261 -1 0
320 261 -1 0
319 261 -1 0
318 261 -1 0
317 261 -1 0
316 261 -1 0
315 261 -1 0
314 261 -1 0
313 261 -1 0
323 260 -1 0
322 260 -1 0
321 260 -1 0
320 260 -1 0
319 260 -1 0
318 260 -1 0
317 260 -1 0
316 260 -1 0
315 260 -1 0
314 260 -1 0
313 260 -1 0
323 259 -1 0
322 259 -1 0
321 259 -1 0
320 259 -1 0
319 259 -1 0
318 259 -1 0
317 259 -1 0
316 259 -1 0
315 259 -1 0
314 259 -1 0
323 258 -1 0
322 258 -1 0
321 258 -1 0
320 258 -1 0
319 258 -1 0
318 258 -1 0
317 258 -1 0
316 258 -1 0
315 258 -1 0
314 258 -1 0
324 257 -1 0
323 257 -1 0
322 257 -1 0
321 257 -1 0
320 257 -1 0
319 257 -1 0
318 257 -1 0
317 257 -1 0
316 257 -1 0
315 257 -1 0
314 257 -1 0
324 256 -1 0
323 256 -1 0
322 256 -1 0
321 256 -1 0
320 256 -1 0
319 256 -1 0
318 256 -1 0
317 256 -1 0
316 256 -1 0
315 256 -1 0
324 255 -1 0
323 255 -1 0
322 255 -1 0
321 255 -1 0
320 255 -1 0
319 255 -1 0
318 255 -1 0
317 255 -1 0
316 255 -1 0
315 255 -1 0
325 254 -1 0
324 254 -1 0
323 254 -1 0
322 254 -1 0
321 254 -1 0
320 254 -1 0
319 254 -1 0
318 254 -1 0
317 254 -1 0
316 254 -1 0
315 254 -1 0
325 253 -1 0
324 253 -1 0
323 253 -1 0
322 253 -1 0
321 253 -1 0
320 253 -1 0
319 253 -1 0
318 253 -1 0
317 253 -1 0
316 253 -1 0
315 253 -1 0
325 252 -1 0
324 252 -1 0
323 252 -1 0
322 252 -1 0
321 252 -1 0
320 252 -1 0
319 252 -1 0
318 252 -1 0
317 252 -1 0
316 252 -1 0
326 251 -1 0
325 251 -1 0
324 251 -1 0
323 251 -1 0
322 251 -1 0
321 251 -1 0
320 251 -1 0
319 251 -1 0
318 251 -1 0
317 251 -1 0
316 251 -1 0
327 250 -1 0
326 250 -1 0
325 250 -1 0
324 250 -1 0
323 250 -1 0
322 250 -1 0
321 250 -1 0
320 250 -1 0
319 250 -1 0
318 250 -1 0
317 250 -1 0
316 250 -1 0
327 249 -1 0
326 249 -1 0
325 249 -1 0
324 249 -1 0
323 249 -1 0
322 249 -1 0
321 249 -1 0
320 249 -1 0
319 249 -1 0
318 249 -1 0
317 249 -1 0
327 248 -1 0
326 248 -1 0
325 248 -1 0
324 248 -1 0
323 248 -1 0
322 248 -1 0
321 248 -1 0
320 248 -1 0
319 248 -1 0
318 248 -1 0
317 248 -1 0
328 247 -1 0
327 247 -1 0
326 247 -1 0
325 247 -1 0
324 247 -1 0
323 247 -1 0
322 247 -1 0
321 247 -1 0
320 247 -1 0
319 247 -1 0
318 247 -1 0
317 247 -1 0
327 246 -1 0
326 246 -1 0
325 246 -1 0
324 246 -1 0
323 246 -1 0
322 246 -1 0
321 246 -1 0
320 246 -1 0
319 246 -1 0
318 246 -1 0
328 245 -1 0
327 245 -1 0
326 245 -1 0
325 245 -1 0
324 245 -1 0
323 245 -1 0
322 245 -1 0
321 245 -1 0
320 245 -1 0
319 245 -1 0
318 245 -1 0
328 244 -1 0
327 244 -1 0
326 244 -1 0
325 244 -1 0
324 244 -1 0
323 244 -1 0
322 244 -1 0
321 244 -1 0
320 244 -1 0
319 244 -1 0
318 244 -1 0
328 243 -1 0
327 243 -1 0
326 243 -1 0
325 243 -1 0
324 243 -1 0
323 243 -1 0
322 243 -1 0
321 243 -1 0
320 243 -1 0
319 243 -1 0
318 243 -1 0
183 243 -1 1
328 242 -1 0
327 242 -1 0
326 242 -1 0
325 242 -1 0
324 242 -1 0
323 242 -1 0
322 242 -1 0
321 242 -1 0
320 242 -1 0
319 242 -1 0
318 242 -1 0
246 242 -1 1
245 242 -1 1
244 242 -1 1
243 242 -1 1
242 242 -1 1
241 242 -1 1
239 242 -1 1
237 242 -1 1
235 242 -1 1
234 242 -1 1
233 242 -1 1
231 242 -1 1
230 242 -1 1
229 242 -1 1
228 242 -1 1
227 242 -1 1
226 242 -1 1
224 242 -1 1
223 242 -1 1
220 242 -1 1
218 242 -1 1
216 242 -1 1
215 242 -1 1
214 242 -1 1
212 242 -1 1
211 242 -1 1
210 242 -1 1
209 242 -1 1
208 242 -1 1
207 242 -1 1
205 242 -1 1
204 242 -1 1
203 242 -1 1
200 242 -1 1
199 242 -1 1
196 242 -1 1
194 242 -1 1
192 242 -1 1
191 242 -1 1
190 242 -1 1
187 242 -1 1
186 242 -1 1
185 242 -1 1
184 242 -1 1
183 242 -1 1
182 242 -1 1
181 242 -1 1
180 242 -1 1
328 241 -1 0
327 241 -1 0
326 241 -1 0
325 241 -1 0
324 241 -1 0
323 241 -1 0
322 241 -1 0
321 241 -1 0
320 241 -1 0
319 241 -1 0
318 241 -1 0
249 241 -1 1
248 241 -1 1
247 241 -1 1
246 241 -1 1
245 241 -1 1
244 241 -1 1
243 241 -1 1
242 241 -1 1
241 241 -1 1
240 241 -1 1
239 241 -1 1
238 241 -1 1
237 241 -1 1
236 241 -1 1
235 241 -1 1
234 241 -1 1
233 241 -1 1
232 241 -1 1
231 241 -1 1
230 241 -1 1
229 241 -1 1
228 241 -1 1
227 241 -1 1
226 241 -1 1
225 241 -1 1
224 241 -1 1
223 241 -1 1
222 241 -1 1
221 241 -1 1
220 241 -1 1
219 241 -1 1
218 241 -1 1
217 241 -1 1
216 241 -1 1
215 241 -1 1
214 241 -1 1
213 241 -1 1
212 241 -1 1
211 241 -1 1
210 241 -1 1
209 241 -1 1
208 241 -1 1
207 241 -1 1
206 241 -1 1
205 241 -1 1
204 241 -1 1
203 241 -1 1
202 241 -1 1
201 241 -1 1
200 241 -1 1
199 241 -1 1
198 241 -1 1
197 241 -1 1
196 241 -1 1
195 241 -1 1
194 241 -1 1
193 241 -1 1
192 241 -1 1
191 241 -1 1
190 241 -1 1
189 241 -1 1
188 241 -1 1
187 241 -1 1
186 241 -1 1
185 241 -1 1
184 241 -1 1
183 241 -1 1
182 241 -1 1
181 241 -1 1
180 241 -1 1
179 241 -1 1
327 240 -1 0
326 240 -1 0
325 240 -1 0
324 240 -1 0
323 240 -1 0
322 240 -1 0
321 240 -1 0
320 240 -1 0
319 240 -1 0
250 240 -1 1
249 240 -1 1
248 240 -1 1
247 240 -1 1
246 240 -1 1
245 240 -1 1
244 240 -1 1
243 240 -1 1
242 240 -1 1
241 240 -1 1
240 240 -1 1
239 240 -1 1
238 240 -1 1
237 240 -1 1
236 240 -1 1
235 240 -1 1
234 240 -1 1
233 240 -1 1
232 240 -1 1
231 240 -1 1
230 240 -1 1
229 240 -1 1
228 240 -1 1
227 240 -1 1
226 240 -1 1
225 240 -1 1
224 240 -1 1
223 240 -1 1
222 240 -1 1
221 240 -1 1
220 240 -1 1
219 240 -1 1
218 240 -1 1
217 240 -1 1
216 240 -1 1
215 240 -1 1
214 240 -1 1
213 240 -1 1
212 240 -1 1
211 240 -1 1
210 240 -1 1
209 240 -1 1
208 240 -1 1
207 240 -1 1
206 240 -1 1
205 240 -1 1
204 240 -1 1
203 240 -1 1
202 240 -1 1
201 240 -1 1
200 240 -1 1
199 240 -1 1
198 240 -1 1
197 240 -1 1
196 240 -1 1
195 240 -1 1
194 240 -1 1
193 240 -1 1
192 240 -1 1
191 240 -1 1
190 240 -1 1
189 240 -1 1
188 240 -1 1
187 240 -1 1
186 240 -1 1
185 240 -1 1
184 240 -1 1
183 240 -1 1
182 240 -1 1
181 240 -1 1
180 240 -1 1
179 240 -1 1
328 239 -1 0
327 239 -1 0
326 239 -1 0
325 239 -1 0
324 239 -1 0
323 239 -1 0
322 239 -1 0
321 239 -1 0
320 239 -1 0
319 239 -1 0
318 239 -1 0
250 239 -1 1
249 239 -1 1
248 239 -1 1
247 239 -1 1
246 239 -1 1
245 239 -1 1
244 239 -1 1
243 239 -1 1
242 239 -1 1
241 239 -1 1
240 239 -1 1
239 239 -1 1
238 239 -1 1
237 239 -1 1
236 239 -1 1
235 239 -1 1
234 239 -1 1
233 239 -1 1
232 239 -1 1
231 239 -1 1
230 239 -1 1
229 239 -1 1
228 239 -1 1
227 239 -1 1
226 239 -1 1
225 239 -1 1
224 239 -1 1
223 239 -1 1
222 239 -1 1
221 239 -1 1
220 239 -1 1
219 239 -1 1
218 239 -1 1
217 239 -1 1
216 239 -1 1
215 239 -1 1
214 239 -1 1
213 239 -1 1
212 239 -1 1
211 239 -1 1
210 239 -1 1
209 239 -1 1
208 239 -1 1
207 239 -1 1
206 239 -1 1
205 239 -1 1
204 239 -1 1
203 239 -1 1
202 239 -1 1
201 239 -1 1
200 239 -1 1
199 239 -1 1
198 239 -1 1
197 239 -1 1
196 239 -1 1
195 239 -1 1
194 239 -1 1
193 239 -1 1
192 239 -1 1
191 239 -1 1
190 239 -1 1
189 239 -1 1
188 239 -1 1
187 239 -1 1
186 239 -1 1
185 239 -1 1
184 239 -1 1
183 239 -1 1
182 239 -1 1
181 239 -1 1
180 239 -1 1
179 239 -1 1
327 238 -1 0
326 238 -1 0
325 238 -1 0
324 238 -1 0
323 238 -1 0
322 238 -1 0
321 238 -1 0
320 238 -1 0
319 238 -1 0
250 238 -1 1
249 238 -1 1
248 238 -1 1
247 238 -1 1
246 238 -1 1
245 238 -1 1
244 238 -1 1
243 238 -1 1
242 238 -1 1
241 238 -1 1
240 238 -1 1
239 238 -1 1
238 238 -1 1
237 238 -1 1
236 238 -1 1
235 238 -1 1
234 238 -1 1
233 238 -1 1
232 238 -1 1
231 238 -1 1
230 238 -1 1
229 238 -1 1
228 238 -1 1
227 238 -1 1
226 238 -1 1
225 238 -1 1
224 238 -1 1
223 238 -1 1
222 238 -1 1
221 238 -1 1
220 238 -1 1
219 238 -1 1
218 238 -1 1
217 238 -1 1
216 238 -1 1
215 238 -1 1
214 238 -1 1
213 238 -1 1
212 238 -1 1
211 238 -1 1
210 238 -1 1
209 238 -1 1
208 238 -1 1
207 238 -1 1
206 238 -1 1
205 238 -1 1
204 238 -1 1
203 238 -1 1
202 238 -1 1
201 238 -1 1
200 238 -1 1
199 238 -1 1
198 238 -1 1
197 238 -1 1
196 238 -1 1
195 238 -1 1
194 238 -1 1
193 238 -1 1
192 238 -1 1
191 238 -1 1
190 238 -1 1
189 238 -1 1
188 238 -1 1
187 238 -1 1
186 238 -1 1
185 238 -1 1
184 238 -1 1
183 238 -1 1
182 238 -1 1
181 238 -1 1
180 238 -1 1
179 238 -1 1
178 238 -1 1
328 237 -1 0
327 237 -1 0
326 237 -1 0
325 237 -1 0
324 237 -1 0
323 237 -1 0
322 237 -1 0
321 237 -1 0
320 237 -1 0
319 237 -1 0
318 237 -1 0
251 237 -1 1
250 237 -1 1
249 237 -1 1
248 237 -1 1
247 237 -1 1
246 237 -1 1
245 237 -1 1
244 237 -1 1
243 237 -1 1
242 237 -1 1
241 237 -1 1
240 237 -1 1
239 237 -1 1
238 237 -1 1
237 237 -1 1
236 237 -1 1
235 237 -1 1
234 237 -1 1
233 237 -1 1
232 237 -1 1
231 237 -1 1
230 237 -1 1
229 237 -1 1
228 237 -1 1
227 237 -1 1
226 237 -1 1
225 237 -1 1
224 237 -1 1
223 237 -1 1
222 237 -1 1
221 237 -1 1
220 237 -1 1
219 237 -1 1
218 237 -1 1
217 237 -1 1
216 237 -1 1
215 237 -1 1
214 237 -1 1
213 237 -1 1
212 237 -1 1
211 237 -1 1
210 237 -1 1
209 237 -1 1
208 237 -1 1
207 237 -1 1
206 237 -1 1
205 237 -1 1
204 237 -1 1
203 237 -1 1
202 237 -1 1
201 237 -1 1
200 237 -1 1
199 237 -1 1
198 237 -1 1
197 237 -1 1
196 237 -1 1
195 237 -1 1
194 237 -1 1
193 237 -1 1
192 237 -1 1
191 237 -1 1
190 237 -1 1
189 237 -1 1
188 237 -1 1
187 237 -1 1
186 237 -1 1
185 237 -1 1
184 237 -1 1
183 237 -1 1
182 237 -1 1
181 237 -1 1
180 237 -1 1
179 237 -1 1
178 237 -1 1
327 236 -1 0
326 236 -1 0
325 236 -1 0
324 236 -1 0
323 236 -1 0
322 236 -1 0
321 236 -1 0
320 236 -1 0
319 236 -1 0
250 236 -1 1
249 236 -1 1
248 236 -1 1
247 236 -1 1
246 236 -1 1
245 236 -1 1
244 236 -1 1
243 236 -1 1
242 236 -1 1
241 236 -1 1
240 236 -1 1
239 236 -1 1
238 236 -1 1
237 236 -1 1
236 236 -1 1
235 236 -1 1
234 236 -1 1
233 236 -1 1
232 236 -1 1
231 236 -1 1
230 236 -1 1
229 236 -1 1
228 236 -1 1
227 236 -1 1
226 236 -1 1
225 236 -1 1
224 236 -1 1
223 236 -1 1
222 236 -1 1
221 236 -1 1
220 236 -1 1
219 236 -1 1
218 236 -1 1
217 236 -1 1
216 236 -1 1
215 236 -1 1
214 236 -1 1
213 236 -1 1
212 236 -1 1
211 236 -1 1
210 236 -1 1
209 236 -1 1
208 236 -1 1
207 236 -1 1
206 236 -1 1
205 236 -1 1
204 236 -1 1
203 236 -1 1
202 236 -1 1
201 236 -1 1
200 236 -1 1
199 236 -1 1
198 236 -1 1
197 236 -1 1
196 236 -1 1
195 236 -1 1
194 236 -1 1
193 236 -1 1
192 236 -1 1
191 236 -1 1
190 236 -1 1
189 236 -1 1
188 236 -1 1
187 236 -1 1
186 236 -1 1
185 236 -1 1
184 236 -1 1
183 236 -1 1
182 236 -1 1
181 236 -1 1
180 236 -1 1
179 236 -1 1
327 235 -1 0
326 235 -1 0
325 235 -1 0
324 235 -1 0
323 235 -1 0
322 235 -1 0
321 235 -1 0
320 235 -1 0
319 235 -1 0
250 235 -1 1
249 235 -1 1
248 235 -1 1
247 235 -1 1
246 235 -1 1
245 235 -1 1
244 235 -1 1
243 235 -1 1
242 235 -1 1
241 235 -1 1
240 235 -1 1
239 235 -1 1
238 235 -1 1
237 235 -1 1
236 235 -1 1
235 235 -1 1
234 235 -1 1
233 235 -1 1
232 235 -1 1
231 235 -1 1
230 235 -1 1
229 235 -1 1
228 235 -1 1
227 235 -1 1
226 235 -1 1
225 235 -1 1
224 235 -1 1
223 235 -1 1
222 235 -1 1
221 235 -1 1
220 235 -1 1
219 235 -1 1
218 235 -1 1
217 235 -1 1
216 235 -1 1
215 235 -1 1
214 235 -1 1
213 235 -1 1
212 235 -1 1
211 235 -1 1
210 235 -1 1
209 235 -1 1
208 235 -1 1
207 235 -1 1
206 235 -1 1
205 235 -1 1
204 235 -1 1
203 235 -1 1
202 235 -1 1
201 235 -1 1
200 235 -1 1
199 235 -1 1
198 235 -1 1
197 235 -1 1
196 235 -1 1
195 235 -1 1
194 235 -1 1
193 235 -1 1
192 235 -1 1
191 235 -1 1
190 235 -1 1
189 235 -1 1
188 235 -1 1
187 235 -1 1
186 235 -1 1
185 235 -1 1
184 235 -1 1
183 235 -1 1
182 235 -1 1
181 235 -1 1
180 235 -1 1
179 235 -1 1
327 234 -1 0
326 234 -1 0
325 234 -1 0
324 234 -1 0
323 234 -1 0
322 234 -1 0
321 234 -1 0
320 234 -1 0
319 234 -1 0
250 234 -1 1
249 234 -1 1
248 234 -1 1
247 234 -1 1
246 234 -1 1
245 234 -1 1
244 234 -1 1
243 234 -1 1
242 234 -1 1
241 234 -1 1
240 234 -1 1
239 234 -1 1
238 234 -1 1
237 234 -1 1
236 234 -1 1
235 234 -1 1
234 234 -1 1
233 234 -1 1
232 234 -1 1
231 234 -1 1
230 234 -1 1
229 234 -1 1
228 234 -1 1
227 234 -1 1
226 234 -1 1
225 234 -1 1
224 234 -1 1
223 234 -1 1
222 234 -1 1
221 234 -1 1
220 234 -1 1
219 234 -1 1
218 234 -1 1
217 234 -1 1
216 234 -1 1
215 234 -1 1
214 234 -1 1
213 234 -1 1
212 234 -1 1
211 234 -1 1
210 234 -1 1
209 234 -1 1
208 234 -1 1
207 234 -1 1
206 234 -1 1
205 234 -1 1
204 234 -1 1
203 234 -1 1
202 234 -1 1
201 234 -1 1
200 234 -1 1
199 234 -1 1
198 234 -1 1
197 234 -1 1
196 234 -1 1
195 234 -1 1
194 234 -1 1
193 234 -1 1
192 234 -1 1
191 234 -1 1
190 234 -1 1
189 234 -1 1
188 234 -1 1
187 234 -1 1
186 234 -1 1
185 234 -1 1
184 234 -1 1
183 234 -1 1
182 234 -1 1
181 234 -1 1
180 234 -1 1
179 234 -1 1
327 233 -1 0
326 233 -1 0
325 233 -1 0
324 233 -1 0
323 233 -1 0
322 233 -1 0
321 233 -1 0
320 233 -1 0
319 233 -1 0
249 233 -1 1
248 233 -1 1
247 233 -1 1
246 233 -1 1
245 233 -1 1
244 233 -1 1
243 233 -1 1
242 233 -1 1
241 233 -1 1
240 233 -1 1
239 233 -1 1
238 233 -1 1
237 233 -1 1
236 233 -1 1
235 233 -1 1
234 233 -1 1
233 233 -1 1
232 233 -1 1
231 233 -1 1
230 233 -1 1
229 233 -1 1
228 233 -1 1
227 233 -1 1
226 233 -1 1
225 233 -1 1
224 233 -1 1
223 233 -1 1
222 233 -1 1
221 233 -1 1
220 233 -1 1
219 233 -1 1
218 233 -1 1
217 233 -1 1
216 233 -1 1
215 233 -1 1
214 233 -1 1
213 233 -1 1
212 233 -1 1
211 233 -1 1
210 233 -1 1
209 233 -1 1
208 233 -1 1
207 233 -1 1
206 233 -1 1
205 233 -1 1
204 233 -1 1
203 233 -1 1
202 233 -1 1
201 233 -1 1
200 233 -1 1
199 233 -1 1
198 233 -1 1
197 233 -1 1
196 233 -1 1
195 233 -1 1
194 233 -1 1
193 233 -1 1
192 233 -1 1
191 233 -1 1
190 233 -1 1
189 233 -1 1
188 233 -1 1
187 233 -1 1
186 233 -1 1
185 233 -1 1
184 233 -1 1
183 233 -1 1
182 233 -1 1
181 233 -1 1
180 233 -1 1
328 232 -1 0
327 232 -1 0
326 232 -1 0
325 232 -1 0
324 232 -1 0
323 232 -1 0
322 232 -1 0
321 232 -1 0
320 232 -1 0
319 232 -1 0
318 232 -1 0
246 232 -1 1
245 232 -1 1
244 232 -1 1
243 232 -1 1
242 232 -1 1
241 232 -1 1
239 232 -1 1
237 232 -1 1
235 232 -1 1
234 232 -1 1
233 232 -1 1
231 232 -1 1
230 232 -1 1
229 232 -1 1
228 232 -1 1
227 232 -1 1
226 232 -1 1
224 232 -1 1
223 232 -1 1
220 232 -1 1
218 232 -1 1
216 232 -1 1
215 232 -1 1
214 232 -1 1
212 232 -1 1
211 232 -1 1
210 232 -1 1
209 232 -1 1
208 232 -1 1
207 232 -1 1
205 232 -1 1
204 232 -1 1
203 232 -1 1
200 232 -1 1
199 232 -1 1
196 232 -1 1
194 232 -1 1
192 232 -1 1
191 232 -1 1
190 232 -1 1
187 232 -1 1
186 232 -1 1
184 232 -1 1
183 232 -1 1
327 231 -1 0
326 231 -1 0
325 231 -1 0
324 231 -1 0
323 231 -1 0
322 231 -1 0
321 231 -1 0
320 231 -1 0
319 231 -1 0
328 230 -1 0
327 230 -1 0
326 230 -1 0
325 230 -1 0
324 230 -1 0
323 230 -1 0
322 230 -1 0
321 230 -1 0
320 230 -1 0
319 230 -1 0
318 230 -1 0
327 229 -1 0
326 229 -1 0
325 229 -1 0
324 229 -1 0
323 229 -1 0
322 229 -1 0
321 229 -1 0
320 229 -1 0
319 229 -1 0
318 229 -1 0
317 229 -1 0
327 228 -1 0
326 228 -1 0
325 228 -1 0
324 228 -1 0
323 228 -1 0
322 228 -1 0
321 228 -1 0
320 228 -1 0
319 228 -1 0
318 228 -1 0
317 228 -1 0
316 228 -1 0
327 227 -1 0
326 227 -1 0
325 227 -1 0
324 227 -1 0
323 227 -1 0
322 227 -1 0
321 227 -1 0
320 227 -1 0
319 227 -1 0
318 227 -1 0
317 227 -1 0
316 227 -1 0
328 226 -1 0
327 226 -1 0
326 226 -1 0
325 226 -1 0
324 226 -1 0
323 226 -1 0
322 226 -1 0
321 226 -1 0
320 226 -1 0
319 226 -1 0
318 226 -1 0
317 226 -1 0
316 226 -1 0
328 225 -1 0
327 225 -1 0
326 225 -1 0
325 225 -1 0
324 225 -1 0
323 225 -1 0
322 225 -1 0
321 225 -1 0
320 225 -1 0
319 225 -1 0
318 225 -1 0
317 225 -1 0
316 225 -1 0
315 225 -1 0
327 224 -1 0
326 224 -1 0
325 224 -1 0
324 224 -1 0
323 224 -1 0
322 224 -1 0
321 224 -1 0
320 224 -1 0
319 224 -1 0
318 224 -1 0
317 224 -1 0
316 224 -1 0
327 223 -1 0
326 223 -1 0
325 223 -1 0
324 223 -1 0
323 223 -1 0
322 223 -1 0
321 223 -1 0
320 223 -1 0
319 223 -1 0
318 223 -1 0
317 223 -1 0
316 223 -1 0
327 222 -1 0
326 222 -1 0
325 222 -1 0
324 222 -1 0
323 222 -1 0
322 222 -1 0
321 222 -1 0
320 222 -1 0
319 222 -1 0
318 222 -1 0
317 222 -1 0
316 222 -1 0
326 221 -1 0
325 221 -1 0
324 221 -1 0
323 221 -1 0
322 221 -1 0
321 221 -1 0
320 221 -1 0
319 221 -1 0
318 221 -1 0
317 221 -1 0
323 220 -1 0
322 220 -1 0
321 220 -1 0
320 220 -1 0
195 175 -1 0
198 174 -1 0
197 174 -1 0
196 174 -1 0
195 174 -1 0
194 174 -1 0
193 174 -1 0
192 174 -1 0
201 173 -1 0
200 173 -1 0
199 173 -1 0
198 173 -1 0
197 173 -1 0
196 173 -1 0
195 173 -1 0
194 173 -1 0
193 173 -1 0
192 173 -1 0
191 173 -1 0
203 172 -1 0
202 172 -1 0
201 172 -1 0
200 172 -1 0
199 172 -1 0
198 172 -1 0
197 172 -1 0
196 172 -1 0
195 172 -1 0
194 172 -1 0
193 172 -1 0
192 172 -1 0
191 172 -1 0
206 171 -1 0
205 171 -1 0
204 171 -1 0
203 171 -1 0
202 171 -1 0
201 171 -1 0
200 171 -1 0
199 171 -1 0
198 171 -1 0
197 171 -1 0
196 171 -1 0
195 171 -1 0
194 171 -1 0
193 171 -1 0
192 171 -1 0
191 171 -1 0
212 170 -1 0
211 170 -1 0
209 170 -1 0
208 170 -1 0
207 170 -1 0
206 170 -1 0
205 170 -1 0
204 170 -1 0
203 170 -1 0
202 170 -1 0
201 170 -1 0
200 170 -1 0
199 170 -1 0
198 170 -1 0
197 170 -1 0
196 170 -1 0
195 170 -1 0
194 170 -1 0
193 170 -1 0
192 170 -1 0
191 170 -1 0
190 170 -1 0
231 169 -1 0
215 169 -1 0
214 169 -1 0
213 169 -1 0
212 169 -1 0
211 169 -1 0
210 169 -1 0
209 169 -1 0
208 169 -1 0
207 169 -1 0
206 169 -1 0
205 169 -1 0
204 169 -1 0
203 169 -1 0
202 169 -1 0
201 169 -1 0
200 169 -1 0
199 169 -1 0
198 169 -1 0
197 169 -1 0
196 169 -1 0
195 169 -1 0
194 169 -1 0
193 169 -1 0
192 169 -1 0
191 169 -1 0
234 168 -1 0
233 168 -1 0
232 168 -1 0
231 168 -1 0
230 168 -1 0
229 168 -1 0
228 168 -1 0
224 168 -1 0
218 168 -1 0
216 168 -1 0
215 168 -1 0
214 168 -1 0
213 168 -1 0
212 168 -1 0
211 168 -1 0
210 168 -1 0
209 168 -1 0
208 168 -1 0
207 168 -1 0
206 168 -1 0
205 168 -1 0
204 168 -1 0
203 168 -1 0
202 168 -1 0
201 168 -1 0
200 168 -1 0
199 168 -1 0
198 168 -1 0
197 168 -1 0
196 168 -1 0
195 168 -1 0
194 168 -1 0
193 168 -1 0
192 168 -1 0
191 168 -1 0
311 167 -1 0
235 167 -1 0
234 167 -1 0
233 167 -1 0
232 167 -1 0
231 167 -1 0
230 167 -1 0
229 167 -1 0
228 167 -1 0
227 167 -1 0
226 167 -1 0
225 167 -1 0
224 167 -1 0
223 167 -1 0
222 167 -1 0
221 167 -1 0
220 167 -1 0
219 167 -1 0
218 167 -1 0
217 167 -1 0
216 167 -1 0
215 167 -1 0
214 167 -1 0
213 167 -1 0
212 167 -1 0
211 167 -1 0
210 167 -1 0
209 167 -1 0
208 167 -1 0
207 167 -1 0
206 167 -1 0
205 167 -1 0
204 167 -1 0
203 167 -1 0
202 167 -1 0
201 167 -1 0
200 167 -1 0
199 167 -1 0
198 167 -1 0
197 167 -1 0
196 167 -1 0
195 167 -1 0
194 167 -1 0
193 167 -1 0
192 167 -1 0
191 167 -1 0
315 166 -1 0
314 166 -1 0
313 166 -1 0
312 166 -1 0
311 166 -1 0
310 166 -1 0
309 166 -1 0
308 166 -1 0
245 166 -1 0
243 166 -1 0
241 166 -1 0
240 166 -1 0
239 166 -1 0
238 166 -1 0
237 166 -1 0
236 166 -1 0
235 166 -1 0
234 166 -1 0
233 166 -1 0
232 166 -1 0
231 166 -1 0
230 166 -1 0
229 166 -1 0
228 166 -1 0
227 166 -1 0
226 166 -1 0
225 166 -1 0
224 166 -1 0
223 166 -1 0
222 166 -1 0
221 166 -1 0
220 166 -1 0
219 166 -1 0
218 166 -1 0
217 166 -1 0
216 166 -1 0
215 166 -1 0
214 166 -1 0
213 166 -1 0
212 166 -1 0
211 166 -1 0
210 166 -1 0
209 166 -1 0
208 166 -1 0
207 166 -1 0
206 166 -1 0
205 166 -1 0
204 166 -1 0
203 166 -1 0
202 166 -1 0
201 166 -1 0
200 166 -1 0
199 166 -1 0
198 166 -1 0
197 166 -1 0
196 166 -1 0
195 166 -1 0
194 166 -1 0
193 166 -1 0
192 166 -1 0
318 165 -1 0
317 165 -1 0
316 165 -1 0
315 165 -1 0
314 165 -1 0
313 165 -1 0
312 165 -1 0
311 165 -1 0
310 165 -1 0
309 165 -1 0
308 165 -1 0
307 165 -1 0
304 165 -1 0
301 165 -1 0
296 165 -1 0
292 165 -1 0
288 165 -1 0
286 165 -1 0
282 165 -1 0
280 165 -1 0
279 165 -1 0
276 165 -1 0
273 165 -1 0
268 165 -1 0
257 165 -1 0
248 165 -1 0
247 165 -1 0
246 165 -1 0
245 165 -1 0
244 165 -1 0
243 165 -1 0
242 165 -1 0
241 165 -1 0
240 165 -1 0
239 165 -1 0
238 165 -1 0
237 165 -1 0
236 165 -1 0
235 165 -1 0
234 165 -1 0
233 165 -1 0
232 165 -1 0
231 165 -1 0
230 165 -1 0
229 165 -1 0
228 165 -1 0
227 165 -1 0
226 165 -1 0
225 165 -1 0
224 165 -1 0
223 165 -1 0
222 165 -1 0
221 165 -1 0
220 165 -1 0
219 165 -1 0
218 165 -1 0
217 165 -1 0
216 165 -1 0
215 165 -1 0
214 165 -1 0
213 165 -1 0
212 165 -1 0
211 165 -1 0
210 165 -1 0
209 165 -1 0
208 165 -1 0
207 165 -1 0
206 165 -1 0
205 165 -1 0
204 165 -1 0
203 165 -1 0
202 165 -1 0
201 165 -1 0
200 165 -1 0
199 165 -1 0
198 165 -1 0
197 165 -1 0
196 165 -1 0
195 165 -1 0
319 164 -1 0
318 164 -1 0
317 164 -1 0
316 164 -1 0
315 164 -1 0
314 164 -1 0
313 164 -1 0
312 164 -1 0
311 164 -1 0
310 164 -1 0
309 164 -1 0
308 164 -1 0
307 164 -1 0
306 164 -1 0
305 164 -1 0
304 164 -1 0
303 164 -1 0
302 164 -1 0
301 164 -1 0
300 164 -1 0
299 164 -1 0
298 164 -1 0
297 164 -1 0
296 164 -1 0
295 164 -1 0
294 164 -1 0
293 164 -1 0
292 164 -1 0
291 164 -1 0
290 164 -1 0
289 164 -1 0
288 164 -1 0
287 164 -1 0
286 164 -1 0
285 164 -1 0
284 164 -1 0
283 164 -1 0
282 164 -1 0
281 164 -1 0
280 164 -1 0
279 164 -1 0
278 164 -1 0
277 164 -1 0
276 164 -1 0
275 164 -1 0
274 164 -1 0
273 164 -1 0
272 164 -1 0
271 164 -1 0
270 164 -1 0
269 164 -1 0
268 164 -1 0
267 164 -1 0
266 164 -1 0
265 164 -1 0
263 164 -1 0
262 164 -1 0
261 164 -1 0
260 164 -1 0
259 164 -1 0
258 164 -1 0
257 164 -1 0
256 164 -1 0
255 164 -1 0
254 164 -1 0
253 164 -1 0
252 164 -1 0
251 164 -1 0
250 164 -1 0
249 164 -1 0
248 164 -1 0
247 164 -1 0
246 164 -1 0
245 164 -1 0
244 164 -1 0
243 164 -1 0
242 164 -1 0
241 164 -1 0
240 164 -1 0
239 164 -1 0
238 164 -1 0
237 164 -1 0
236 164 -1 0
235 164 -1 0
234 164 -1 0
233 164 -1 0
232 164 -1 0
231 164 -1 0
230 164 -1 0
229 164 -1 0
228 164 -1 0
227 164 -1 0
226 164 -1 0
225 164 -1 0
224 164 -1 0
223 164 -1 0
222 164 -1 0
221 164 -1 0
220 164 -1 0
219 164 -1 0
218 164 -1 0
217 164 -1 0
216 164 -1 0
215 164 -1 0
214 164 -1 0
213 164 -1 0
212 164 -1 0
211 164 -1 0
210 164 -1 0
209 164 -1 0
208 164 -1 0
207 164 -1 0
206 164 -1 0
205 164 -1 0
204 164 -1 0
203 164 -1 0
202 164 -1 0
201 164 -1 0
200 164 -1 0
199 164 -1 0
198 164 -1 0
197 164 -1 0
196 164 -1 0
319 163 -1 0
318 163 -1 0
317 163 -1 0
316 163 -1 0
315 163 -1 0
314 163 -1 0
313 163 -1 0
312 163 -1 0
311 163 -1 0
310 163 -1 0
309 163 -1 0
308 163 -1 0
307 163 -1 0
306 163 -1 0
305 163 -1 0
304 163 -1 0
303 163 -1 0
302 163 -1 0
301 163 -1 0
300 163 -1 0
299 163 -1 0
298 163 -1 0
297 163 -1 0
296 163 -1 0
295 163 -1 0
294 163 -1 0
293 163 -1 0
292 163 -1 0
291 163 -1 0
290 163 -1 0
289 163 -1 0
288 163 -1 0
287 163 -1 0
286 163 -1 0
285 163 -1 0
284 163 -1 0
283 163 -1 0
282 163 -1 0
281 163 -1 0
280 163 -1 0
279 163 -1 0
278 163 -1 0
277 163 -1 0
276 163 -1 0
275 163 -1 0
274 163 -1 0
273 163 -1 0
272 163 -1 0
271 163 -1 0
270 163 -1 0
269 163 -1 0
268 163 -1 0
267 163 -1 0
266 163 -1 0
265 163 -1 0
264 163 -1 0
263 163 -1 0
262 163 -1 0
261 163 -1 0
260 163 -1 0
259 163 -1 0
258 163 -1 0
257 163 -1 0
256 163 -1 0
255 163 -1 0
254 163 -1 0
253 163 -1 0
252 163 -1 0
251 163 -1 0
250 163 -1 0
249 163 -1 0
248 163 -1 0
247 163 -1 0
246 163 -1 0
245 163 -1 0
244 163 -1 0
243 163 -1 0
242 163 -1 0
241 163 -1 0
240 163 -1 0
239 163 -1 0
238 163 -1 0
237 163 -1 0
236 163 -1 0
235 163 -1 0
234 163 -1 0
233 163 -1 0
232 163 -1 0
231 163 -1 0
230 163 -1 0
229 163 -1 0
228 163 -1 0
227 163 -1 0
226 163 -1 0
225 163 -1 0
224 163 -1 0
223 163 -1 0
222 163 -1 0
221 163 -1 0
220 163 -1 0
219 163 -1 0
218 163 -1 0
217 163 -1 0
216 163 -1 0
215 163 -1 0
214 163 -1 0
213 163 -1 0
212 163 -1 0
211 163 -1 0
210 163 -1 0
209 163 -1 0
208 163 -1 0
207 163 -1 0
206 163 -1 0
205 163 -1 0
204 163 -1 0
203 163 -1 0
202 163 -1 0
201 163 -1 0
200 163 -1 0
199 163 -1 0
198 163 -1 0
197 163 -1 0
319 162 -1 0
318 162 -1 0
317 162 -1 0
316 162 -1 0
315 162 -1 0
314 162 -1 0
313 162 -1 0
312 162 -1 0
311 162 -1 0
310 162 -1 0
309 162 -1 0
308 162 -1 0
307 162 -1 0
306 162 -1 0
305 162 -1 0
304 162 -1 0
303 162 -1 0
302 162 -1 0
301 162 -1 0
300 162 -1 0
299 162 -1 0
298 162 -1 0
297 162 -1 0
296 162 -1 0
295 162 -1 0
294 162 -1 0
293 162 -1 0
292 162 -1 0
291 162 -1 0
290 162 -1 0
289 162 -1 0
288 162 -1 0
287 162 -1 0
286 162 -1 0
285 162 -1 0
284 162 -1 0
283 162 -1 0
282 162 -1 0
281 162 -1 0
280 162 -1 0
279 162 -1 0
278 162 -1 0
277 162 -1 0
276 162 -1 0
275 162 -1 0
274 162 -1 0
273 162 -1 0
272 162 -1 0
271 162 -1 0
270 162 -1 0
269 162 -1 0
268 162 -1 0
267 162 -1 0
266 162 -1 0
265 162 -1 0
264 162 -1 0
263 162 -1 0
262 162 -1 0
261 162 -1 0
260 162 -1 0
259 162 -1 0
258 162 -1 0
257 162 -1 0
256 162 -1 0
255 162 -1 0
254 162 -1 0
253 162 -1 0
252 162 -1 0
251 162 -1 0
250 162 -1 0
249 162 -1 0
248 162 -1 0
247 162 -1 0
246 162 -1 0
245 162 -1 0
244 162 -1 0
243 162 -1 0
242 162 -1 0
241 162 -1 0
240 162 -1 0
239 162 -1 0
238 162 -1 0
237 162 -1 0
236 162 -1 0
235 162 -1 0
234 162 -1 0
233 162 -1 0
232 162 -1 0
231 162 -1 0
230 162 -1 0
229 162 -1 0
228 162 -1 0
227 162 -1 0
226 162 -1 0
225 162 -1 0
224 162 -1 0
223 162 -1 0
222 162 -1 0
221 162 -1 0
220 162 -1 0
219 162 -1 0
218 162 -1 0
217 162 -1 0
216 162 -1 0
215 162 -1 0
214 162 -1 0
213 162 -1 0
212 162 -1 0
211 162 -1 0
210 162 -1 0
209 162 -1 0
208 162 -1 0
207 162 -1 0
206 162 -1 0
205 162 -1 0
204 162 -1 0
203 162 -1 0
200 162 -1 0
320 161 -1 0
319 161 -1 0
318 161 -1 0
317 161 -1 0
316 161 -1 0
315 161 -1 0
314 161 -1 0
313 161 -1 0
312 161 -1 0
311 161 -1 0
310 161 -1 0
309 161 -1 0
308 161 -1 0
307 161 -1 0
306 161 -1 0
305 161 -1 0
304 161 -1 0
303 161 -1 0
302 161 -1 0
301 161 -1 0
300 161 -1 0
299 161 -1 0
298 161 -1 0
297 161 -1 0
296 161 -1 0
295 161 -1 0
294 161 -1 0
293 161 -1 0
292 161 -1 0
291 161 -1 0
290 161 -1 0
289 161 -1 0
288 161 -1 0
287 161 -1 0
286 161 -1 0
285 161 -1 0
284 161 -1 0
283 161 -1 0
282 161 -1 0
281 161 -1 0
280 161 -1 0
279 161 -1 0
278 161 -1 0
277 161 -1 0
276 161 -1 0
275 161 -1 0
274 161 -1 0
273 161 -1 0
272 161 -1 0
271 161 -1 0
270 161 -1 0
269 161 -1 0
268 161 -1 0
267 161 -1 0
266 161 -1 0
265 161 -1 0
264 161 -1 0
263 161 -1 0
262 161 -1 0
261 161 -1 0
260 161 -1 0
259 161 -1 0
258 161 -1 0
257 161 -1 0
256 161 -1 0
255 161 -1 0
254 161 -1 0
253 161 -1 0
252 161 -1 0
251 161 -1 0
250 161 -1 0
249 161 -1 0
248 161 -1 0
247 161 -1 0
246 161 -1 0
245 161 -1 0
244 161 -1 0
243 161 -1 0
242 161 -1 0
241 161 -1 0
240 161 -1 0
239 161 -1 0
238 161 -1 0
237 161 -1 0
236 161 -1 0
235 161 -1 0
234 161 -1 0
233 161 -1 0
232 161 -1 0
231 161 -1 0
230 161 -1 0
229 161 -1 0
228 161 -1 0
227 161 -1 0
226 161 -1 0
225 161 -1 0
224 161 -1 0
223 161 -1 0
222 161 -1 0
221 161 -1 0
220 161 -1 0
219 161 -1 0
218 161 -1 0
217 161 -1 0
216 161 -1 0
215 161 -1 0
214 161 -1 0
213 161 -1 0
212 161 -1 0
211 161 -1 0
210 161 -1 0
209 161 -1 0
208 161 -1 0
206 161 -1 0
320 160 -1 0
319 160 -1 0
318 160 -1 0
317 160 -1 0
316 160 -1 0
315 160 -1 0
314 160 -1 0
313 160 -1 0
312 160 -1 0
311 160 -1 0
310 160 -1 0
309 160 -1 0
308 160 -1 0
307 160 -1 0
306 160 -1 0
305 160 -1 0
304 160 -1 0
303 160 -1 0
302 160 -1 0
301 160 -1 0
300 160 -1 0
299 160 -1 0
298 160 -1 0
297 160 -1 0
296 160 -1 0
295 160 -1 0
294 160 -1 0
293 160 -1 0
292 160 -1 0
291 160 -1 0
290 160 -1 0
289 160 -1 0
288 160 -1 0
287 160 -1 0
286 160 -1 0
285 160 -1 0
284 160 -1 0
283 160 -1 0
282 160 -1 0
281 160 -1 0
280 160 -1 0
279 160 -1 0
278 160 -1 0
277 160 -1 0
276 160 -1 0
275 160 -1 0
274 160 -1 0
273 160 -1 0
272 160 -1 0
271 160 -1 0
270 160 -1 0
269 160 -1 0
268 160 -1 0
267 160 -1 0
266 160 -1 0
265 160 -1 0
264 160 -1 0
263 160 -1 0
262 160 -1 0
261 160 -1 0
260 160 -1 0
259 160 -1 0
258 160 -1 0
257 160 -1 0
256 160 -1 0
255 160 -1 0
254 160 -1 0
253 160 -1 0
252 160 -1 0
251 160 -1 0
250 160 -1 0
249 160 -1 0
248 160 -1 0
247 160 -1 0
246 160 -1 0
245 160 -1 0
244 160 -1 0
243 160 -1 0
242 160 -1 0
241 160 -1 0
240 160 -1 0
239 160 -1 0
238 160 -1 0
237 160 -1 0
236 160 -1 0
235 160 -1 0
234 160 -1 0
233 160 -1 0
232 160 -1 0
231 160 -1 0
230 160 -1 0
229 160 -1 0
228 160 -1 0
227 160 -1 0
226 160 -1 0
225 160 -1 0
224 160 -1 0
223 160 -1 0
222 160 -1 0
221 160 -1 0
220 160 -1 0
219 160 -1 0
218 160 -1 0
217 160 -1 0
216 160 -1 0
215 160 -1 0
214 160 -1 0
212 160 -1 0
211 160 -1 0
319 159 -1 0
318 159 -1 0
317 159 -1 0
316 159 -1 0
315 159 -1 0
314 159 -1 0
313 159 -1 0
312 159 -1 0
311 159 -1 0
310 159 -1 0
309 159 -1 0
308 159 -1 0
307 159 -1 0
306 159 -1 0
305 159 -1 0
304 159 -1 0
303 159 -1 0
302 159 -1 0
301 159 -1 0
300 159 -1 0
299 159 -1 0
298 159 -1 0
297 159 -1 0
296 159 -1 0
295 159 -1 0
294 159 -1 0
293 159 -1 0
292 159 -1 0
291 159 -1 0
290 159 -1 0
289 159 -1 0
288 159 -1 0
287 159 -1 0
286 159 -1 0
285 159 -1 0
284 159 -1 0
283 159 -1 0
282 159 -1 0
281 159 -1 0
280 159 -1 0
279 159 -1 0
278 159 -1 0
277 159 -1 0
276 159 -1 0
275 159 -1 0
274 159 -1 0
273 159 -1 0
272 159 -1 0
271 159 -1 0
270 159 -1 0
269 159 -1 0
268 159 -1 0
267 159 -1 0
266 159 -1 0
265 159 -1 0
264 159 -1 0
263 159 -1 0
262 159 -1 0
261 159 -1 0
260 159 -1 0
259 159 -1 0
258 159 -1 0
257 159 -1 0
256 159 -1 0
255 159 -1 0
254 159 -1 0
253 159 -1 0
252 159 -1 0
251 159 -1 0
250 159 -1 0
249 159 -1 0
248 159 -1 0
247 159 -1 0
246 159 -1 0
245 159 -1 0
244 159 -1 0
243 159 -1 0
242 159 -1 0
241 159 -1 0
240 159 -1 0
239 159 -1 0
238 159 -1 0
237 159 -1 0
236 159 -1 0
235 159 -1 0
234 159 -1 0
233 159 -1 0
232 159 -1 0
231 159 -1 0
230 159 -1 0
229 159 -1 0
228 159 -1 0
227 159 -1 0
226 159 -1 0
225 159 -1 0
224 159 -1 0
223 159 -1 0
222 159 -1 0
221 159 -1 0
220 159 -1 0
219 159 -1 0
218 159 -1 0
217 159 -1 0
216 159 -1 0
215 159 -1 0
319 158 -1 0
318 158 -1 0
317 158 -1 0
316 158 -1 0
315 158 -1 0
314 158 -1 0
313 158 -1 0
312 158 -1 0
311 158 -1 0
310 158 -1 0
309 158 -1 0
308 158 -1 0
307 158 -1 0
306 158 -1 0
305 158 -1 0
304 158 -1 0
303 158 -1 0
302 158 -1 0
301 158 -1 0
300 158 -1 0
299 158 -1 0
298 158 -1 0
297 158 -1 0
296 158 -1 0
295 158 -1 0
294 158 -1 0
293 158 -1 0
292 158 -1 0
291 158 -1 0
290 158 -1 0
289 158 -1 0
288 158 -1 0
287 158 -1 0
286 158 -1 0
285 158 -1 0
284 158 -1 0
283 158 -1 0
282 158 -1 0
281 158 -1 0
280 158 -1 0
279 158 -1 0
278 158 -1 0
277 158 -1 0
276 158 -1 0
275 158 -1 0
274 158 -1 0
273 158 -1 0
272 158 -1 0
271 158 -1 0
270 158 -1 0
269 158 -1 0
268 158 -1 0
267 158 -1 0
266 158 -1 0
265 158 -1 0
264 158 -1 0
263 158 -1 0
262 158 -1 0
261 158 -1 0
260 158 -1 0
259 158 -1 0
258 158 -1 0
257 158 -1 0
256 158 -1 0
255 158 -1 0
254 158 -1 0
253 158 -1 0
252 158 -1 0
251 158 -1 0
250 158 -1 0
249 158 -1 0
248 158 -1 0
247 158 -1 0
246 158 -1 0
245 158 -1 0
244 158 -1 0
243 158 -1 0
242 158 -1 0
241 158 -1 0
240 158 -1 0
239 158 -1 0
238 158 -1 0
237 158 -1 0
236 158 -1 0
235 158 -1 0
234 158 -1 0
233 158 -1 0
232 158 -1 0
231 158 -1 0
230 158 -1 0
229 158 -1 0
224 158 -1 0
218 158 -1 0
319 157 -1 0
318 157 -1 0
317 157 -1 0
316 157 -1 0
315 157 -1 0
314 157 -1 0
313 157 -1 0
312 157 -1 0
311 157 -1 0
310 157 -1 0
309 157 -1 0
308 157 -1 0
307 157 -1 0
306 157 -1 0
305 157 -1 0
304 157 -1 0
303 157 -1 0
302 157 -1 0
301 157 -1 0
300 157 -1 0
299 157 -1 0
298 157 -1 0
297 157 -1 0
296 157 -1 0
295 157 -1 0
294 157 -1 0
293 157 -1 0
292 157 -1 0
291 157 -1 0
290 157 -1 0
289 157 -1 0
288 157 -1 0
287 157 -1 0
286 157 -1 0
285 157 -1 0
284 157 -1 0
283 157 -1 0
282 157 -1 0
281 157 -1 0
280 157 -1 0
279 157 -1 0
278 157 -1 0
277 157 -1 0
276 157 -1 0
275 157 -1 0
274 157 -1 0
273 157 -1 0
272 157 -1 0
271 157 -1 0
270 157 -1 0
269 157 -1 0
268 157 -1 0
267 157 -1 0
266 157 -1 0
265 157 -1 0
264 157 -1 0
263 157 -1 0
262 157 -1 0
261 157 -1 0
260 157 -1 0
259 157 -1 0
258 157 -1 0
257 157 -1 0
256 157 -1 0
255 157 -1 0
254 157 -1 0
253 157 -1 0
252 157 -1 0
251 157 -1 0
250 157 -1 0
249 157 -1 0
248 157 -1 0
247 157 -1 0
246 157 -1 0
245 157 -1 0
244 157 -1 0
243 157 -1 0
242 157 -1 0
241 157 -1 0
240 157 -1 0
239 157 -1 0
238 157 -1 0
237 157 -1 0
236 157 -1 0
235 157 -1 0
233 157 -1 0
232 157 -1 0
318 156 -1 0
317 156 -1 0
316 156 -1 0
315 156 -1 0
314 156 -1 0
313 156 -1 0
312 156 -1 0
311 156 -1 0
310 156 -1 0
309 156 -1 0
308 156 -1 0
307 156 -1 0
306 156 -1 0
305 156 -1 0
304 156 -1 0
303 156 -1 0
302 156 -1 0
301 156 -1 0
300 156 -1 0
299 156 -1 0
298 156 -1 0
297 156 -1 0
296 156 -1 0
295 156 -1 0
294 156 -1 0
293 156 -1 0
292 156 -1 0
291 156 -1 0
290 156 -1 0
289 156 -1 0
288 156 -1 0
287 156 -1 0
286 156 -1 0
285 156 -1 0
284 156 -1 0
283 156 -1 0
282 156 -1 0
281 156 -1 0
280 156 -1 0
279 156 -1 0
278 156 -1 0
277 156 -1 0
276 156 -1 0
275 156 -1 0
274 156 -1 0
273 156 -1 0
272 156 -1 0
271 156 -1 0
270 156 -1 0
269 156 -1 0
268 156 -1 0
267 156 -1 0
266 156 -1 0
265 156 -1 0
264 156 -1 0
263 156 -1 0
262 156 -1 0
261 156 -1 0
260 156 -1 0
259 156 -1 0
258 156 -1 0
257 156 -1 0
256 156 -1 0
255 156 -1 0
254 156 -1 0
253 156 -1 0
252 156 -1 0
251 156 -1 0
250 156 -1 0
249 156 -1 0
248 156 -1 0
247 156 -1 0
246 156 -1 0
245 156 -1 0
244 156 -1 0
243 156 -1 0
242 156 -1 0
241 156 -1 0
240 156 -1 0
239 156 -1 0
238 156 -1 0
315 155 -1 0
314 155 -1 0
313 155 -1 0
311 155 -1 0
310 155 -1 0
307 155 -1 0
304 155 -1 0
301 155 -1 0
296 155 -1 0
292 155 -1 0
288 155 -1 0
286 155 -1 0
282 155 -1 0
280 155 -1 0
279 155 -1 0
276 155 -1 0
273 155 -1 0
269 155 -1 0
268 155 -1 0
267 155 -1 0
266 155 -1 0
265 155 -1 0
264 155 -1 0
263 155 -1 0
262 155 -1 0
261 155 -1 0
260 155 -1 0
259 155 -1 0
258 155 -1 0
257 155 -1 0
256 155 -1 0
255 155 -1 0
254 155 -1 0
253 155 -1 0
252 155 -1 0
251 155 -1 0
250 155 -1 0
249 155 -1 0
248 155 -1 0
247 155 -1 0
246 155 -1 0
245 155 -1 0
244 155 -1 0
243 155 -1 0
266 154 -1 0
265 154 -1 0
263 154 -1 0
262 154 -1 0
261 154 -1 0
260 154 -1 0
259 154 -1 0
258 154 -1 0
256 154 -1 0
255 154 -1 0
254 154 -1 0
253 154 -1 0
252 154 -1 0
251 154 -1 0
250 154 -1 0
248 154 -1 0
247 154 -1 0
246 154 -1 0
