2827 408 341
241 208 -1 0
244 207 -1 0
243 207 -1 0
242 207 -1 0
241 207 -1 0
240 207 -1 0
239 207 -1 0
238 207 -1 0
245 206 -1 0
244 206 -1 0
243 206 -1 0
242 206 -1 0
241 206 -1 0
240 206 -1 0
239 206 -1 0
238 206 -1 0
237 206 -1 0
245 205 -1 0
244 205 -1 0
243 205 -1 0
242 205 -1 0
241 205 -1 0
240 205 -1 0
239 205 -1 0
238 205 -1 0
237 205 -1 0
236 205 -1 0
245 204 -1 0
244 204 -1 0
243 204 -1 0
242 204 -1 0
241 204 -1 0
240 204 -1 0
239 204 -1 0
238 204 -1 0
237 204 -1 0
236 204 -1 0
235 204 -1 0
246 203 -1 0
245 203 -1 0
244 203 -1 0
243 203 -1 0
242 203 -1 0
241 203 -1 0
240 203 -1 0
239 203 -1 0
238 203 -1 0
237 203 -1 0
236 203 -1 0
235 203 -1 0
245 202 -1 0
244 202 -1 0
243 202 -1 0
242 202 -1 0
241 202 -1 0
240 202 -1 0
239 202 -1 0
238 202 -1 0
237 202 -1 0
236 202 -1 0
235 202 -1 0
245 201 -1 0
244 201 -1 0
243 201 -1 0
242 201 -1 0
241 201 -1 0
240 201 -1 0
239 201 -1 0
238 201 -1 0
237 201 -1 0
236 201 -1 0
235 201 -1 0
234 201 -1 0
245 200 -1 0
244 200 -1 0
243 200 -1 0
242 200 -1 0
241 200 -1 0
240 200 -1 0
239 200 -1 0
238 200 -1 0
237 200 -1 0
236 200 -1 0
235 200 -1 0
234 200 -1 0
233 200 -1 0
244 199 -1 0
243 199 -1 0
242 199 -1 0
241 199 -1 0
240 199 -1 0
239 199 -1 0
238 199 -1 0
237 199 -1 0
236 199 -1 0
235 199 -1 0
234 199 -1 0
233 199 -1 0
243 198 -1 0
242 198 -1 0
241 198 -1 0
240 198 -1 0
239 198 -1 0
238 198 -1 0
237 198 -1 0
236 198 -1 0
235 198 -1 0
234 198 -1 0
233 198 -1 0
243 197 -1 0
242 197 -1 0
241 197 -1 0
240 197 -1 0
239 197 -1 0
238 197 -1 0
237 197 -1 0
236 197 -1 0
235 197 -1 0
234 197 -1 0
233 197 -1 0
232 197 -1 0
242 196 -1 0
241 196 -1 0
240 196 -1 0
239 196 -1 0
238 196 -1 0
237 196 -1 0
236 196 -1 0
235 196 -1 0
234 196 -1 0
233 196 -1 0
232 196 -1 0
242 195 -1 0
241 195 -1 0
240 195 -1 0
239 195 -1 0
238 195 -1 0
237 195 -1 0
236 195 -1 0
235 195 -1 0
234 195 -1 0
233 195 -1 0
232 195 -1 0
241 194 -1 0
240 194 -1 0
239 194 -1 0
238 194 -1 0
237 194 -1 0
236 194 -1 0
235 194 -1 0
234 194 -1 0
233 194 -1 0
232 194 -1 0
231 194 -1 0
241 193 -1 0
240 193 -1 0
239 193 -1 0
238 193 -1 0
237 193 -1 0
236 193 -1 0
235 193 -1 0
234 193 -1 0
233 193 -1 0
232 193 -1 0
231 193 -1 0
241 192 -1 0
240 192 -1 0
239 192 -1 0
238 192 -1 0
237 192 -1 0
236 192 -1 0
235 192 -1 0
234 192 -1 0
233 192 -1 0
232 192 -1 0
231 192 -1 0
230 192 -1 0
241 191 -1 0
240 191 -1 0
239 191 -1 0
238 191 -1 0
237 191 -1 0
236 191 -1 0
235 191 -1 0
234 191 -1 0
233 191 -1 0
232 191 -1 0
231 191 -1 0
230 191 -1 0
240 190 -1 0
239 190 -1 0
238 190 -1 0
237 190 -1 0
236 190 -1 0
235 190 -1 0
234 190 -1 0
233 190 -1 0
232 190 -1 0
231 190 -1 0
230 190 -1 0
240 189 -1 0
239 189 -1 0
238 189 -1 0
237 189 -1 0
236 189 -1 0
235 189 -1 0
234 189 -1 0
233 189 -1 0
232 189 -1 0
231 189 -1 0
230 189 -1 0
229 189 -1 0
240 188 -1 0
239 188 -1 0
238 188 -1 0
237 188 -1 0
236 188 -1 0
235 188 -1 0
234 188 -1 0
233 188 -1 0
232 188 -1 0
231 188 -1 0
230 188 -1 0
229 188 -1 0
228 188 -1 0
239 187 -1 0
238 187 -1 0
237 187 -1 0
236 187 -1 0
235 187 -1 0
234 187 -1 0
233 187 -1 0
232 187 -1 0
231 187 -1 0
230 187 -1 0
229 187 -1 0
228 187 -1 0
239 186 -1 0
238 186 -1 0
237 186 -1 0
236 186 -1 0
235 186 -1 0
234 186 -1 0
233 186 -1 0
232 186 -1 0
231 186 -1 0
230 186 -1 0
229 186 -1 0
228 186 -1 0
238 185 -1 0
237 185 -1 0
236 185 -1 0
235 185 -1 0
234 185 -1 0
233 185 -1 0
232 185 -1 0
231 185 -1 0
230 185 -1 0
229 185 -1 0
228 185 -1 0
227 185 -1 0
238 184 -1 0
237 184 -1 0
236 184 -1 0
235 184 -1 0
234 184 -1 0
233 184 -1 0
232 184 -1 0
231 184 -1 0
230 184 -1 0
229 184 -1 0
228 184 -1 0
227 184 -1 0
238 183 -1 0
237 183 -1 0
236 183 -1 0
235 183 -1 0
234 183 -1 0
233 183 -1 0
232 183 -1 0
231 183 -1 0
230 183 -1 0
229 183 -1 0
228 183 -1 0
227 183 -1 0
237 182 -1 0
236 182 -1 0
235 182 -1 0
234 182 -1 0
233 182 -1 0
232 182 -1 0
231 182 -1 0
230 182 -1 0
229 182 -1 0
228 182 -1 0
227 182 -1 0
384 181 -1 0
236 181 -1 0
235 181 -1 0
234 181 -1 0
233 181 -1 0
232 181 -1 0
231 181 -1 0
230 181 -1 0
229 181 -1 0
228 181 -1 0
227 181 -1 0
226 181 -1 0
387 180 -1 0
386 180 -1 0
385 180 -1 0
384 180 -1 0
383 180 -1 0
382 180 -1 0
381 180 -1 0
236 180 -1 0
235 180 -1 0
234 180 -1 0
233 180 -1 0
232 180 -1 0
231 180 -1 0
230 180 -1 0
229 180 -1 0
228 180 -1 0
227 180 -1 0
226 180 -1 0
388 179 -1 0
387 179 -1 0
386 179 -1 0
385 179 -1 0
384 179 -1 0
383 179 -1 0
382 179 -1 0
381 179 -1 0
380 179 -1 0
236 179 -1 0
235 179 -1 0
234 179 -1 0
233 179 -1 0
232 179 -1 0
231 179 -1 0
230 179 -1 0
229 179 -1 0
228 179 -1 0
227 179 -1 0
226 179 -1 0
389 178 -1 0
388 178 -1 0
387 178 -1 0
386 178 -1 0
385 178 -1 0
384 178 -1 0
383 178 -1 0
382 178 -1 0
381 178 -1 0
380 178 -1 0
235 178 -1 0
234 178 -1 0
233 178 -1 0
232 178 -1 0
231 178 -1 0
230 178 -1 0
229 178 -1 0
228 178 -1 0
227 178 -1 0
226 178 -1 0
225 178 -1 0
389 177 -1 0
388 177 -1 0
387 177 -1 0
386 177 -1 0
385 177 -1 0
384 177 -1 0
383 177 -1 0
382 177 -1 0
381 177 -1 0
380 177 -1 0
235 177 -1 0
234 177 -1 0
233 177 -1 0
232 177 -1 0
231 177 -1 0
230 177 -1 0
229 177 -1 0
228 177 -1 0
227 177 -1 0
226 177 -1 0
225 177 -1 0
224 177 -1 0
389 176 -1 0
388 176 -1 0
387 176 -1 0
386 176 -1 0
385 176 -1 0
384 176 -1 0
383 176 -1 0
382 176 -1 0
381 176 -1 0
380 176 -1 0
379 176 -1 0
235 176 -1 0
234 176 -1 0
233 176 -1 0
232 176 -1 0
231 176 -1 0
230 176 -1 0
229 176 -1 0
228 176 -1 0
227 176 -1 0
226 176 -1 0
225 176 -1 0
224 176 -1 0
390 175 -1 0
389 175 -1 0
388 175 -1 0
387 175 -1 0
386 175 -1 0
385 175 -1 0
384 175 -1 0
383 175 -1 0
382 175 -1 0
381 175 -1 0
380 175 -1 0
234 175 -1 0
233 175 -1 0
232 175 -1 0
231 175 -1 0
230 175 -1 0
229 175 -1 0
228 175 -1 0
227 175 -1 0
226 175 -1 0
225 175 -1 0
224 175 -1 0
223 175 -1 0
222 175 -1 0
390 174 -1 0
389 174 -1 0
388 174 -1 0
387 174 -1 0
386 174 -1 0
385 174 -1 0
384 174 -1 0
383 174 -1 0
382 174 -1 0
381 174 -1 0
380 174 -1 0
234 174 -1 0
233 174 -1 0
232 174 -1 0
231 174 -1 0
230 174 -1 0
229 174 -1 0
228 174 -1 0
227 174 -1 0
226 174 -1 0
225 174 -1 0
224 174 -1 0
223 174 -1 0
222 174 -1 0
221 174 -1 0
390 173 -1 0
389 173 -1 0
388 173 -1 0
387 173 -1 0
386 173 -1 0
385 173 -1 0
384 173 -1 0
383 173 -1 0
382 173 -1 0
381 173 -1 0
380 173 -1 0
234 173 -1 0
233 173 -1 0
232 173 -1 0
231 173 -1 0
230 173 -1 0
229 173 -1 0
228 173 -1 0
227 173 -1 0
226 173 -1 0
225 173 -1 0
224 173 -1 0
223 173 -1 0
222 173 -1 0
221 173 -1 0
391 172 -1 0
390 172 -1 0
389 172 -1 0
388 172 -1 0
387 172 -1 0
386 172 -1 0
385 172 -1 0
384 172 -1 0
383 172 -1 0
382 172 -1 0
381 172 -1 0
233 172 -1 0
232 172 -1 0
231 172 -1 0
230 172 -1 0
229 172 -1 0
228 172 -1 0
227 172 -1 0
226 172 -1 0
225 172 -1 0
224 172 -1 0
223 172 -1 0
222 172 -1 0
221 172 -1 0
220 172 -1 0
391 171 -1 0
390 171 -1 0
389 171 -1 0
388 171 -1 0
387 171 -1 0
386 171 -1 0
385 171 -1 0
384 171 -1 0
383 171 -1 0
382 171 -1 0
381 171 -1 0
232 171 -1 0
231 171 -1 0
230 171 -1 0
229 171 -1 0
228 171 -1 0
227 171 -1 0
226 171 -1 0
225 171 -1 0
224 171 -1 0
223 171 -1 0
222 171 -1 0
221 171 -1 0
220 171 -1 0
391 170 -1 0
390 170 -1 0
389 170 -1 0
388 170 -1 0
387 170 -1 0
386 170 -1 0
385 170 -1 0
384 170 -1 0
383 170 -1 0
382 170 -1 0
381 170 -1 0
231 170 -1 0
230 170 -1 0
229 170 -1 0
228 170 -1 0
227 170 -1 0
226 170 -1 0
225 170 -1 0
224 170 -1 0
223 170 -1 0
222 170 -1 0
221 170 -1 0
220 170 -1 0
390 169 -1 0
389 169 -1 0
388 169 -1 0
387 169 -1 0
386 169 -1 0
385 169 -1 0
384 169 -1 0
383 169 -1 0
382 169 -1 0
231 169 -1 0
230 169 -1 0
229 169 -1 0
228 169 -1 0
227 169 -1 0
226 169 -1 0
225 169 -1 0
224 169 -1 0
223 169 -1 0
222 169 -1 0
221 169 -1 0
220 169 -1 0
219 169 -1 0
391 168 -1 0
390 168 -1 0
389 168 -1 0
388 168 -1 0
387 168 -1 0
386 168 -1 0
385 168 -1 0
384 168 -1 0
383 168 -1 0
382 168 -1 0
381 168 -1 0
230 168 -1 0
229 168 -1 0
228 168 -1 0
227 168 -1 0
226 168 -1 0
225 168 -1 0
224 168 -1 0
223 168 -1 0
222 168 -1 0
221 168 -1 0
220 168 -1 0
219 168 -1 0
390 167 -1 0
389 167 -1 0
388 167 -1 0
387 167 -1 0
386 167 -1 0
385 167 -1 0
384 167 -1 0
383 167 -1 0
382 167 -1 0
228 167 -1 0
227 167 -1 0
226 167 -1 0
225 167 -1 0
224 167 -1 0
223 167 -1 0
222 167 -1 0
221 167 -1 0
220 167 -1 0
219 167 -1 0
391 166 -1 0
390 166 -1 0
389 166 -1 0
388 166 -1 0
387 166 -1 0
386 166 -1 0
385 166 -1 0
384 166 -1 0
383 166 -1 0
382 166 -1 0
381 166 -1 0
229 166 -1 0
228 166 -1 0
227 166 -1 0
226 166 -1 0
225 166 -1 0
224 166 -1 0
223 166 -1 0
222 166 -1 0
221 166 -1 0
220 166 -1 0
219 166 -1 0
218 166 -1 0
390 165 -1 0
389 165 -1 0
388 165 -1 0
387 165 -1 0
386 165 -1 0
385 165 -1 0
384 165 -1 0
383 165 -1 0
382 165 -1 0
228 165 -1 0
227 165 -1 0
226 165 -1 0
225 165 -1 0
224 165 -1 0
223 165 -1 0
222 165 -1 0
221 165 -1 0
220 165 -1 0
219 165 -1 0
218 165 -1 0
390 164 -1 0
389 164 -1 0
388 164 -1 0
387 164 -1 0
386 164 -1 0
385 164 -1 0
384 164 -1 0
383 164 -1 0
382 164 -1 0
228 164 -1 0
227 164 -1 0
226 164 -1 0
225 164 -1 0
224 164 -1 0
223 164 -1 0
222 164 -1 0
221 164 -1 0
220 164 -1 0
219 164 -1 0
218 164 -1 0
217 164 -1 0
391 163 -1 0
390 163 -1 0
389 163 -1 0
388 163 -1 0
387 163 -1 0
386 163 -1 0
385 163 -1 0
384 163 -1 0
383 163 -1 0
382 163 -1 0
381 163 -1 0
228 163 -1 0
227 163 -1 0
226 163 -1 0
225 163 -1 0
224 163 -1 0
223 163 -1 0
222 163 -1 0
221 163 -1 0
220 163 -1 0
219 163 -1 0
218 163 -1 0
217 163 -1 0
216 163 -1 0
390 162 -1 0
389 162 -1 0
388 162 -1 0
387 162 -1 0
386 162 -1 0
385 162 -1 0
384 162 -1 0
383 162 -1 0
382 162 -1 0
227 162 -1 0
226 162 -1 0
225 162 -1 0
224 162 -1 0
223 162 -1 0
222 162 -1 0
221 162 -1 0
220 162 -1 0
219 162 -1 0
218 162 -1 0
217 162 -1 0
216 162 -1 0
391 161 -1 0
390 161 -1 0
389 161 -1 0
388 161 -1 0
387 161 -1 0
386 161 -1 0
385 161 -1 0
384 161 -1 0
383 161 -1 0
382 161 -1 0
381 161 -1 0
226 161 -1 0
225 161 -1 0
224 161 -1 0
223 161 -1 0
222 161 -1 0
221 161 -1 0
220 161 -1 0
219 161 -1 0
218 161 -1 0
217 161 -1 0
216 161 -1 0
215 161 -1 0
390 160 -1 0
389 160 -1 0
388 160 -1 0
387 160 -1 0
386 160 -1 0
385 160 -1 0
384 160 -1 0
383 160 -1 0
382 160 -1 0
226 160 -1 0
225 160 -1 0
224 160 -1 0
223 160 -1 0
222 160 -1 0
221 160 -1 0
220 160 -1 0
219 160 -1 0
218 160 -1 0
217 160 -1 0
216 160 -1 0
215 160 -1 0
214 160 -1 0
391 159 -1 0
390 159 -1 0
389 159 -1 0
388 159 -1 0
387 159 -1 0
386 159 -1 0
385 159 -1 0
384 159 -1 0
383 159 -1 0
382 159 -1 0
381 159 -1 0
225 159 -1 0
224 159 -1 0
223 159 -1 0
222 159 -1 0
221 159 -1 0
220 159 -1 0
219 159 -1 0
218 159 -1 0
217 159 -1 0
216 159 -1 0
215 159 -1 0
214 159 -1 0
390 158 -1 0
389 158 -1 0
388 158 -1 0
387 158 -1 0
386 158 -1 0
385 158 -1 0
384 158 -1 0
383 158 -1 0
382 158 -1 0
224 158 -1 0
223 158 -1 0
222 158 -1 0
221 158 -1 0
220 158 -1 0
219 158 -1 0
218 158 -1 0
217 158 -1 0
216 158 -1 0
215 158 -1 0
214 158 -1 0
213 158 -1 0
391 157 -1 0
390 157 -1 0
389 157 -1 0
388 157 -1 0
387 157 -1 0
386 157 -1 0
385 157 -1 0
384 157 -1 0
383 157 -1 0
382 157 -1 0
381 157 -1 0
224 157 -1 0
223 157 -1 0
222 157 -1 0
221 157 -1 0
220 157 -1 0
219 157 -1 0
218 157 -1 0
217 157 -1 0
216 157 -1 0
215 157 -1 0
214 157 -1 0
213 157 -1 0
390 156 -1 0
389 156 -1 0
388 156 -1 0
387 156 -1 0
386 156 -1 0
385 156 -1 0
384 156 -1 0
383 156 -1 0
382 156 -1 0
223 156 -1 0
222 156 -1 0
221 156 -1 0
220 156 -1 0
219 156 -1 0
218 156 -1 0
217 156 -1 0
216 156 -1 0
215 156 -1 0
214 156 -1 0
213 156 -1 0
391 155 -1 0
390 155 -1 0
389 155 -1 0
388 155 -1 0
387 155 -1 0
386 155 -1 0
385 155 -1 0
384 155 -1 0
383 155 -1 0
382 155 -1 0
381 155 -1 0
222 155 -1 0
221 155 -1 0
220 155 -1 0
219 155 -1 0
218 155 -1 0
217 155 -1 0
216 155 -1 0
215 155 -1 0
214 155 -1 0
213 155 -1 0
212 155 -1 0
390 154 -1 0
389 154 -1 0
388 154 -1 0
387 154 -1 0
386 154 -1 0
385 154 -1 0
384 154 -1 0
383 154 -1 0
382 154 -1 0
222 154 -1 0
221 154 -1 0
220 154 -1 0
219 154 -1 0
218 154 -1 0
217 154 -1 0
216 154 -1 0
215 154 -1 0
214 154 -1 0
213 154 -1 0
212 154 -1 0
391 153 -1 0
390 153 -1 0
389 153 -1 0
388 153 -1 0
387 153 -1 0
386 153 -1 0
385 153 -1 0
384 153 -1 0
383 153 -1 0
382 153 -1 0
381 153 -1 0
221 153 -1 0
220 153 -1 0
219 153 -1 0
218 153 -1 0
217 153 -1 0
216 153 -1 0
215 153 -1 0
214 153 -1 0
213 153 -1 0
212 153 -1 0
390 152 -1 0
389 152 -1 0
388 152 -1 0
387 152 -1 0
386 152 -1 0
385 152 -1 0
384 152 -1 0
383 152 -1 0
382 152 -1 0
221 152 -1 0
220 152 -1 0
219 152 -1 0
218 152 -1 0
217 152 -1 0
216 152 -1 0
215 152 -1 0
214 152 -1 0
213 152 -1 0
212 152 -1 0
391 151 -1 0
390 151 -1 0
389 151 -1 0
388 151 -1 0
387 151 -1 0
386 151 -1 0
385 151 -1 0
384 151 -1 0
383 151 -1 0
382 151 -1 0
381 151 -1 0
221 151 -1 0
220 151 -1 0
219 151 -1 0
218 151 -1 0
217 151 -1 0
216 151 -1 0
215 151 -1 0
214 151 -1 0
213 151 -1 0
212 151 -1 0
211 151 -1 0
391 150 -1 0
390 150 -1 0
389 150 -1 0
388 150 -1 0
387 150 -1 0
386 150 -1 0
385 150 -1 0
384 150 -1 0
383 150 -1 0
382 150 -1 0
381 150 -1 0
220 150 -1 0
219 150 -1 0
218 150 -1 0
217 150 -1 0
216 150 -1 0
215 150 -1 0
214 150 -1 0
213 150 -1 0
212 150 -1 0
391 149 -1 0
390 149 -1 0
389 149 -1 0
388 149 -1 0
387 149 -1 0
386 149 -1 0
385 149 -1 0
384 149 -1 0
383 149 -1 0
382 149 -1 0
381 149 -1 0
220 149 -1 0
219 149 -1 0
218 149 -1 0
217 149 -1 0
216 149 -1 0
215 149 -1 0
214 149 -1 0
213 149 -1 0
212 149 -1 0
391 148 -1 0
390 148 -1 0
389 148 -1 0
388 148 -1 0
387 148 -1 0
386 148 -1 0
385 148 -1 0
384 148 -1 0
383 148 -1 0
382 148 -1 0
381 148 -1 0
220 148 -1 0
219 148 -1 0
218 148 -1 0
217 148 -1 0
216 148 -1 0
215 148 -1 0
214 148 -1 0
213 148 -1 0
212 148 -1 0
391 147 -1 0
390 147 -1 0
389 147 -1 0
388 147 -1 0
387 147 -1 0
386 147 -1 0
385 147 -1 0
384 147 -1 0
383 147 -1 0
382 147 -1 0
381 147 -1 0
221 147 -1 0
220 147 -1 0
219 147 -1 0
218 147 -1 0
217 147 -1 0
216 147 -1 0
215 147 -1 0
214 147 -1 0
213 147 -1 0
212 147 -1 0
211 147 -1 0
390 146 -1 0
389 146 -1 0
388 146 -1 0
387 146 -1 0
386 146 -1 0
385 146 -1 0
384 146 -1 0
383 146 -1 0
382 146 -1 0
221 146 -1 0
220 146 -1 0
219 146 -1 0
218 146 -1 0
217 146 -1 0
216 146 -1 0
215 146 -1 0
214 146 -1 0
213 146 -1 0
212 146 -1 0
211 146 -1 0
391 145 -1 0
390 145 -1 0
389 145 -1 0
388 145 -1 0
387 145 -1 0
386 145 -1 0
385 145 -1 0
384 145 -1 0
383 145 -1 0
382 145 -1 0
381 145 -1 0
220 145 -1 0
219 145 -1 0
218 145 -1 0
217 145 -1 0
216 145 -1 0
215 145 -1 0
214 145 -1 0
213 145 -1 0
212 145 -1 0
390 144 -1 0
389 144 -1 0
388 144 -1 0
387 144 -1 0
386 144 -1 0
385 144 -1 0
384 144 -1 0
383 144 -1 0
382 144 -1 0
220 144 -1 0
219 144 -1 0
218 144 -1 0
217 144 -1 0
216 144 -1 0
215 144 -1 0
214 144 -1 0
213 144 -1 0
212 144 -1 0
391 143 -1 0
390 143 -1 0
389 143 -1 0
388 143 -1 0
387 143 -1 0
386 143 -1 0
385 143 -1 0
384 143 -1 0
383 143 -1 0
382 143 -1 0
381 143 -1 0
221 143 -1 0
220 143 -1 0
219 143 -1 0
218 143 -1 0
217 143 -1 0
216 143 -1 0
215 143 -1 0
214 143 -1 0
213 143 -1 0
212 143 -1 0
211 143 -1 0
391 142 -1 0
390 142 -1 0
389 142 -1 0
388 142 -1 0
387 142 -1 0
386 142 -1 0
385 142 -1 0
384 142 -1 0
383 142 -1 0
382 142 -1 0
381 142 -1 0
220 142 -1 0
219 142 -1 0
218 142 -1 0
217 142 -1 0
216 142 -1 0
215 142 -1 0
214 142 -1 0
213 142 -1 0
212 142 -1 0
390 141 -1 0
389 141 -1 0
388 141 -1 0
387 141 -1 0
386 141 -1 0
385 141 -1 0
384 141 -1 0
383 141 -1 0
382 141 -1 0
220 141 -1 0
219 141 -1 0
218 141 -1 0
217 141 -1 0
216 141 -1 0
215 141 -1 0
214 141 -1 0
213 141 -1 0
212 141 -1 0
390 140 -1 0
389 140 -1 0
388 140 -1 0
387 140 -1 0
386 140 -1 0
385 140 -1 0
384 140 -1 0
383 140 -1 0
382 140 -1 0
221 140 -1 0
220 140 -1 0
219 140 -1 0
218 140 -1 0
217 140 -1 0
216 140 -1 0
215 140 -1 0
214 140 -1 0
213 140 -1 0
212 140 -1 0
211 140 -1 0
391 139 -1 0
390 139 -1 0
389 139 -1 0
388 139 -1 0
387 139 -1 0
386 139 -1 0
385 139 -1 0
384 139 -1 0
383 139 -1 0
382 139 -1 0
381 139 -1 0
221 139 -1 0
220 139 -1 0
219 139 -1 0
218 139 -1 0
217 139 -1 0
216 139 -1 0
215 139 -1 0
214 139 -1 0
213 139 -1 0
212 139 -1 0
211 139 -1 0
390 138 -1 0
389 138 -1 0
388 138 -1 0
387 138 -1 0
386 138 -1 0
385 138 -1 0
384 138 -1 0
383 138 -1 0
382 138 -1 0
220 138 -1 0
219 138 -1 0
218 138 -1 0
217 138 -1 0
216 138 -1 0
215 138 -1 0
214 138 -1 0
213 138 -1 0
212 138 -1 0
390 137 -1 0
389 137 -1 0
388 137 -1 0
387 137 -1 0
386 137 -1 0
385 137 -1 0
384 137 -1 0
383 137 -1 0
382 137 -1 0
221 137 -1 0
220 137 -1 0
219 137 -1 0
218 137 -1 0
217 137 -1 0
216 137 -1 0
215 137 -1 0
214 137 -1 0
213 137 -1 0
212 137 -1 0
211 137 -1 0
390 136 -1 0
389 136 -1 0
388 136 -1 0
387 136 -1 0
386 136 -1 0
385 136 -1 0
384 136 -1 0
383 136 -1 0
382 136 -1 0
220 136 -1 0
219 136 -1 0
218 136 -1 0
217 136 -1 0
216 136 -1 0
215 136 -1 0
214 136 -1 0
213 136 -1 0
212 136 -1 0
211 136 -1 0
391 135 -1 0
390 135 -1 0
389 135 -1 0
388 135 -1 0
387 135 -1 0
386 135 -1 0
385 135 -1 0
384 135 -1 0
383 135 -1 0
382 135 -1 0
381 135 -1 0
220 135 -1 0
219 135 -1 0
218 135 -1 0
217 135 -1 0
216 135 -1 0
215 135 -1 0
214 135 -1 0
213 135 -1 0
212 135 -1 0
211 135 -1 0
390 134 -1 0
389 134 -1 0
388 134 -1 0
387 134 -1 0
386 134 -1 0
385 134 -1 0
384 134 -1 0
383 134 -1 0
382 134 -1 0
221 134 -1 0
220 134 -1 0
219 134 -1 0
218 134 -1 0
217 134 -1 0
216 134 -1 0
215 134 -1 0
214 134 -1 0
213 134 -1 0
212 134 -1 0
211 134 -1 0
390 133 -1 0
389 133 -1 0
388 133 -1 0
387 133 -1 0
386 133 -1 0
385 133 -1 0
384 133 -1 0
383 133 -1 0
382 133 -1 0
220 133 -1 0
219 133 -1 0
218 133 -1 0
217 133 -1 0
216 133 -1 0
215 133 -1 0
214 133 -1 0
213 133 -1 0
212 133 -1 0
211 133 -1 0
210 133 -1 0
390 132 -1 0
389 132 -1 0
388 132 -1 0
387 132 -1 0
386 132 -1 0
385 132 -1 0
384 132 -1 0
383 132 -1 0
382 132 -1 0
220 132 -1 0
219 132 -1 0
218 132 -1 0
217 132 -1 0
216 132 -1 0
215 132 -1 0
214 132 -1 0
213 132 -1 0
212 132 -1 0
211 132 -1 0
391 131 -1 0
390 131 -1 0
389 131 -1 0
388 131 -1 0
387 131 -1 0
386 131 -1 0
385 131 -1 0
384 131 -1 0
383 131 -1 0
382 131 -1 0
381 131 -1 0
220 131 -1 0
219 131 -1 0
218 131 -1 0
217 131 -1 0
216 131 -1 0
215 131 -1 0
214 131 -1 0
213 131 -1 0
212 131 -1 0
211 131 -1 0
390 130 -1 0
389 130 -1 0
388 130 -1 0
387 130 -1 0
386 130 -1 0
385 130 -1 0
384 130 -1 0
383 130 -1 0
382 130 -1 0
219 130 -1 0
218 130 -1 0
217 130 -1 0
216 130 -1 0
215 130 -1 0
214 130 -1 0
213 130 -1 0
212 130 -1 0
211 130 -1 0
390 129 -1 0
389 129 -1 0
388 129 -1 0
387 129 -1 0
386 129 -1 0
385 129 -1 0
384 129 -1 0
383 129 -1 0
382 129 -1 0
220 129 -1 0
219 129 -1 0
218 129 -1 0
217 129 -1 0
216 129 -1 0
215 129 -1 0
214 129 -1 0
213 129 -1 0
212 129 -1 0
211 129 -1 0
210 129 -1 0
390 128 -1 0
389 128 -1 0
388 128 -1 0
387 128 -1 0
386 128 -1 0
385 128 -1 0
384 128 -1 0
383 128 -1 0
382 128 -1 0
219 128 -1 0
218 128 -1 0
217 128 -1 0
216 128 -1 0
215 128 -1 0
214 128 -1 0
213 128 -1 0
212 128 -1 0
211 128 -1 0
210 128 -1 0
390 127 -1 0
389 127 -1 0
388 127 -1 0
387 127 -1 0
386 127 -1 0
385 127 -1 0
384 127 -1 0
383 127 -1 0
382 127 -1 0
219 127 -1 0
218 127 -1 0
217 127 -1 0
216 127 -1 0
215 127 -1 0
214 127 -1 0
213 127 -1 0
212 127 -1 0
211 127 -1 0
210 127 -1 0
391 126 -1 0
390 126 -1 0
389 126 -1 0
388 126 -1 0
387 126 -1 0
386 126 -1 0
385 126 -1 0
384 126 -1 0
383 126 -1 0
382 126 -1 0
381 126 -1 0
219 126 -1 0
218 126 -1 0
217 126 -1 0
216 126 -1 0
215 126 -1 0
214 126 -1 0
213 126 -1 0
212 126 -1 0
211 126 -1 0
210 126 -1 0
390 125 -1 0
389 125 -1 0
388 125 -1 0
387 125 -1 0
386 125 -1 0
385 125 -1 0
384 125 -1 0
383 125 -1 0
382 125 -1 0
219 125 -1 0
218 125 -1 0
217 125 -1 0
216 125 -1 0
215 125 -1 0
214 125 -1 0
213 125 -1 0
212 125 -1 0
211 125 -1 0
210 125 -1 0
209 125 -1 0
390 124 -1 0
389 124 -1 0
388 124 -1 0
387 124 -1 0
386 124 -1 0
385 124 -1 0
384 124 -1 0
383 124 -1 0
382 124 -1 0
218 124 -1 0
217 124 -1 0
216 124 -1 0
215 124 -1 0
214 124 -1 0
213 124 -1 0
212 124 -1 0
211 124 -1 0
210 124 -1 0
390 123 -1 0
389 123 -1 0
388 123 -1 0
387 123 -1 0
386 123 -1 0
385 123 -1 0
384 123 -1 0
383 123 -1 0
382 123 -1 0
218 123 -1 0
217 123 -1 0
216 123 -1 0
215 123 -1 0
214 123 -1 0
213 123 -1 0
212 123 -1 0
211 123 -1 0
210 123 -1 0
391 122 -1 0
390 122 -1 0
389 122 -1 0
388 122 -1 0
387 122 -1 0
386 122 -1 0
385 122 -1 0
384 122 -1 0
383 122 -1 0
382 122 -1 0
381 122 -1 0
219 122 -1 0
218 122 -1 0
217 122 -1 0
216 122 -1 0
215 122 -1 0
214 122 -1 0
213 122 -1 0
212 122 -1 0
211 122 -1 0
210 122 -1 0
209 122 -1 0
390 121 -1 0
389 121 -1 0
388 121 -1 0
387 121 -1 0
386 121 -1 0
385 121 -1 0
384 121 -1 0
383 121 -1 0
382 121 -1 0
218 121 -1 0
217 121 -1 0
216 121 -1 0
215 121 -1 0
214 121 -1 0
213 121 -1 0
212 121 -1 0
211 121 -1 0
210 121 -1 0
390 120 -1 0
389 120 -1 0
388 120 -1 0
387 120 -1 0
386 120 -1 0
385 120 -1 0
384 120 -1 0
383 120 -1 0
382 120 -1 0
218 120 -1 0
217 120 -1 0
216 120 -1 0
215 120 -1 0
214 120 -1 0
213 120 -1 0
212 120 -1 0
211 120 -1 0
210 120 -1 0
390 119 -1 0
389 119 -1 0
388 119 -1 0
387 119 -1 0
386 119 -1 0
385 119 -1 0
384 119 -1 0
383 119 -1 0
382 119 -1 0
219 119 -1 0
218 119 -1 0
217 119 -1 0
216 119 -1 0
215 119 -1 0
214 119 -1 0
213 119 -1 0
212 119 -1 0
211 119 -1 0
210 119 -1 0
209 119 -1 0
390 118 -1 0
389 118 -1 0
388 118 -1 0
387 118 -1 0
386 118 -1 0
385 118 -1 0
384 118 -1 0
383 118 -1 0
382 118 -1 0
218 118 -1 0
217 118 -1 0
216 118 -1 0
215 118 -1 0
214 118 -1 0
213 118 -1 0
212 118 -1 0
211 118 -1 0
210 118 -1 0
209 118 -1 0
391 117 -1 0
390 117 -1 0
389 117 -1 0
388 117 -1 0
387 117 -1 0
386 117 -1 0
385 117 -1 0
384 117 -1 0
383 117 -1 0
382 117 -1 0
381 117 -1 0
218 117 -1 0
217 117 -1 0
216 117 -1 0
215 117 -1 0
214 117 -1 0
213 117 -1 0
212 117 -1 0
211 117 -1 0
210 117 -1 0
209 117 -1 0
208 117 -1 0
390 116 -1 0
389 116 -1 0
388 116 -1 0
387 116 -1 0
386 116 -1 0
385 116 -1 0
384 116 -1 0
383 116 -1 0
382 116 -1 0
218 116 -1 0
217 116 -1 0
216 116 -1 0
215 116 -1 0
214 116 -1 0
213 116 -1 0
212 116 -1 0
211 116 -1 0
210 116 -1 0
209 116 -1 0
208 116 -1 0
390 115 -1 0
389 115 -1 0
388 115 -1 0
387 115 -1 0
386 115 -1 0
385 115 -1 0
384 115 -1 0
383 115 -1 0
382 115 -1 0
218 115 -1 0
217 115 -1 0
216 115 -1 0
215 115 -1 0
214 115 -1 0
213 115 -1 0
212 115 -1 0
211 115 -1 0
210 115 -1 0
209 115 -1 0
208 115 -1 0
391 114 -1 0
390 114 -1 0
389 114 -1 0
388 114 -1 0
387 114 -1 0
386 114 -1 0
385 114 -1 0
384 114 -1 0
383 114 -1 0
382 114 -1 0
381 114 -1 0
217 114 -1 0
216 114 -1 0
215 114 -1 0
214 114 -1 0
213 114 -1 0
212 114 -1 0
211 114 -1 0
210 114 -1 0
209 114 -1 0
208 114 -1 0
207 114 -1 0
390 113 -1 0
389 113 -1 0
388 113 -1 0
387 113 -1 0
386 113 -1 0
385 113 -1 0
384 113 -1 0
383 113 -1 0
382 113 -1 0
217 113 -1 0
216 113 -1 0
215 113 -1 0
214 113 -1 0
213 113 -1 0
212 113 -1 0
211 113 -1 0
210 113 -1 0
209 113 -1 0
208 113 -1 0
390 112 -1 0
389 112 -1 0
388 112 -1 0
387 112 -1 0
386 112 -1 0
385 112 -1 0
384 112 -1 0
383 112 -1 0
382 112 -1 0
217 112 -1 0
216 112 -1 0
215 112 -1 0
214 112 -1 0
213 112 -1 0
212 112 -1 0
211 112 -1 0
210 112 -1 0
209 112 -1 0
208 112 -1 0
390 111 -1 0
389 111 -1 0
388 111 -1 0
387 111 -1 0
386 111 -1 0
385 111 -1 0
384 111 -1 0
383 111 -1 0
382 111 -1 0
216 111 -1 0
215 111 -1 0
214 111 -1 0
213 111 -1 0
212 111 -1 0
211 111 -1 0
210 111 -1 0
209 111 -1 0
208 111 -1 0
390 110 -1 0
389 110 -1 0
388 110 -1 0
387 110 -1 0
386 110 -1 0
385 110 -1 0
384 110 -1 0
383 110 -1 0
382 110 -1 0
215 110 -1 0
214 110 -1 0
213 110 -1 0
212 110 -1 0
211 110 -1 0
210 110 -1 0
209 110 -1 0
390 109 -1 0
389 109 -1 0
388 109 -1 0
387 109 -1 0
386 109 -1 0
385 109 -1 0
384 109 -1 0
383 109 -1 0
382 109 -1 0
212 109 -1 0
391 108 -1 0
390 108 -1 0
389 108 -1 0
388 108 -1 0
387 108 -1 0
386 108 -1 0
385 108 -1 0
384 108 -1 0
383 108 -1 0
382 108 -1 0
381 108 -1 0
390 107 -1 0
389 107 -1 0
388 107 -1 0
387 107 -1 0
386 107 -1 0
385 107 -1 0
384 107 -1 0
383 107 -1 0
382 107 -1 0
381 107 -1 0
390 106 -1 0
389 106 -1 0
388 106 -1 0
387 106 -1 0
386 106 -1 0
385 106 -1 0
384 106 -1 0
383 106 -1 0
382 106 -1 0
381 106 -1 0
390 105 -1 0
389 105 -1 0
388 105 -1 0
387 105 -1 0
386 105 -1 0
385 105 -1 0
384 105 -1 0
383 105 -1 0
382 105 -1 0
381 105 -1 0
380 105 -1 0
389 104 -1 0
388 104 -1 0
387 104 -1 0
386 104 -1 0
385 104 -1 0
384 104 -1 0
383 104 -1 0
382 104 -1 0
381 104 -1 0
389 103 -1 0
388 103 -1 0
387 103 -1 0
386 103 -1 0
385 103 -1 0
384 103 -1 0
383 103 -1 0
382 103 -1 0
381 103 -1 0
389 102 -1 0
388 102 -1 0
387 102 -1 0
386 102 -1 0
385 102 -1 0
384 102 -1 0
383 102 -1 0
382 102 -1 0
381 102 -1 0
390 101 -1 0
389 101 -1 0
388 101 -1 0
387 101 -1 0
386 101 -1 0
385 101 -1 0
384 101 -1 0
383 101 -1 0
382 101 -1 0
381 101 -1 0
380 101 -1 0
389 100 -1 0
388 100 -1 0
387 100 -1 0
386 100 -1 0
385 100 -1 0
384 100 -1 0
383 100 -1 0
382 100 -1 0
381 100 -1 0
389 99 -1 0
388 99 -1 0
387 99 -1 0
386 99 -1 0
385 99 -1 0
384 99 -1 0
383 99 -1 0
382 99 -1 0
381 99 -1 0
325 99 -1 1
389 98 -1 0
388 98 -1 0
387 98 -1 0
386 98 -1 0
385 98 -1 0
384 98 -1 0
383 98 -1 0
382 98 -1 0
381 98 -1 0
328 98 -1 1
327 98 -1 1
326 98 -1 1
325 98 -1 1
324 98 -1 1
323 98 -1 1
322 98 -1 1
388 97 -1 0
387 97 -1 0
386 97 -1 0
385 97 -1 0
384 97 -1 0
383 97 -1 0
382 97 -1 0
329 97 -1 1
328 97 -1 1
327 97 -1 1
326 97 -1 1
325 97 -1 1
324 97 -1 1
323 97 -1 1
322 97 -1 1
321 97 -1 1
386 96 -1 0
385 96 -1 0
384 96 -1 0
383 96 -1 0
382 96 -1 0
381 96 -1 0
380 96 -1 0
329 96 -1 1
328 96 -1 1
327 96 -1 1
326 96 -1 1
325 96 -1 1
324 96 -1 1
323 96 -1 1
322 96 -1 1
321 96 -1 1
320 96 -1 1
387 95 -1 0
386 95 -1 0
385 95 -1 0
384 95 -1 0
383 95 -1 0
382 95 -1 0
381 95 -1 0
380 95 -1 0
379 95 -1 0
329 95 -1 1
328 95 -1 1
327 95 -1 1
326 95 -1 1
325 95 -1 1
324 95 -1 1
323 95 -1 1
322 95 -1 1
321 95 -1 1
320 95 -1 1
387 94 -1 0
386 94 -1 0
385 94 -1 0
384 94 -1 0
383 94 -1 0
382 94 -1 0
381 94 -1 0
380 94 -1 0
379 94 -1 0
330 94 -1 1
329 94 -1 1
328 94 -1 1
327 94 -1 1
326 94 -1 1
325 94 -1 1
324 94 -1 1
323 94 -1 1
322 94 -1 1
321 94 -1 1
320 94 -1 1
319 94 -1 1
387 93 -1 0
386 93 -1 0
385 93 -1 0
384 93 -1 0
383 93 -1 0
382 93 -1 0
381 93 -1 0
380 93 -1 0
379 93 -1 0
329 93 -1 1
328 93 -1 1
327 93 -1 1
326 93 -1 1
325 93 -1 1
324 93 -1 1
323 93 -1 1
322 93 -1 1
321 93 -1 1
320 93 -1 1
319 93 -1 1
318 93 -1 1
388 92 -1 0
387 92 -1 0
386 92 -1 0
385 92 -1 0
384 92 -1 0
383 92 -1 0
382 92 -1 0
381 92 -1 0
380 92 -1 0
379 92 -1 0
378 92 -1 0
329 92 -1 1
328 92 -1 1
327 92 -1 1
326 92 -1 1
325 92 -1 1
324 92 -1 1
323 92 -1 1
322 92 -1 1
321 92 -1 1
320 92 -1 1
319 92 -1 1
318 92 -1 1
387 91 -1 0
386 91 -1 0
385 91 -1 0
384 91 -1 0
383 91 -1 0
382 91 -1 0
381 91 -1 0
380 91 -1 0
379 91 -1 0
329 91 -1 1
328 91 -1 1
327 91 -1 1
326 91 -1 1
325 91 -1 1
324 91 -1 1
323 91 -1 1
322 91 -1 1
321 91 -1 1
320 91 -1 1
319 91 -1 1
318 91 -1 1
317 91 -1 1
387 90 -1 0
386 90 -1 0
385 90 -1 0
384 90 -1 0
383 90 -1 0
382 90 -1 0
381 90 -1 0
380 90 -1 0
379 90 -1 0
378 90 -1 0
328 90 -1 1
327 90 -1 1
326 90 -1 1
325 90 -1 1
324 90 -1 1
323 90 -1 1
322 90 -1 1
321 90 -1 1
320 90 -1 1
319 90 -1 1
318 90 -1 1
317 90 -1 1
387 89 -1 0
386 89 -1 0
385 89 -1 0
384 89 -1 0
383 89 -1 0
382 89 -1 0
381 89 -1 0
380 89 -1 0
379 89 -1 0
378 89 -1 0
328 89 -1 1
327 89 -1 1
326 89 -1 1
325 89 -1 1
324 89 -1 1
323 89 -1 1
322 89 -1 1
321 89 -1 1
320 89 -1 1
319 89 -1 1
318 89 -1 1
317 89 -1 1
316 89 -1 1
386 88 -1 0
385 88 -1 0
384 88 -1 0
383 88 -1 0
382 88 -1 0
381 88 -1 0
380 88 -1 0
379 88 -1 0
378 88 -1 0
328 88 -1 1
327 88 -1 1
326 88 -1 1
325 88 -1 1
324 88 -1 1
323 88 -1 1
322 88 -1 1
321 88 -1 1
320 88 -1 1
319 88 -1 1
318 88 -1 1
317 88 -1 1
316 88 -1 1
315 88 -1 1
387 87 -1 0
386 87 -1 0
385 87 -1 0
384 87 -1 0
383 87 -1 0
382 87 -1 0
381 87 -1 0
380 87 -1 0
379 87 -1 0
378 87 -1 0
377 87 -1 0
327 87 -1 1
326 87 -1 1
325 87 -1 1
324 87 -1 1
323 87 -1 1
322 87 -1 1
321 87 -1 1
320 87 -1 1
319 87 -1 1
318 87 -1 1
317 87 -1 1
316 87 -1 1
315 87 -1 1
386 86 -1 0
385 86 -1 0
384 86 -1 0
383 86 -1 0
382 86 -1 0
381 86 -1 0
380 86 -1 0
379 86 -1 0
378 86 -1 0
377 86 -1 0
326 86 -1 1
325 86 -1 1
324 86 -1 1
323 86 -1 1
322 86 -1 1
321 86 -1 1
320 86 -1 1
319 86 -1 1
318 86 -1 1
317 86 -1 1
316 86 -1 1
315 86 -1 1
314 86 -1 1
313 86 -1 1
386 85 -1 0
385 85 -1 0
384 85 -1 0
383 85 -1 0
382 85 -1 0
381 85 -1 0
380 85 -1 0
379 85 -1 0
378 85 -1 0
377 85 -1 0
325 85 -1 1
324 85 -1 1
323 85 -1 1
322 85 -1 1
321 85 -1 1
320 85 -1 1
319 85 -1 1
318 85 -1 1
317 85 -1 1
316 85 -1 1
315 85 -1 1
314 85 -1 1
313 85 -1 1
312 85 -1 1
386 84 -1 0
385 84 -1 0
384 84 -1 0
383 84 -1 0
382 84 -1 0
381 84 -1 0
380 84 -1 0
379 84 -1 0
378 84 -1 0
377 84 -1 0
376 84 -1 0
375 84 -1 0
324 84 -1 1
323 84 -1 1
322 84 -1 1
321 84 -1 1
320 84 -1 1
319 84 -1 1
318 84 -1 1
317 84 -1 1
316 84 -1 1
315 84 -1 1
314 84 -1 1
313 84 -1 1
312 84 -1 1
386 83 -1 0
385 83 -1 0
384 83 -1 0
383 83 -1 0
382 83 -1 0
381 83 -1 0
380 83 -1 0
379 83 -1 0
378 83 -1 0
377 83 -1 0
376 83 -1 0
375 83 -1 0
374 83 -1 0
324 83 -1 1
323 83 -1 1
322 83 -1 1
321 83 -1 1
320 83 -1 1
319 83 -1 1
318 83 -1 1
317 83 -1 1
316 83 -1 1
315 83 -1 1
314 83 -1 1
313 83 -1 1
312 83 -1 1
311 83 -1 1
385 82 -1 0
384 82 -1 0
383 82 -1 0
382 82 -1 0
381 82 -1 0
380 82 -1 0
379 82 -1 0
378 82 -1 0
377 82 -1 0
376 82 -1 0
375 82 -1 0
374 82 -1 0
323 82 -1 1
322 82 -1 1
321 82 -1 1
320 82 -1 1
319 82 -1 1
318 82 -1 1
317 82 -1 1
316 82 -1 1
315 82 -1 1
314 82 -1 1
313 82 -1 1
312 82 -1 1
311 82 -1 1
310 82 -1 1
385 81 -1 0
384 81 -1 0
383 81 -1 0
382 81 -1 0
381 81 -1 0
380 81 -1 0
379 81 -1 0
378 81 -1 0
377 81 -1 0
376 81 -1 0
375 81 -1 0
374 81 -1 0
323 81 -1 1
322 81 -1 1
321 81 -1 1
320 81 -1 1
319 81 -1 1
318 81 -1 1
317 81 -1 1
316 81 -1 1
315 81 -1 1
314 81 -1 1
313 81 -1 1
312 81 -1 1
311 81 -1 1
310 81 -1 1
385 80 -1 0
384 80 -1 0
383 80 -1 0
382 80 -1 0
381 80 -1 0
380 80 -1 0
379 80 -1 0
378 80 -1 0
377 80 -1 0
376 80 -1 0
375 80 -1 0
374 80 -1 0
373 80 -1 0
322 80 -1 1
321 80 -1 1
320 80 -1 1
319 80 -1 1
318 80 -1 1
317 80 -1 1
316 80 -1 1
315 80 -1 1
314 80 -1 1
313 80 -1 1
312 80 -1 1
311 80 -1 1
310 80 -1 1
309 80 -1 1
384 79 -1 0
383 79 -1 0
382 79 -1 0
381 79 -1 0
380 79 -1 0
379 79 -1 0
378 79 -1 0
377 79 -1 0
376 79 -1 0
375 79 -1 0
374 79 -1 0
373 79 -1 0
321 79 -1 1
320 79 -1 1
319 79 -1 1
318 79 -1 1
317 79 -1 1
316 79 -1 1
315 79 -1 1
314 79 -1 1
313 79 -1 1
312 79 -1 1
311 79 -1 1
310 79 -1 1
309 79 -1 1
308 79 -1 1
384 78 -1 0
383 78 -1 0
382 78 -1 0
381 78 -1 0
380 78 -1 0
379 78 -1 0
378 78 -1 0
377 78 -1 0
376 78 -1 0
375 78 -1 0
374 78 -1 0
320 78 -1 1
319 78 -1 1
318 78 -1 1
317 78 -1 1
316 78 -1 1
315 78 -1 1
314 78 -1 1
313 78 -1 1
312 78 -1 1
311 78 -1 1
310 78 -1 1
309 78 -1 1
308 78 -1 1
307 78 -1 1
306 78 -1 1
384 77 -1 0
383 77 -1 0
382 77 -1 0
381 77 -1 0
380 77 -1 0
379 77 -1 0
378 77 -1 0
377 77 -1 0
376 77 -1 0
375 77 -1 0
374 77 -1 0
320 77 -1 1
319 77 -1 1
318 77 -1 1
317 77 -1 1
316 77 -1 1
315 77 -1 1
314 77 -1 1
313 77 -1 1
312 77 -1 1
311 77 -1 1
310 77 -1 1
309 77 -1 1
308 77 -1 1
307 77 -1 1
306 77 -1 1
305 77 -1 1
304 77 -1 1
383 76 -1 0
382 76 -1 0
381 76 -1 0
380 76 -1 0
379 76 -1 0
378 76 -1 0
377 76 -1 0
376 76 -1 0
375 76 -1 0
374 76 -1 0
319 76 -1 1
318 76 -1 1
317 76 -1 1
316 76 -1 1
315 76 -1 1
314 76 -1 1
313 76 -1 1
312 76 -1 1
311 76 -1 1
310 76 -1 1
309 76 -1 1
308 76 -1 1
307 76 -1 1
306 76 -1 1
305 76 -1 1
304 76 -1 1
303 76 -1 1
302 76 -1 1
301 76 -1 1
300 76 -1 1
299 76 -1 1
381 75 -1 0
380 75 -1 0
379 75 -1 0
378 75 -1 0
377 75 -1 0
376 75 -1 0
375 75 -1 0
318 75 -1 1
317 75 -1 1
316 75 -1 1
315 75 -1 1
314 75 -1 1
313 75 -1 1
312 75 -1 1
311 75 -1 1
310 75 -1 1
309 75 -1 1
308 75 -1 1
307 75 -1 1
306 75 -1 1
305 75 -1 1
304 75 -1 1
303 75 -1 1
302 75 -1 1
301 75 -1 1
300 75 -1 1
299 75 -1 1
298 75 -1 1
297 75 -1 1
296 75 -1 1
378 74 -1 0
317 74 -1 1
316 74 -1 1
315 74 -1 1
314 74 -1 1
313 74 -1 1
312 74 -1 1
311 74 -1 1
310 74 -1 1
309 74 -1 1
308 74 -1 1
307 74 -1 1
306 74 -1 1
305 74 -1 1
304 74 -1 1
303 74 -1 1
302 74 -1 1
301 74 -1 1
300 74 -1 1
299 74 -1 1
298 74 -1 1
297 74 -1 1
296 74 -1 1
295 74 -1 1
316 73 -1 1
315 73 -1 1
314 73 -1 1
313 73 -1 1
312 73 -1 1
311 73 -1 1
310 73 -1 1
309 73 -1 1
308 73 -1 1
307 73 -1 1
306 73 -1 1
305 73 -1 1
304 73 -1 1
303 73 -1 1
302 73 -1 1
301 73 -1 1
300 73 -1 1
299 73 -1 1
298 73 -1 1
297 73 -1 1
296 73 -1 1
295 73 -1 1
294 73 -1 1
293 73 -1 1
292 73 -1 1
291 73 -1 1
290 73 -1 1
289 73 -1 1
315 72 -1 1
314 72 -1 1
313 72 -1 1
312 72 -1 1
311 72 -1 1
310 72 -1 1
309 72 -1 1
308 72 -1 1
307 72 -1 1
306 72 -1 1
305 72 -1 1
304 72 -1 1
303 72 -1 1
302 72 -1 1
301 72 -1 1
300 72 -1 1
299 72 -1 1
298 72 -1 1
297 72 -1 1
296 72 -1 1
295 72 -1 1
294 72 -1 1
293 72 -1 1
292 72 -1 1
291 72 -1 1
290 72 -1 1
289 72 -1 1
288 72 -1 1
287 72 -1 1
286 72 -1 1
314 71 -1 1
313 71 -1 1
312 71 -1 1
311 71 -1 1
310 71 -1 1
309 71 -1 1
308 71 -1 1
307 71 -1 1
306 71 -1 1
305 71 -1 1
304 71 -1 1
303 71 -1 1
302 71 -1 1
301 71 -1 1
300 71 -1 1
299 71 -1 1
298 71 -1 1
297 71 -1 1
296 71 -1 1
295 71 -1 1
294 71 -1 1
293 71 -1 1
292 71 -1 1
291 71 -1 1
290 71 -1 1
289 71 -1 1
288 71 -1 1
287 71 -1 1
286 71 -1 1
285 71 -1 1
284 71 -1 1
283 71 -1 1
281 71 -1 1
280 71 -1 1
279 71 -1 1
313 70 -1 1
312 70 -1 1
311 70 -1 1
310 70 -1 1
309 70 -1 1
308 70 -1 1
307 70 -1 1
306 70 -1 1
305 70 -1 1
304 70 -1 1
303 70 -1 1
302 70 -1 1
301 70 -1 1
300 70 -1 1
299 70 -1 1
298 70 -1 1
297 70 -1 1
296 70 -1 1
295 70 -1 1
294 70 -1 1
293 70 -1 1
292 70 -1 1
291 70 -1 1
290 70 -1 1
289 70 -1 1
288 70 -1 1
287 70 -1 1
286 70 -1 1
285 70 -1 1
284 70 -1 1
283 70 -1 1
282 70 -1 1
281 70 -1 1
280 70 -1 1
279 70 -1 1
278 70 -1 1
277 70 -1 1
276 70 -1 1
310 69 -1 1
309 69 -1 1
308 69 -1 1
307 69 -1 1
306 69 -1 1
305 69 -1 1
304 69 -1 1
303 69 -1 1
302 69 -1 1
301 69 -1 1
300 69 -1 1
299 69 -1 1
298 69 -1 1
297 69 -1 1
296 69 -1 1
295 69 -1 1
294 69 -1 1
293 69 -1 1
292 69 -1 1
291 69 -1 1
290 69 -1 1
289 69 -1 1
288 69 -1 1
287 69 -1 1
286 69 -1 1
285 69 -1 1
284 69 -1 1
283 69 -1 1
282 69 -1 1
281 69 -1 1
280 69 -1 1
279 69 -1 1
278 69 -1 1
277 69 -1 1
276 69 -1 1
275 69 -1 1
308 68 -1 1
307 68 -1 1
306 68 -1 1
305 68 -1 1
304 68 -1 1
303 68 -1 1
302 68 -1 1
301 68 -1 1
300 68 -1 1
299 68 -1 1
298 68 -1 1
297 68 -1 1
296 68 -1 1
295 68 -1 1
294 68 -1 1
293 68 -1 1
292 68 -1 1
291 68 -1 1
290 68 -1 1
289 68 -1 1
288 68 -1 1
287 68 -1 1
286 68 -1 1
285 68 -1 1
284 68 -1 1
283 68 -1 1
282 68 -1 1
281 68 -1 1
280 68 -1 1
279 68 -1 1
278 68 -1 1
277 68 -1 1
276 68 -1 1
275 68 -1 1
307 67 -1 1
306 67 -1 1
305 67 -1 1
304 67 -1 1
303 67 -1 1
302 67 -1 1
301 67 -1 1
300 67 -1 1
299 67 -1 1
298 67 -1 1
297 67 -1 1
296 67 -1 1
295 67 -1 1
294 67 -1 1
293 67 -1 1
292 67 -1 1
291 67 -1 1
290 67 -1 1
289 67 -1 1
288 67 -1 1
287 67 -1 1
286 67 -1 1
285 67 -1 1
284 67 -1 1
283 67 -1 1
282 67 -1 1
281 67 -1 1
280 67 -1 1
279 67 -1 1
278 67 -1 1
277 67 -1 1
276 67 -1 1
275 67 -1 1
304 66 -1 1
303 66 -1 1
302 66 -1 1
301 66 -1 1
300 66 -1 1
299 66 -1 1
298 66 -1 1
297 66 -1 1
296 66 -1 1
295 66 -1 1
294 66 -1 1
293 66 -1 1
292 66 -1 1
291 66 -1 1
290 66 -1 1
289 66 -1 1
288 66 -1 1
287 66 -1 1
286 66 -1 1
285 66 -1 1
284 66 -1 1
283 66 -1 1
282 66 -1 1
281 66 -1 1
280 66 -1 1
279 66 -1 1
278 66 -1 1
277 66 -1 1
276 66 -1 1
275 66 -1 1
274 66 -1 1
300 65 -1 1
299 65 -1 1
298 65 -1 1
297 65 -1 1
296 65 -1 1
295 65 -1 1
294 65 -1 1
293 65 -1 1
292 65 -1 1
291 65 -1 1
290 65 -1 1
289 65 -1 1
288 65 -1 1
287 65 -1 1
286 65 -1 1
285 65 -1 1
284 65 -1 1
283 65 -1 1
282 65 -1 1
281 65 -1 1
280 65 -1 1
279 65 -1 1
278 65 -1 1
277 65 -1 1
276 65 -1 1
275 65 -1 1
297 64 -1 1
296 64 -1 1
295 64 -1 1
294 64 -1 1
293 64 -1 1
292 64 -1 1
291 64 -1 1
290 64 -1 1
289 64 -1 1
288 64 -1 1
287 64 -1 1
286 64 -1 1
285 64 -1 1
284 64 -1 1
283 64 -1 1
282 64 -1 1
281 64 -1 1
280 64 -1 1
279 64 -1 1
278 64 -1 1
277 64 -1 1
276 64 -1 1
275 64 -1 1
294 63 -1 1
293 63 -1 1
292 63 -1 1
291 63 -1 1
290 63 -1 1
289 63 -1 1
288 63 -1 1
287 63 -1 1
286 63 -1 1
285 63 -1 1
284 63 -1 1
283 63 -1 1
282 63 -1 1
281 63 -1 1
280 63 -1 1
279 63 -1 1
278 63 -1 1
277 63 -1 1
276 63 -1 1
275 63 -1 1
289 62 -1 1
288 62 -1 1
287 62 -1 1
286 62 -1 1
285 62 -1 1
284 62 -1 1
283 62 -1 1
282 62 -1 1
281 62 -1 1
280 62 -1 1
279 62 -1 1
278 62 -1 1
277 62 -1 1
276 62 -1 1
286 61 -1 1
285 61 -1 1
283 61 -1 1
281 61 -1 1
280 61 -1 1
279 61 -1 1
