2794 408 341
213 148 -1 0
212 148 -1 0
216 147 -1 0
215 147 -1 0
214 147 -1 0
213 147 -1 0
212 147 -1 0
211 147 -1 0
210 147 -1 0
209 147 -1 0
217 146 -1 0
216 146 -1 0
215 146 -1 0
214 146 -1 0
213 146 -1 0
212 146 -1 0
211 146 -1 0
210 146 -1 0
209 146 -1 0
208 146 -1 0
217 145 -1 0
216 145 -1 0
215 145 -1 0
214 145 -1 0
213 145 -1 0
212 145 -1 0
211 145 -1 0
210 145 -1 0
209 145 -1 0
208 145 -1 0
217 144 -1 0
216 144 -1 0
215 144 -1 0
214 144 -1 0
213 144 -1 0
212 144 -1 0
211 144 -1 0
210 144 -1 0
209 144 -1 0
208 144 -1 0
218 143 -1 0
217 143 -1 0
216 143 -1 0
215 143 -1 0
214 143 -1 0
213 143 -1 0
212 143 -1 0
211 143 -1 0
210 143 -1 0
209 143 -1 0
208 143 -1 0
207 143 -1 0
217 142 -1 0
216 142 -1 0
215 142 -1 0
214 142 -1 0
213 142 -1 0
212 142 -1 0
211 142 -1 0
210 142 -1 0
209 142 -1 0
208 142 -1 0
207 142 -1 0
206 142 -1 0
217 141 -1 0
216 141 -1 0
215 141 -1 0
214 141 -1 0
213 141 -1 0
212 141 -1 0
211 141 -1 0
210 141 -1 0
209 141 -1 0
208 141 -1 0
207 141 -1 0
206 141 -1 0
205 141 -1 0
217 140 -1 0
216 140 -1 0
215 140 -1 0
214 140 -1 0
213 140 -1 0
212 140 -1 0
211 140 -1 0
210 140 -1 0
209 140 -1 0
208 140 -1 0
207 140 -1 0
206 140 -1 0
205 140 -1 0
204 140 -1 0
216 139 -1 0
215 139 -1 0
214 139 -1 0
213 139 -1 0
212 139 -1 0
211 139 -1 0
210 139 -1 0
209 139 -1 0
208 139 -1 0
207 139 -1 0
206 139 -1 0
205 139 -1 0
204 139 -1 0
215 138 -1 0
214 138 -1 0
213 138 -1 0
212 138 -1 0
211 138 -1 0
210 138 -1 0
209 138 -1 0
208 138 -1 0
207 138 -1 0
206 138 -1 0
205 138 -1 0
204 138 -1 0
203 138 -1 0
215 137 -1 0
214 137 -1 0
213 137 -1 0
212 137 -1 0
211 137 -1 0
210 137 -1 0
209 137 -1 0
208 137 -1 0
207 137 -1 0
206 137 -1 0
205 137 -1 0
204 137 -1 0
203 137 -1 0
202 137 -1 0
214 136 -1 0
213 136 -1 0
212 136 -1 0
211 136 -1 0
210 136 -1 0
209 136 -1 0
208 136 -1 0
207 136 -1 0
206 136 -1 0
205 136 -1 0
204 136 -1 0
203 136 -1 0
202 136 -1 0
214 135 -1 0
213 135 -1 0
212 135 -1 0
211 135 -1 0
210 135 -1 0
209 135 -1 0
208 135 -1 0
207 135 -1 0
206 135 -1 0
205 135 -1 0
204 135 -1 0
203 135 -1 0
202 135 -1 0
213 134 -1 0
212 134 -1 0
211 134 -1 0
210 134 -1 0
209 134 -1 0
208 134 -1 0
207 134 -1 0
206 134 -1 0
205 134 -1 0
204 134 -1 0
203 134 -1 0
202 134 -1 0
201 134 -1 0
211 133 -1 0
210 133 -1 0
209 133 -1 0
208 133 -1 0
207 133 -1 0
206 133 -1 0
205 133 -1 0
204 133 -1 0
203 133 -1 0
202 133 -1 0
201 133 -1 0
211 132 -1 0
210 132 -1 0
209 132 -1 0
208 132 -1 0
207 132 -1 0
206 132 -1 0
205 132 -1 0
204 132 -1 0
203 132 -1 0
202 132 -1 0
201 132 -1 0
200 132 -1 0
210 131 -1 0
209 131 -1 0
208 131 -1 0
207 131 -1 0
206 131 -1 0
205 131 -1 0
204 131 -1 0
203 131 -1 0
202 131 -1 0
201 131 -1 0
200 131 -1 0
210 130 -1 0
209 130 -1 0
208 130 -1 0
207 130 -1 0
206 130 -1 0
205 130 -1 0
204 130 -1 0
203 130 -1 0
202 130 -1 0
201 130 -1 0
200 130 -1 0
210 129 -1 0
209 129 -1 0
208 129 -1 0
207 129 -1 0
206 129 -1 0
205 129 -1 0
204 129 -1 0
203 129 -1 0
202 129 -1 0
201 129 -1 0
200 129 -1 0
199 129 -1 0
209 128 -1 0
208 128 -1 0
207 128 -1 0
206 128 -1 0
205 128 -1 0
204 128 -1 0
203 128 -1 0
202 128 -1 0
201 128 -1 0
200 128 -1 0
199 128 -1 0
209 127 -1 0
208 127 -1 0
207 127 -1 0
206 127 -1 0
205 127 -1 0
204 127 -1 0
203 127 -1 0
202 127 -1 0
201 127 -1 0
200 127 -1 0
199 127 -1 0
208 126 -1 0
207 126 -1 0
206 126 -1 0
205 126 -1 0
204 126 -1 0
203 126 -1 0
202 126 -1 0
201 126 -1 0
200 126 -1 0
199 126 -1 0
208 125 -1 0
207 125 -1 0
206 125 -1 0
205 125 -1 0
204 125 -1 0
203 125 -1 0
202 125 -1 0
201 125 -1 0
200 125 -1 0
199 125 -1 0
198 125 -1 0
207 124 -1 0
206 124 -1 0
205 124 -1 0
204 124 -1 0
203 124 -1 0
202 124 -1 0
201 124 -1 0
200 124 -1 0
199 124 -1 0
208 123 -1 0
207 123 -1 0
206 123 -1 0
205 123 -1 0
204 123 -1 0
203 123 -1 0
202 123 -1 0
201 123 -1 0
200 123 -1 0
199 123 -1 0
198 123 -1 0
207 122 -1 0
206 122 -1 0
205 122 -1 0
204 122 -1 0
203 122 -1 0
202 122 -1 0
201 122 -1 0
200 122 -1 0
199 122 -1 0
307 121 -1 0
208 121 -1 0
207 121 -1 0
206 121 -1 0
205 121 -1 0
204 121 -1 0
203 121 -1 0
202 121 -1 0
201 121 -1 0
200 121 -1 0
199 121 -1 0
198 121 -1 0
310 120 -1 0
309 120 -1 0
308 120 -1 0
307 120 -1 0
306 120 -1 0
305 120 -1 0
304 120 -1 0
207 120 -1 0
206 120 -1 0
205 120 -1 0
204 120 -1 0
203 120 -1 0
202 120 -1 0
201 120 -1 0
200 120 -1 0
199 120 -1 0
311 119 -1 0
310 119 -1 0
309 119 -1 0
308 119 -1 0
307 119 -1 0
306 119 -1 0
305 119 -1 0
304 119 -1 0
303 119 -1 0
207 119 -1 0
206 119 -1 0
205 119 -1 0
204 119 -1 0
203 119 -1 0
202 119 -1 0
201 119 -1 0
200 119 -1 0
199 119 -1 0
313 118 -1 0
312 118 -1 0
311 118 -1 0
310 118 -1 0
309 118 -1 0
308 118 -1 0
307 118 -1 0
306 118 -1 0
305 118 -1 0
304 118 -1 0
303 118 -1 0
207 118 -1 0
206 118 -1 0
205 118 -1 0
204 118 -1 0
203 118 -1 0
202 118 -1 0
201 118 -1 0
200 118 -1 0
199 118 -1 0
314 117 -1 0
313 117 -1 0
312 117 -1 0
311 117 -1 0
310 117 -1 0
309 117 -1 0
308 117 -1 0
307 117 -1 0
306 117 -1 0
305 117 -1 0
304 117 -1 0
303 117 -1 0
207 117 -1 0
206 117 -1 0
205 117 -1 0
204 117 -1 0
203 117 -1 0
202 117 -1 0
201 117 -1 0
200 117 -1 0
199 117 -1 0
316 116 -1 0
315 116 -1 0
314 116 -1 0
313 116 -1 0
312 116 -1 0
311 116 -1 0
310 116 -1 0
309 116 -1 0
308 116 -1 0
307 116 -1 0
306 116 -1 0
305 116 -1 0
304 116 -1 0
303 116 -1 0
302 116 -1 0
207 116 -1 0
206 116 -1 0
205 116 -1 0
204 116 -1 0
203 116 -1 0
202 116 -1 0
201 116 -1 0
200 116 -1 0
199 116 -1 0
318 115 -1 0
317 115 -1 0
316 115 -1 0
315 115 -1 0
314 115 -1 0
313 115 -1 0
312 115 -1 0
311 115 -1 0
310 115 -1 0
309 115 -1 0
308 115 -1 0
307 115 -1 0
306 115 -1 0
305 115 -1 0
304 115 -1 0
303 115 -1 0
208 115 -1 0
207 115 -1 0
206 115 -1 0
205 115 -1 0
204 115 -1 0
203 115 -1 0
202 115 -1 0
201 115 -1 0
200 115 -1 0
199 115 -1 0
198 115 -1 0
321 114 -1 0
320 114 -1 0
319 114 -1 0
318 114 -1 0
317 114 -1 0
316 114 -1 0
315 114 -1 0
314 114 -1 0
313 114 -1 0
312 114 -1 0
311 114 -1 0
310 114 -1 0
309 114 -1 0
308 114 -1 0
307 114 -1 0
306 114 -1 0
305 114 -1 0
304 114 -1 0
303 114 -1 0
207 114 -1 0
206 114 -1 0
205 114 -1 0
204 114 -1 0
203 114 -1 0
202 114 -1 0
201 114 -1 0
200 114 -1 0
199 114 -1 0
322 113 -1 0
321 113 -1 0
320 113 -1 0
319 113 -1 0
318 113 -1 0
317 113 -1 0
316 113 -1 0
315 113 -1 0
314 113 -1 0
313 113 -1 0
312 113 -1 0
311 113 -1 0
310 113 -1 0
309 113 -1 0
308 113 -1 0
307 113 -1 0
306 113 -1 0
305 113 -1 0
304 113 -1 0
303 113 -1 0
207 113 -1 0
206 113 -1 0
205 113 -1 0
204 113 -1 0
203 113 -1 0
202 113 -1 0
201 113 -1 0
200 113 -1 0
199 113 -1 0
323 112 -1 0
322 112 -1 0
321 112 -1 0
320 112 -1 0
319 112 -1 0
318 112 -1 0
317 112 -1 0
316 112 -1 0
315 112 -1 0
314 112 -1 0
313 112 -1 0
312 112 -1 0
311 112 -1 0
310 112 -1 0
309 112 -1 0
308 112 -1 0
307 112 -1 0
306 112 -1 0
305 112 -1 0
304 112 -1 0
207 112 -1 0
206 112 -1 0
205 112 -1 0
204 112 -1 0
203 112 -1 0
202 112 -1 0
201 112 -1 0
200 112 -1 0
199 112 -1 0
324 111 -1 0
323 111 -1 0
322 111 -1 0
321 111 -1 0
320 111 -1 0
319 111 -1 0
318 111 -1 0
317 111 -1 0
316 111 -1 0
315 111 -1 0
314 111 -1 0
313 111 -1 0
312 111 -1 0
311 111 -1 0
310 111 -1 0
309 111 -1 0
308 111 -1 0
307 111 -1 0
306 111 -1 0
305 111 -1 0
207 111 -1 0
206 111 -1 0
205 111 -1 0
204 111 -1 0
203 111 -1 0
202 111 -1 0
201 111 -1 0
200 111 -1 0
199 111 -1 0
325 110 -1 0
324 110 -1 0
323 110 -1 0
322 110 -1 0
321 110 -1 0
320 110 -1 0
319 110 -1 0
318 110 -1 0
317 110 -1 0
316 110 -1 0
315 110 -1 0
314 110 -1 0
313 110 -1 0
312 110 -1 0
311 110 -1 0
310 110 -1 0
309 110 -1 0
308 110 -1 0
307 110 -1 0
208 110 -1 0
207 110 -1 0
206 110 -1 0
205 110 -1 0
204 110 -1 0
203 110 -1 0
202 110 -1 0
201 110 -1 0
200 110 -1 0
199 110 -1 0
198 110 -1 0
326 109 -1 0
325 109 -1 0
324 109 -1 0
323 109 -1 0
322 109 -1 0
321 109 -1 0
320 109 -1 0
319 109 -1 0
318 109 -1 0
317 109 -1 0
316 109 -1 0
315 109 -1 0
314 109 -1 0
313 109 -1 0
312 109 -1 0
311 109 -1 0
310 109 -1 0
309 109 -1 0
207 109 -1 0
206 109 -1 0
205 109 -1 0
204 109 -1 0
203 109 -1 0
202 109 -1 0
201 109 -1 0
200 109 -1 0
199 109 -1 0
327 108 -1 0
326 108 -1 0
325 108 -1 0
324 108 -1 0
323 108 -1 0
322 108 -1 0
321 108 -1 0
320 108 -1 0
319 108 -1 0
318 108 -1 0
317 108 -1 0
316 108 -1 0
315 108 -1 0
314 108 -1 0
313 108 -1 0
312 108 -1 0
311 108 -1 0
310 108 -1 0
207 108 -1 0
206 108 -1 0
205 108 -1 0
204 108 -1 0
203 108 -1 0
202 108 -1 0
201 108 -1 0
200 108 -1 0
199 108 -1 0
330 107 -1 0
329 107 -1 0
328 107 -1 0
327 107 -1 0
326 107 -1 0
325 107 -1 0
324 107 -1 0
323 107 -1 0
322 107 -1 0
321 107 -1 0
320 107 -1 0
319 107 -1 0
318 107 -1 0
317 107 -1 0
316 107 -1 0
315 107 -1 0
314 107 -1 0
313 107 -1 0
312 107 -1 0
207 107 -1 0
206 107 -1 0
205 107 -1 0
204 107 -1 0
203 107 -1 0
202 107 -1 0
201 107 -1 0
200 107 -1 0
199 107 -1 0
334 106 -1 0
333 106 -1 0
332 106 -1 0
331 106 -1 0
330 106 -1 0
329 106 -1 0
328 106 -1 0
327 106 -1 0
326 106 -1 0
325 106 -1 0
324 106 -1 0
323 106 -1 0
322 106 -1 0
321 106 -1 0
320 106 -1 0
319 106 -1 0
318 106 -1 0
317 106 -1 0
316 106 -1 0
315 106 -1 0
314 106 -1 0
313 106 -1 0
207 106 -1 0
206 106 -1 0
205 106 -1 0
204 106 -1 0
203 106 -1 0
202 106 -1 0
201 106 -1 0
200 106 -1 0
199 106 -1 0
337 105 -1 0
336 105 -1 0
335 105 -1 0
334 105 -1 0
333 105 -1 0
332 105 -1 0
331 105 -1 0
330 105 -1 0
329 105 -1 0
328 105 -1 0
327 105 -1 0
326 105 -1 0
325 105 -1 0
324 105 -1 0
323 105 -1 0
322 105 -1 0
321 105 -1 0
320 105 -1 0
319 105 -1 0
318 105 -1 0
317 105 -1 0
316 105 -1 0
207 105 -1 0
206 105 -1 0
205 105 -1 0
204 105 -1 0
203 105 -1 0
202 105 -1 0
201 105 -1 0
200 105 -1 0
199 105 -1 0
338 104 -1 0
337 104 -1 0
336 104 -1 0
335 104 -1 0
334 104 -1 0
333 104 -1 0
332 104 -1 0
331 104 -1 0
330 104 -1 0
329 104 -1 0
328 104 -1 0
327 104 -1 0
326 104 -1 0
325 104 -1 0
324 104 -1 0
323 104 -1 0
322 104 -1 0
321 104 -1 0
320 104 -1 0
319 104 -1 0
318 104 -1 0
317 104 -1 0
207 104 -1 0
206 104 -1 0
205 104 -1 0
204 104 -1 0
203 104 -1 0
202 104 -1 0
201 104 -1 0
200 104 -1 0
199 104 -1 0
338 103 -1 0
337 103 -1 0
336 103 -1 0
335 103 -1 0
334 103 -1 0
333 103 -1 0
332 103 -1 0
331 103 -1 0
330 103 -1 0
329 103 -1 0
328 103 -1 0
327 103 -1 0
326 103 -1 0
325 103 -1 0
324 103 -1 0
323 103 -1 0
322 103 -1 0
321 103 -1 0
320 103 -1 0
319 103 -1 0
318 103 -1 0
208 103 -1 0
207 103 -1 0
206 103 -1 0
205 103 -1 0
204 103 -1 0
203 103 -1 0
202 103 -1 0
201 103 -1 0
200 103 -1 0
199 103 -1 0
198 103 -1 0
341 102 -1 0
338 102 -1 0
337 102 -1 0
336 102 -1 0
335 102 -1 0
334 102 -1 0
333 102 -1 0
332 102 -1 0
331 102 -1 0
330 102 -1 0
329 102 -1 0
328 102 -1 0
327 102 -1 0
326 102 -1 0
325 102 -1 0
324 102 -1 0
323 102 -1 0
322 102 -1 0
321 102 -1 0
320 102 -1 0
319 102 -1 0
207 102 -1 0
206 102 -1 0
205 102 -1 0
204 102 -1 0
203 102 -1 0
202 102 -1 0
201 102 -1 0
200 102 -1 0
199 102 -1 0
344 101 -1 0
343 101 -1 0
342 101 -1 0
341 101 -1 0
340 101 -1 0
339 101 -1 0
338 101 -1 0
337 101 -1 0
336 101 -1 0
335 101 -1 0
334 101 -1 0
333 101 -1 0
332 101 -1 0
331 101 -1 0
330 101 -1 0
329 101 -1 0
328 101 -1 0
327 101 -1 0
326 101 -1 0
325 101 -1 0
324 101 -1 0
323 101 -1 0
322 101 -1 0
321 101 -1 0
320 101 -1 0
207 101 -1 0
206 101 -1 0
205 101 -1 0
204 101 -1 0
203 101 -1 0
202 101 -1 0
201 101 -1 0
200 101 -1 0
199 101 -1 0
345 100 -1 0
344 100 -1 0
343 100 -1 0
342 100 -1 0
341 100 -1 0
340 100 -1 0
339 100 -1 0
338 100 -1 0
337 100 -1 0
336 100 -1 0
335 100 -1 0
334 100 -1 0
333 100 -1 0
332 100 -1 0
331 100 -1 0
330 100 -1 0
329 100 -1 0
328 100 -1 0
327 100 -1 0
326 100 -1 0
325 100 -1 0
324 100 -1 0
323 100 -1 0
322 100 -1 0
321 100 -1 0
207 100 -1 0
206 100 -1 0
205 100 -1 0
204 100 -1 0
203 100 -1 0
202 100 -1 0
201 100 -1 0
200 100 -1 0
199 100 -1 0
348 99 -1 0
347 99 -1 0
346 99 -1 0
345 99 -1 0
344 99 -1 0
343 99 -1 0
342 99 -1 0
341 99 -1 0
340 99 -1 0
339 99 -1 0
338 99 -1 0
337 99 -1 0
336 99 -1 0
335 99 -1 0
334 99 -1 0
333 99 -1 0
332 99 -1 0
331 99 -1 0
330 99 -1 0
329 99 -1 0
328 99 -1 0
327 99 -1 0
326 99 -1 0
325 99 -1 0
324 99 -1 0
323 99 -1 0
206 99 -1 0
205 99 -1 0
204 99 -1 0
203 99 -1 0
202 99 -1 0
201 99 -1 0
200 99 -1 0
199 99 -1 0
350 98 -1 0
349 98 -1 0
348 98 -1 0
347 98 -1 0
346 98 -1 0
345 98 -1 0
344 98 -1 0
343 98 -1 0
342 98 -1 0
341 98 -1 0
340 98 -1 0
339 98 -1 0
338 98 -1 0
337 98 -1 0
336 98 -1 0
335 98 -1 0
334 98 -1 0
333 98 -1 0
332 98 -1 0
331 98 -1 0
330 98 -1 0
329 98 -1 0
328 98 -1 0
327 98 -1 0
326 98 -1 0
206 98 -1 0
205 98 -1 0
204 98 -1 0
203 98 -1 0
202 98 -1 0
201 98 -1 0
200 98 -1 0
199 98 -1 0
198 98 -1 0
353 97 -1 0
351 97 -1 0
350 97 -1 0
349 97 -1 0
348 97 -1 0
347 97 -1 0
346 97 -1 0
345 97 -1 0
344 97 -1 0
343 97 -1 0
342 97 -1 0
341 97 -1 0
340 97 -1 0
339 97 -1 0
338 97 -1 0
337 97 -1 0
336 97 -1 0
335 97 -1 0
334 97 -1 0
333 97 -1 0
332 97 -1 0
331 97 -1 0
330 97 -1 0
206 97 -1 0
205 97 -1 0
204 97 -1 0
203 97 -1 0
202 97 -1 0
201 97 -1 0
200 97 -1 0
199 97 -1 0
198 97 -1 0
356 96 -1 0
355 96 -1 0
354 96 -1 0
353 96 -1 0
352 96 -1 0
351 96 -1 0
350 96 -1 0
349 96 -1 0
348 96 -1 0
347 96 -1 0
346 96 -1 0
345 96 -1 0
344 96 -1 0
343 96 -1 0
342 96 -1 0
341 96 -1 0
340 96 -1 0
339 96 -1 0
338 96 -1 0
337 96 -1 0
334 96 -1 0
206 96 -1 0
205 96 -1 0
204 96 -1 0
203 96 -1 0
202 96 -1 0
201 96 -1 0
200 96 -1 0
199 96 -1 0
198 96 -1 0
357 95 -1 0
356 95 -1 0
355 95 -1 0
354 95 -1 0
353 95 -1 0
352 95 -1 0
351 95 -1 0
350 95 -1 0
349 95 -1 0
348 95 -1 0
347 95 -1 0
346 95 -1 0
345 95 -1 0
344 95 -1 0
343 95 -1 0
342 95 -1 0
341 95 -1 0
340 95 -1 0
339 95 -1 0
338 95 -1 0
337 95 -1 0
207 95 -1 0
206 95 -1 0
205 95 -1 0
204 95 -1 0
203 95 -1 0
202 95 -1 0
201 95 -1 0
200 95 -1 0
199 95 -1 0
198 95 -1 0
197 95 -1 0
360 94 -1 0
359 94 -1 0
358 94 -1 0
357 94 -1 0
356 94 -1 0
355 94 -1 0
354 94 -1 0
353 94 -1 0
352 94 -1 0
351 94 -1 0
350 94 -1 0
349 94 -1 0
348 94 -1 0
347 94 -1 0
346 94 -1 0
345 94 -1 0
344 94 -1 0
343 94 -1 0
342 94 -1 0
341 94 -1 0
340 94 -1 0
339 94 -1 0
338 94 -1 0
337 94 -1 0
207 94 -1 0
206 94 -1 0
205 94 -1 0
204 94 -1 0
203 94 -1 0
202 94 -1 0
201 94 -1 0
200 94 -1 0
199 94 -1 0
198 94 -1 0
361 93 -1 0
360 93 -1 0
359 93 -1 0
358 93 -1 0
357 93 -1 0
356 93 -1 0
355 93 -1 0
354 93 -1 0
353 93 -1 0
352 93 -1 0
351 93 -1 0
350 93 -1 0
349 93 -1 0
348 93 -1 0
347 93 -1 0
346 93 -1 0
345 93 -1 0
344 93 -1 0
343 93 -1 0
342 93 -1 0
341 93 -1 0
340 93 -1 0
339 93 -1 0
338 93 -1 0
207 93 -1 0
206 93 -1 0
205 93 -1 0
204 93 -1 0
203 93 -1 0
202 93 -1 0
201 93 -1 0
200 93 -1 0
199 93 -1 0
198 93 -1 0
362 92 -1 0
361 92 -1 0
360 92 -1 0
359 92 -1 0
358 92 -1 0
357 92 -1 0
356 92 -1 0
355 92 -1 0
354 92 -1 0
353 92 -1 0
352 92 -1 0
351 92 -1 0
350 92 -1 0
349 92 -1 0
348 92 -1 0
347 92 -1 0
346 92 -1 0
345 92 -1 0
344 92 -1 0
343 92 -1 0
342 92 -1 0
341 92 -1 0
208 92 -1 0
207 92 -1 0
206 92 -1 0
205 92 -1 0
204 92 -1 0
203 92 -1 0
202 92 -1 0
201 92 -1 0
200 92 -1 0
199 92 -1 0
198 92 -1 0
364 91 -1 0
363 91 -1 0
362 91 -1 0
361 91 -1 0
360 91 -1 0
359 91 -1 0
358 91 -1 0
357 91 -1 0
356 91 -1 0
355 91 -1 0
354 91 -1 0
353 91 -1 0
352 91 -1 0
351 91 -1 0
350 91 -1 0
349 91 -1 0
348 91 -1 0
347 91 -1 0
346 91 -1 0
345 91 -1 0
344 91 -1 0
343 91 -1 0
342 91 -1 0
207 91 -1 0
206 91 -1 0
205 91 -1 0
204 91 -1 0
203 91 -1 0
202 91 -1 0
201 91 -1 0
200 91 -1 0
199 91 -1 0
365 90 -1 0
364 90 -1 0
363 90 -1 0
362 90 -1 0
361 90 -1 0
360 90 -1 0
359 90 -1 0
358 90 -1 0
357 90 -1 0
356 90 -1 0
355 90 -1 0
354 90 -1 0
353 90 -1 0
352 90 -1 0
351 90 -1 0
350 90 -1 0
349 90 -1 0
348 90 -1 0
347 90 -1 0
346 90 -1 0
345 90 -1 0
344 90 -1 0
207 90 -1 0
206 90 -1 0
205 90 -1 0
204 90 -1 0
203 90 -1 0
202 90 -1 0
201 90 -1 0
200 90 -1 0
199 90 -1 0
366 89 -1 0
365 89 -1 0
364 89 -1 0
363 89 -1 0
362 89 -1 0
361 89 -1 0
360 89 -1 0
359 89 -1 0
358 89 -1 0
357 89 -1 0
356 89 -1 0
355 89 -1 0
354 89 -1 0
353 89 -1 0
352 89 -1 0
351 89 -1 0
350 89 -1 0
349 89 -1 0
347 89 -1 0
207 89 -1 0
206 89 -1 0
205 89 -1 0
204 89 -1 0
203 89 -1 0
202 89 -1 0
201 89 -1 0
200 89 -1 0
199 89 -1 0
367 88 -1 0
366 88 -1 0
365 88 -1 0
364 88 -1 0
363 88 -1 0
362 88 -1 0
361 88 -1 0
360 88 -1 0
359 88 -1 0
358 88 -1 0
357 88 -1 0
356 88 -1 0
355 88 -1 0
354 88 -1 0
353 88 -1 0
352 88 -1 0
351 88 -1 0
350 88 -1 0
207 88 -1 0
206 88 -1 0
205 88 -1 0
204 88 -1 0
203 88 -1 0
202 88 -1 0
201 88 -1 0
200 88 -1 0
199 88 -1 0
368 87 -1 0
367 87 -1 0
366 87 -1 0
365 87 -1 0
364 87 -1 0
363 87 -1 0
362 87 -1 0
361 87 -1 0
360 87 -1 0
359 87 -1 0
358 87 -1 0
357 87 -1 0
356 87 -1 0
355 87 -1 0
354 87 -1 0
353 87 -1 0
207 87 -1 0
206 87 -1 0
205 87 -1 0
204 87 -1 0
203 87 -1 0
202 87 -1 0
201 87 -1 0
200 87 -1 0
199 87 -1 0
369 86 -1 0
368 86 -1 0
367 86 -1 0
366 86 -1 0
365 86 -1 0
364 86 -1 0
363 86 -1 0
362 86 -1 0
361 86 -1 0
360 86 -1 0
359 86 -1 0
358 86 -1 0
357 86 -1 0
356 86 -1 0
355 86 -1 0
354 86 -1 0
207 86 -1 0
206 86 -1 0
205 86 -1 0
204 86 -1 0
203 86 -1 0
202 86 -1 0
201 86 -1 0
200 86 -1 0
199 86 -1 0
371 85 -1 0
370 85 -1 0
369 85 -1 0
368 85 -1 0
367 85 -1 0
366 85 -1 0
365 85 -1 0
364 85 -1 0
363 85 -1 0
362 85 -1 0
361 85 -1 0
360 85 -1 0
359 85 -1 0
358 85 -1 0
357 85 -1 0
356 85 -1 0
355 85 -1 0
208 85 -1 0
207 85 -1 0
206 85 -1 0
205 85 -1 0
204 85 -1 0
203 85 -1 0
202 85 -1 0
201 85 -1 0
200 85 -1 0
199 85 -1 0
198 85 -1 0
372 84 -1 0
371 84 -1 0
370 84 -1 0
369 84 -1 0
368 84 -1 0
367 84 -1 0
366 84 -1 0
365 84 -1 0
364 84 -1 0
363 84 -1 0
362 84 -1 0
361 84 -1 0
360 84 -1 0
359 84 -1 0
358 84 -1 0
357 84 -1 0
356 84 -1 0
207 84 -1 0
206 84 -1 0
205 84 -1 0
204 84 -1 0
203 84 -1 0
202 84 -1 0
201 84 -1 0
200 84 -1 0
199 84 -1 0
374 83 -1 0
373 83 -1 0
372 83 -1 0
371 83 -1 0
370 83 -1 0
369 83 -1 0
368 83 -1 0
367 83 -1 0
366 83 -1 0
365 83 -1 0
364 83 -1 0
363 83 -1 0
362 83 -1 0
361 83 -1 0
360 83 -1 0
359 83 -1 0
358 83 -1 0
207 83 -1 0
206 83 -1 0
205 83 -1 0
204 83 -1 0
203 83 -1 0
202 83 -1 0
201 83 -1 0
200 83 -1 0
199 83 -1 0
375 82 -1 0
374 82 -1 0
373 82 -1 0
372 82 -1 0
371 82 -1 0
370 82 -1 0
369 82 -1 0
368 82 -1 0
367 82 -1 0
366 82 -1 0
365 82 -1 0
364 82 -1 0
363 82 -1 0
362 82 -1 0
361 82 -1 0
360 82 -1 0
359 82 -1 0
207 82 -1 0
206 82 -1 0
205 82 -1 0
204 82 -1 0
203 82 -1 0
202 82 -1 0
201 82 -1 0
200 82 -1 0
199 82 -1 0
375 81 -1 0
374 81 -1 0
373 81 -1 0
372 81 -1 0
371 81 -1 0
370 81 -1 0
369 81 -1 0
368 81 -1 0
367 81 -1 0
366 81 -1 0
365 81 -1 0
364 81 -1 0
363 81 -1 0
362 81 -1 0
361 81 -1 0
360 81 -1 0
206 81 -1 0
205 81 -1 0
204 81 -1 0
203 81 -1 0
202 81 -1 0
201 81 -1 0
200 81 -1 0
379 80 -1 0
375 80 -1 0
374 80 -1 0
373 80 -1 0
372 80 -1 0
371 80 -1 0
370 80 -1 0
369 80 -1 0
368 80 -1 0
367 80 -1 0
366 80 -1 0
365 80 -1 0
364 80 -1 0
363 80 -1 0
362 80 -1 0
361 80 -1 0
207 80 -1 0
206 80 -1 0
205 80 -1 0
204 80 -1 0
203 80 -1 0
202 80 -1 0
201 80 -1 0
200 80 -1 0
199 80 -1 0
382 79 -1 0
381 79 -1 0
380 79 -1 0
379 79 -1 0
378 79 -1 0
377 79 -1 0
376 79 -1 0
375 79 -1 0
374 79 -1 0
373 79 -1 0
372 79 -1 0
371 79 -1 0
370 79 -1 0
369 79 -1 0
368 79 -1 0
367 79 -1 0
366 79 -1 0
365 79 -1 0
364 79 -1 0
363 79 -1 0
362 79 -1 0
207 79 -1 0
206 79 -1 0
205 79 -1 0
204 79 -1 0
203 79 -1 0
202 79 -1 0
201 79 -1 0
200 79 -1 0
199 79 -1 0
383 78 -1 0
382 78 -1 0
381 78 -1 0
380 78 -1 0
379 78 -1 0
378 78 -1 0
377 78 -1 0
376 78 -1 0
375 78 -1 0
374 78 -1 0
373 78 -1 0
372 78 -1 0
371 78 -1 0
370 78 -1 0
369 78 -1 0
368 78 -1 0
367 78 -1 0
366 78 -1 0
365 78 -1 0
364 78 -1 0
363 78 -1 0
207 78 -1 0
206 78 -1 0
205 78 -1 0
204 78 -1 0
203 78 -1 0
202 78 -1 0
201 78 -1 0
200 78 -1 0
199 78 -1 0
383 77 -1 0
382 77 -1 0
381 77 -1 0
380 77 -1 0
379 77 -1 0
378 77 -1 0
377 77 -1 0
376 77 -1 0
375 77 -1 0
374 77 -1 0
373 77 -1 0
372 77 -1 0
371 77 -1 0
370 77 -1 0
369 77 -1 0
368 77 -1 0
367 77 -1 0
366 77 -1 0
365 77 -1 0
208 77 -1 0
207 77 -1 0
206 77 -1 0
205 77 -1 0
204 77 -1 0
203 77 -1 0
202 77 -1 0
201 77 -1 0
200 77 -1 0
199 77 -1 0
198 77 -1 0
386 76 -1 0
385 76 -1 0
384 76 -1 0
383 76 -1 0
382 76 -1 0
381 76 -1 0
380 76 -1 0
379 76 -1 0
378 76 -1 0
377 76 -1 0
376 76 -1 0
375 76 -1 0
374 76 -1 0
373 76 -1 0
372 76 -1 0
371 76 -1 0
370 76 -1 0
369 76 -1 0
368 76 -1 0
367 76 -1 0
207 76 -1 0
206 76 -1 0
205 76 -1 0
204 76 -1 0
203 76 -1 0
202 76 -1 0
201 76 -1 0
200 76 -1 0
199 76 -1 0
387 75 -1 0
386 75 -1 0
385 75 -1 0
384 75 -1 0
383 75 -1 0
382 75 -1 0
381 75 -1 0
380 75 -1 0
379 75 -1 0
378 75 -1 0
377 75 -1 0
376 75 -1 0
375 75 -1 0
374 75 -1 0
373 75 -1 0
372 75 -1 0
371 75 -1 0
370 75 -1 0
369 75 -1 0
368 75 -1 0
207 75 -1 0
206 75 -1 0
205 75 -1 0
204 75 -1 0
203 75 -1 0
202 75 -1 0
201 75 -1 0
200 75 -1 0
199 75 -1 0
389 74 -1 0
388 74 -1 0
387 74 -1 0
386 74 -1 0
385 74 -1 0
384 74 -1 0
383 74 -1 0
382 74 -1 0
381 74 -1 0
380 74 -1 0
379 74 -1 0
378 74 -1 0
377 74 -1 0
376 74 -1 0
375 74 -1 0
371 74 -1 0
207 74 -1 0
206 74 -1 0
205 74 -1 0
204 74 -1 0
203 74 -1 0
202 74 -1 0
201 74 -1 0
200 74 -1 0
199 74 -1 0
390 73 -1 0
389 73 -1 0
388 73 -1 0
387 73 -1 0
386 73 -1 0
385 73 -1 0
384 73 -1 0
383 73 -1 0
382 73 -1 0
381 73 -1 0
380 73 -1 0
379 73 -1 0
378 73 -1 0
377 73 -1 0
376 73 -1 0
375 73 -1 0
206 73 -1 0
205 73 -1 0
204 73 -1 0
203 73 -1 0
202 73 -1 0
201 73 -1 0
200 73 -1 0
390 72 -1 0
389 72 -1 0
388 72 -1 0
387 72 -1 0
386 72 -1 0
385 72 -1 0
384 72 -1 0
383 72 -1 0
382 72 -1 0
381 72 -1 0
380 72 -1 0
379 72 -1 0
378 72 -1 0
377 72 -1 0
376 72 -1 0
375 72 -1 0
297 72 -1 1
206 72 -1 0
205 72 -1 0
204 72 -1 0
203 72 -1 0
202 72 -1 0
201 72 -1 0
200 72 -1 0
393 71 -1 0
392 71 -1 0
391 71 -1 0
390 71 -1 0
389 71 -1 0
388 71 -1 0
387 71 -1 0
386 71 -1 0
385 71 -1 0
384 71 -1 0
383 71 -1 0
382 71 -1 0
381 71 -1 0
380 71 -1 0
379 71 -1 0
378 71 -1 0
377 71 -1 0
376 71 -1 0
300 71 -1 1
299 71 -1 1
298 71 -1 1
297 71 -1 1
296 71 -1 1
295 71 -1 1
294 71 -1 1
207 71 -1 0
206 71 -1 0
205 71 -1 0
204 71 -1 0
203 71 -1 0
202 71 -1 0
201 71 -1 0
200 71 -1 0
199 71 -1 0
394 70 -1 0
393 70 -1 0
392 70 -1 0
391 70 -1 0
390 70 -1 0
389 70 -1 0
388 70 -1 0
387 70 -1 0
386 70 -1 0
385 70 -1 0
384 70 -1 0
383 70 -1 0
382 70 -1 0
381 70 -1 0
380 70 -1 0
379 70 -1 0
301 70 -1 1
300 70 -1 1
299 70 -1 1
298 70 -1 1
297 70 -1 1
296 70 -1 1
295 70 -1 1
294 70 -1 1
293 70 -1 1
207 70 -1 0
206 70 -1 0
205 70 -1 0
204 70 -1 0
203 70 -1 0
202 70 -1 0
201 70 -1 0
200 70 -1 0
199 70 -1 0
395 69 -1 0
394 69 -1 0
393 69 -1 0
392 69 -1 0
391 69 -1 0
390 69 -1 0
389 69 -1 0
388 69 -1 0
387 69 -1 0
386 69 -1 0
385 69 -1 0
384 69 -1 0
383 69 -1 0
382 69 -1 0
381 69 -1 0
380 69 -1 0
379 69 -1 0
302 69 -1 1
301 69 -1 1
300 69 -1 1
299 69 -1 1
298 69 -1 1
297 69 -1 1
296 69 -1 1
295 69 -1 1
294 69 -1 1
293 69 -1 1
207 69 -1 0
206 69 -1 0
205 69 -1 0
204 69 -1 0
203 69 -1 0
202 69 -1 0
201 69 -1 0
200 69 -1 0
199 69 -1 0
396 68 -1 0
395 68 -1 0
394 68 -1 0
393 68 -1 0
392 68 -1 0
391 68 -1 0
390 68 -1 0
389 68 -1 0
388 68 -1 0
387 68 -1 0
386 68 -1 0
385 68 -1 0
384 68 -1 0
383 68 -1 0
382 68 -1 0
381 68 -1 0
380 68 -1 0
303 68 -1 1
302 68 -1 1
301 68 -1 1
300 68 -1 1
299 68 -1 1
298 68 -1 1
297 68 -1 1
296 68 -1 1
295 68 -1 1
294 68 -1 1
293 68 -1 1
208 68 -1 0
207 68 -1 0
206 68 -1 0
205 68 -1 0
204 68 -1 0
203 68 -1 0
202 68 -1 0
201 68 -1 0
200 68 -1 0
199 68 -1 0
198 68 -1 0
396 67 -1 0
395 67 -1 0
394 67 -1 0
393 67 -1 0
392 67 -1 0
391 67 -1 0
390 67 -1 0
389 67 -1 0
388 67 -1 0
387 67 -1 0
386 67 -1 0
385 67 -1 0
384 67 -1 0
383 67 -1 0
382 67 -1 0
304 67 -1 1
303 67 -1 1
302 67 -1 1
301 67 -1 1
300 67 -1 1
299 67 -1 1
298 67 -1 1
297 67 -1 1
296 67 -1 1
295 67 -1 1
294 67 -1 1
293 67 -1 1
292 67 -1 1
207 67 -1 0
206 67 -1 0
205 67 -1 0
204 67 -1 0
203 67 -1 0
202 67 -1 0
201 67 -1 0
200 67 -1 0
199 67 -1 0
198 67 -1 0
197 67 -1 0
396 66 -1 0
395 66 -1 0
394 66 -1 0
393 66 -1 0
392 66 -1 0
391 66 -1 0
390 66 -1 0
389 66 -1 0
388 66 -1 0
387 66 -1 0
386 66 -1 0
385 66 -1 0
384 66 -1 0
383 66 -1 0
305 66 -1 1
304 66 -1 1
303 66 -1 1
302 66 -1 1
301 66 -1 1
300 66 -1 1
299 66 -1 1
298 66 -1 1
297 66 -1 1
296 66 -1 1
295 66 -1 1
294 66 -1 1
293 66 -1 1
292 66 -1 1
207 66 -1 0
206 66 -1 0
205 66 -1 0
204 66 -1 0
203 66 -1 0
202 66 -1 0
201 66 -1 0
200 66 -1 0
199 66 -1 0
198 66 -1 0
197 66 -1 0
196 66 -1 0
397 65 -1 0
396 65 -1 0
395 65 -1 0
394 65 -1 0
393 65 -1 0
392 65 -1 0
391 65 -1 0
390 65 -1 0
389 65 -1 0
388 65 -1 0
387 65 -1 0
386 65 -1 0
307 65 -1 1
306 65 -1 1
305 65 -1 1
304 65 -1 1
303 65 -1 1
302 65 -1 1
301 65 -1 1
300 65 -1 1
299 65 -1 1
298 65 -1 1
297 65 -1 1
296 65 -1 1
295 65 -1 1
294 65 -1 1
293 65 -1 1
207 65 -1 0
206 65 -1 0
205 65 -1 0
204 65 -1 0
203 65 -1 0
202 65 -1 0
201 65 -1 0
200 65 -1 0
199 65 -1 0
198 65 -1 0
197 65 -1 0
196 65 -1 0
396 64 -1 0
395 64 -1 0
394 64 -1 0
393 64 -1 0
392 64 -1 0
391 64 -1 0
390 64 -1 0
389 64 -1 0
388 64 -1 0
387 64 -1 0
386 64 -1 0
309 64 -1 1
308 64 -1 1
307 64 -1 1
306 64 -1 1
305 64 -1 1
304 64 -1 1
303 64 -1 1
302 64 -1 1
301 64 -1 1
300 64 -1 1
299 64 -1 1
298 64 -1 1
297 64 -1 1
296 64 -1 1
295 64 -1 1
294 64 -1 1
293 64 -1 1
206 64 -1 0
205 64 -1 0
204 64 -1 0
203 64 -1 0
202 64 -1 0
201 64 -1 0
200 64 -1 0
199 64 -1 0
198 64 -1 0
197 64 -1 0
196 64 -1 0
396 63 -1 0
395 63 -1 0
394 63 -1 0
393 63 -1 0
392 63 -1 0
391 63 -1 0
390 63 -1 0
389 63 -1 0
388 63 -1 0
387 63 -1 0
310 63 -1 1
309 63 -1 1
308 63 -1 1
307 63 -1 1
306 63 -1 1
305 63 -1 1
304 63 -1 1
303 63 -1 1
302 63 -1 1
301 63 -1 1
300 63 -1 1
299 63 -1 1
298 63 -1 1
297 63 -1 1
296 63 -1 1
295 63 -1 1
294 63 -1 1
293 63 -1 1
205 63 -1 0
204 63 -1 0
203 63 -1 0
202 63 -1 0
201 63 -1 0
200 63 -1 0
199 63 -1 0
198 63 -1 0
197 63 -1 0
196 63 -1 0
195 63 -1 0
396 62 -1 0
395 62 -1 0
394 62 -1 0
393 62 -1 0
392 62 -1 0
391 62 -1 0
390 62 -1 0
389 62 -1 0
388 62 -1 0
310 62 -1 1
309 62 -1 1
308 62 -1 1
307 62 -1 1
306 62 -1 1
305 62 -1 1
304 62 -1 1
303 62 -1 1
302 62 -1 1
301 62 -1 1
300 62 -1 1
299 62 -1 1
298 62 -1 1
297 62 -1 1
296 62 -1 1
295 62 -1 1
294 62 -1 1
204 62 -1 0
203 62 -1 0
202 62 -1 0
201 62 -1 0
200 62 -1 0
199 62 -1 0
198 62 -1 0
197 62 -1 0
196 62 -1 0
395 61 -1 0
394 61 -1 0
393 61 -1 0
392 61 -1 0
391 61 -1 0
390 61 -1 0
389 61 -1 0
313 61 -1 1
312 61 -1 1
311 61 -1 1
310 61 -1 1
309 61 -1 1
308 61 -1 1
307 61 -1 1
306 61 -1 1
305 61 -1 1
304 61 -1 1
303 61 -1 1
302 61 -1 1
301 61 -1 1
300 61 -1 1
299 61 -1 1
298 61 -1 1
297 61 -1 1
296 61 -1 1
295 61 -1 1
204 61 -1 0
203 61 -1 0
202 61 -1 0
201 61 -1 0
200 61 -1 0
199 61 -1 0
198 61 -1 0
197 61 -1 0
196 61 -1 0
392 60 -1 0
314 60 -1 1
313 60 -1 1
312 60 -1 1
311 60 -1 1
310 60 -1 1
309 60 -1 1
308 60 -1 1
307 60 -1 1
306 60 -1 1
305 60 -1 1
304 60 -1 1
303 60 -1 1
302 60 -1 1
301 60 -1 1
300 60 -1 1
299 60 -1 1
298 60 -1 1
297 60 -1 1
296 60 -1 1
204 60 -1 0
203 60 -1 0
202 60 -1 0
201 60 -1 0
200 60 -1 0
199 60 -1 0
198 60 -1 0
197 60 -1 0
196 60 -1 0
315 59 -1 1
314 59 -1 1
313 59 -1 1
312 59 -1 1
311 59 -1 1
310 59 -1 1
309 59 -1 1
308 59 -1 1
307 59 -1 1
306 59 -1 1
305 59 -1 1
304 59 -1 1
303 59 -1 1
302 59 -1 1
301 59 -1 1
300 59 -1 1
299 59 -1 1
298 59 -1 1
297 59 -1 1
204 59 -1 0
203 59 -1 0
202 59 -1 0
201 59 -1 0
200 59 -1 0
199 59 -1 0
198 59 -1 0
197 59 -1 0
196 59 -1 0
317 58 -1 1
316 58 -1 1
315 58 -1 1
314 58 -1 1
313 58 -1 1
312 58 -1 1
311 58 -1 1
310 58 -1 1
309 58 -1 1
308 58 -1 1
307 58 -1 1
306 58 -1 1
305 58 -1 1
304 58 -1 1
303 58 -1 1
302 58 -1 1
301 58 -1 1
300 58 -1 1
299 58 -1 1
205 58 -1 0
204 58 -1 0
203 58 -1 0
202 58 -1 0
201 58 -1 0
200 58 -1 0
199 58 -1 0
198 58 -1 0
197 58 -1 0
196 58 -1 0
195 58 -1 0
318 57 -1 1
317 57 -1 1
316 57 -1 1
315 57 -1 1
314 57 -1 1
313 57 -1 1
312 57 -1 1
311 57 -1 1
310 57 -1 1
309 57 -1 1
308 57 -1 1
307 57 -1 1
306 57 -1 1
305 57 -1 1
304 57 -1 1
303 57 -1 1
302 57 -1 1
301 57 -1 1
204 57 -1 0
203 57 -1 0
202 57 -1 0
201 57 -1 0
200 57 -1 0
199 57 -1 0
198 57 -1 0
197 57 -1 0
196 57 -1 0
320 56 -1 1
319 56 -1 1
318 56 -1 1
317 56 -1 1
316 56 -1 1
315 56 -1 1
314 56 -1 1
313 56 -1 1
312 56 -1 1
311 56 -1 1
310 56 -1 1
309 56 -1 1
308 56 -1 1
307 56 -1 1
306 56 -1 1
305 56 -1 1
304 56 -1 1
303 56 -1 1
302 56 -1 1
204 56 -1 0
203 56 -1 0
202 56 -1 0
201 56 -1 0
200 56 -1 0
199 56 -1 0
198 56 -1 0
197 56 -1 0
196 56 -1 0
323 55 -1 1
322 55 -1 1
321 55 -1 1
320 55 -1 1
319 55 -1 1
318 55 -1 1
317 55 -1 1
316 55 -1 1
315 55 -1 1
314 55 -1 1
313 55 -1 1
312 55 -1 1
311 55 -1 1
310 55 -1 1
309 55 -1 1
308 55 -1 1
307 55 -1 1
306 55 -1 1
305 55 -1 1
304 55 -1 1
303 55 -1 1
205 55 -1 0
204 55 -1 0
203 55 -1 0
202 55 -1 0
201 55 -1 0
200 55 -1 0
199 55 -1 0
198 55 -1 0
197 55 -1 0
196 55 -1 0
195 55 -1 0
325 54 -1 1
324 54 -1 1
323 54 -1 1
322 54 -1 1
321 54 -1 1
320 54 -1 1
319 54 -1 1
318 54 -1 1
317 54 -1 1
316 54 -1 1
315 54 -1 1
314 54 -1 1
313 54 -1 1
312 54 -1 1
311 54 -1 1
310 54 -1 1
309 54 -1 1
308 54 -1 1
307 54 -1 1
306 54 -1 1
204 54 -1 0
203 54 -1 0
202 54 -1 0
201 54 -1 0
200 54 -1 0
199 54 -1 0
198 54 -1 0
197 54 -1 0
196 54 -1 0
326 53 -1 1
325 53 -1 1
324 53 -1 1
323 53 -1 1
322 53 -1 1
321 53 -1 1
320 53 -1 1
319 53 -1 1
318 53 -1 1
317 53 -1 1
316 53 -1 1
315 53 -1 1
314 53 -1 1
313 53 -1 1
312 53 -1 1
311 53 -1 1
310 53 -1 1
309 53 -1 1
308 53 -1 1
307 53 -1 1
204 53 -1 0
203 53 -1 0
202 53 -1 0
201 53 -1 0
200 53 -1 0
199 53 -1 0
198 53 -1 0
197 53 -1 0
196 53 -1 0
329 52 -1 1
328 52 -1 1
327 52 -1 1
326 52 -1 1
325 52 -1 1
324 52 -1 1
323 52 -1 1
322 52 -1 1
321 52 -1 1
320 52 -1 1
319 52 -1 1
318 52 -1 1
317 52 -1 1
316 52 -1 1
315 52 -1 1
314 52 -1 1
313 52 -1 1
312 52 -1 1
311 52 -1 1
310 52 -1 1
309 52 -1 1
308 52 -1 1
307 52 -1 1
204 52 -1 0
203 52 -1 0
202 52 -1 0
201 52 -1 0
200 52 -1 0
199 52 -1 0
198 52 -1 0
197 52 -1 0
196 52 -1 0
330 51 -1 1
329 51 -1 1
328 51 -1 1
327 51 -1 1
326 51 -1 1
325 51 -1 1
324 51 -1 1
323 51 -1 1
322 51 -1 1
321 51 -1 1
320 51 -1 1
319 51 -1 1
318 51 -1 1
317 51 -1 1
316 51 -1 1
315 51 -1 1
314 51 -1 1
313 51 -1 1
312 51 -1 1
311 51 -1 1
310 51 -1 1
309 51 -1 1
308 51 -1 1
203 51 -1 0
202 51 -1 0
201 51 -1 0
200 51 -1 0
199 51 -1 0
198 51 -1 0
197 51 -1 0
330 50 -1 1
329 50 -1 1
328 50 -1 1
327 50 -1 1
326 50 -1 1
325 50 -1 1
324 50 -1 1
323 50 -1 1
322 50 -1 1
321 50 -1 1
320 50 -1 1
319 50 -1 1
318 50 -1 1
317 50 -1 1
316 50 -1 1
315 50 -1 1
314 50 -1 1
313 50 -1 1
312 50 -1 1
311 50 -1 1
310 50 -1 1
200 50 -1 0
332 49 -1 1
331 49 -1 1
330 49 -1 1
329 49 -1 1
328 49 -1 1
327 49 -1 1
326 49 -1 1
325 49 -1 1
324 49 -1 1
323 49 -1 1
322 49 -1 1
321 49 -1 1
320 49 -1 1
319 49 -1 1
318 49 -1 1
317 49 -1 1
316 49 -1 1
315 49 -1 1
314 49 -1 1
313 49 -1 1
312 49 -1 1
311 49 -1 1
336 48 -1 1
335 48 -1 1
334 48 -1 1
333 48 -1 1
332 48 -1 1
331 48 -1 1
330 48 -1 1
329 48 -1 1
328 48 -1 1
327 48 -1 1
326 48 -1 1
325 48 -1 1
324 48 -1 1
323 48 -1 1
322 48 -1 1
321 48 -1 1
320 48 -1 1
319 48 -1 1
318 48 -1 1
317 48 -1 1
316 48 -1 1
315 48 -1 1
314 48 -1 1
313 48 -1 1
339 47 -1 1
338 47 -1 1
337 47 -1 1
336 47 -1 1
335 47 -1 1
334 47 -1 1
333 47 -1 1
332 47 -1 1
331 47 -1 1
330 47 -1 1
329 47 -1 1
328 47 -1 1
327 47 -1 1
326 47 -1 1
325 47 -1 1
324 47 -1 1
323 47 -1 1
322 47 -1 1
321 47 -1 1
320 47 -1 1
319 47 -1 1
318 47 -1 1
317 47 -1 1
316 47 -1 1
315 47 -1 1
342 46 -1 1
341 46 -1 1
340 46 -1 1
339 46 -1 1
338 46 -1 1
337 46 -1 1
336 46 -1 1
335 46 -1 1
334 46 -1 1
333 46 -1 1
332 46 -1 1
331 46 -1 1
330 46 -1 1
329 46 -1 1
328 46 -1 1
327 46 -1 1
326 46 -1 1
325 46 -1 1
324 46 -1 1
323 46 -1 1
322 46 -1 1
321 46 -1 1
320 46 -1 1
319 46 -1 1
318 46 -1 1
352 45 -1 1
351 45 -1 1
350 45 -1 1
348 45 -1 1
344 45 -1 1
343 45 -1 1
342 45 -1 1
341 45 -1 1
340 45 -1 1
339 45 -1 1
338 45 -1 1
337 45 -1 1
336 45 -1 1
335 45 -1 1
334 45 -1 1
333 45 -1 1
332 45 -1 1
331 45 -1 1
330 45 -1 1
329 45 -1 1
328 45 -1 1
327 45 -1 1
326 45 -1 1
325 45 -1 1
324 45 -1 1
323 45 -1 1
322 45 -1 1
321 45 -1 1
320 45 -1 1
355 44 -1 1
354 44 -1 1
353 44 -1 1
352 44 -1 1
351 44 -1 1
350 44 -1 1
349 44 -1 1
348 44 -1 1
347 44 -1 1
346 44 -1 1
345 44 -1 1
344 44 -1 1
343 44 -1 1
342 44 -1 1
341 44 -1 1
340 44 -1 1
339 44 -1 1
338 44 -1 1
337 44 -1 1
336 44 -1 1
335 44 -1 1
334 44 -1 1
333 44 -1 1
332 44 -1 1
331 44 -1 1
330 44 -1 1
329 44 -1 1
328 44 -1 1
327 44 -1 1
326 44 -1 1
325 44 -1 1
324 44 -1 1
323 44 -1 1
356 43 -1 1
355 43 -1 1
354 43 -1 1
353 43 -1 1
352 43 -1 1
351 43 -1 1
350 43 -1 1
349 43 -1 1
348 43 -1 1
347 43 -1 1
346 43 -1 1
345 43 -1 1
344 43 -1 1
343 43 -1 1
342 43 -1 1
341 43 -1 1
340 43 -1 1
339 43 -1 1
338 43 -1 1
337 43 -1 1
336 43 -1 1
335 43 -1 1
334 43 -1 1
333 43 -1 1
332 43 -1 1
331 43 -1 1
330 43 -1 1
329 43 -1 1
328 43 -1 1
327 43 -1 1
326 43 -1 1
325 43 -1 1
356 42 -1 1
355 42 -1 1
354 42 -1 1
353 42 -1 1
352 42 -1 1
351 42 -1 1
350 42 -1 1
349 42 -1 1
348 42 -1 1
347 42 -1 1
346 42 -1 1
345 42 -1 1
344 42 -1 1
343 42 -1 1
342 42 -1 1
341 42 -1 1
340 42 -1 1
339 42 -1 1
338 42 -1 1
337 42 -1 1
336 42 -1 1
335 42 -1 1
334 42 -1 1
333 42 -1 1
332 42 -1 1
331 42 -1 1
330 42 -1 1
329 42 -1 1
328 42 -1 1
327 42 -1 1
326 42 -1 1
325 42 -1 1
356 41 -1 1
355 41 -1 1
354 41 -1 1
353 41 -1 1
352 41 -1 1
351 41 -1 1
350 41 -1 1
349 41 -1 1
348 41 -1 1
347 41 -1 1
346 41 -1 1
345 41 -1 1
344 41 -1 1
343 41 -1 1
342 41 -1 1
341 41 -1 1
340 41 -1 1
339 41 -1 1
338 41 -1 1
337 41 -1 1
336 41 -1 1
335 41 -1 1
334 41 -1 1
333 41 -1 1
332 41 -1 1
331 41 -1 1
330 41 -1 1
329 41 -1 1
328 41 -1 1
327 41 -1 1
326 41 -1 1
357 40 -1 1
356 40 -1 1
355 40 -1 1
354 40 -1 1
353 40 -1 1
352 40 -1 1
351 40 -1 1
350 40 -1 1
349 40 -1 1
348 40 -1 1
347 40 -1 1
346 40 -1 1
345 40 -1 1
344 40 -1 1
343 40 -1 1
342 40 -1 1
341 40 -1 1
340 40 -1 1
339 40 -1 1
338 40 -1 1
337 40 -1 1
336 40 -1 1
335 40 -1 1
334 40 -1 1
333 40 -1 1
332 40 -1 1
331 40 -1 1
330 40 -1 1
329 40 -1 1
328 40 -1 1
356 39 -1 1
355 39 -1 1
354 39 -1 1
353 39 -1 1
352 39 -1 1
351 39 -1 1
350 39 -1 1
349 39 -1 1
348 39 -1 1
347 39 -1 1
346 39 -1 1
345 39 -1 1
344 39 -1 1
343 39 -1 1
342 39 -1 1
341 39 -1 1
340 39 -1 1
339 39 -1 1
338 39 -1 1
337 39 -1 1
336 39 -1 1
335 39 -1 1
334 39 -1 1
333 39 -1 1
332 39 -1 1
331 39 -1 1
356 38 -1 1
355 38 -1 1
354 38 -1 1
353 38 -1 1
352 38 -1 1
351 38 -1 1
350 38 -1 1
349 38 -1 1
348 38 -1 1
347 38 -1 1
346 38 -1 1
345 38 -1 1
344 38 -1 1
343 38 -1 1
342 38 -1 1
341 38 -1 1
340 38 -1 1
339 38 -1 1
338 38 -1 1
337 38 -1 1
336 38 -1 1
335 38 -1 1
334 38 -1 1
356 37 -1 1
355 37 -1 1
354 37 -1 1
353 37 -1 1
352 37 -1 1
351 37 -1 1
350 37 -1 1
349 37 -1 1
348 37 -1 1
347 37 -1 1
346 37 -1 1
345 37 -1 1
344 37 -1 1
343 37 -1 1
342 37 -1 1
341 37 -1 1
340 37 -1 1
339 37 -1 1
338 37 -1 1
337 37 -1 1
355 36 -1 1
354 36 -1 1
353 36 -1 1
352 36 -1 1
351 36 -1 1
350 36 -1 1
349 36 -1 1
348 36 -1 1
347 36 -1 1
346 36 -1 1
345 36 -1 1
344 36 -1 1
343 36 -1 1
342 36 -1 1
341 36 -1 1
340 36 -1 1
339 36 -1 1
338 36 -1 1
352 35 -1 1
351 35 -1 1
350 35 -1 1
348 35 -1 1
344 35 -1 1
343 35 -1 1
341 35 -1 1
