2738 408 341
329 271 -1 0
325 271 -1 0
323 271 -1 0
322 271 -1 0
332 270 -1 0
331 270 -1 0
330 270 -1 0
329 270 -1 0
328 270 -1 0
327 270 -1 0
326 270 -1 0
325 270 -1 0
324 270 -1 0
323 270 -1 0
322 270 -1 0
321 270 -1 0
320 270 -1 0
319 270 -1 0
333 269 -1 0
332 269 -1 0
331 269 -1 0
330 269 -1 0
329 269 -1 0
328 269 -1 0
327 269 -1 0
326 269 -1 0
325 269 -1 0
324 269 -1 0
323 269 -1 0
322 269 -1 0
321 269 -1 0
320 269 -1 0
319 269 -1 0
318 269 -1 0
317 269 -1 0
316 269 -1 0
336 268 -1 0
333 268 -1 0
332 268 -1 0
331 268 -1 0
330 268 -1 0
329 268 -1 0
328 268 -1 0
327 268 -1 0
326 268 -1 0
325 268 -1 0
324 268 -1 0
323 268 -1 0
322 268 -1 0
321 268 -1 0
320 268 -1 0
319 268 -1 0
318 268 -1 0
317 268 -1 0
316 268 -1 0
315 268 -1 0
339 267 -1 0
338 267 -1 0
337 267 -1 0
336 267 -1 0
335 267 -1 0
334 267 -1 0
333 267 -1 0
332 267 -1 0
331 267 -1 0
330 267 -1 0
329 267 -1 0
328 267 -1 0
327 267 -1 0
326 267 -1 0
325 267 -1 0
324 267 -1 0
323 267 -1 0
322 267 -1 0
321 267 -1 0
320 267 -1 0
319 267 -1 0
318 267 -1 0
317 267 -1 0
316 267 -1 0
315 267 -1 0
340 266 -1 0
339 266 -1 0
338 266 -1 0
337 266 -1 0
336 266 -1 0
335 266 -1 0
334 266 -1 0
333 266 -1 0
332 266 -1 0
331 266 -1 0
330 266 -1 0
329 266 -1 0
328 266 -1 0
327 266 -1 0
326 266 -1 0
325 266 -1 0
324 266 -1 0
323 266 -1 0
322 266 -1 0
321 266 -1 0
320 266 -1 0
319 266 -1 0
318 266 -1 0
317 266 -1 0
316 266 -1 0
315 266 -1 0
340 265 -1 0
339 265 -1 0
338 265 -1 0
337 265 -1 0
336 265 -1 0
335 265 -1 0
334 265 -1 0
333 265 -1 0
332 265 -1 0
331 265 -1 0
330 265 -1 0
329 265 -1 0
328 265 -1 0
327 265 -1 0
326 265 -1 0
325 265 -1 0
324 265 -1 0
323 265 -1 0
322 265 -1 0
321 265 -1 0
320 265 -1 0
319 265 -1 0
318 265 -1 0
317 265 -1 0
316 265 -1 0
315 265 -1 0
314 265 -1 0
342 264 -1 0
341 264 -1 0
340 264 -1 0
339 264 -1 0
338 264 -1 0
337 264 -1 0
336 264 -1 0
335 264 -1 0
334 264 -1 0
333 264 -1 0
332 264 -1 0
331 264 -1 0
330 264 -1 0
329 264 -1 0
328 264 -1 0
327 264 -1 0
326 264 -1 0
325 264 -1 0
324 264 -1 0
323 264 -1 0
322 264 -1 0
321 264 -1 0
320 264 -1 0
319 264 -1 0
318 264 -1 0
317 264 -1 0
316 264 -1 0
315 264 -1 0
343 263 -1 0
342 263 -1 0
341 263 -1 0
340 263 -1 0
339 263 -1 0
338 263 -1 0
337 263 -1 0
336 263 -1 0
335 263 -1 0
334 263 -1 0
333 263 -1 0
332 263 -1 0
331 263 -1 0
330 263 -1 0
329 263 -1 0
328 263 -1 0
327 263 -1 0
326 263 -1 0
325 263 -1 0
324 263 -1 0
323 263 -1 0
322 263 -1 0
321 263 -1 0
320 263 -1 0
319 263 -1 0
318 263 -1 0
317 263 -1 0
316 263 -1 0
315 263 -1 0
343 262 -1 0
342 262 -1 0
341 262 -1 0
340 262 -1 0
339 262 -1 0
338 262 -1 0
337 262 -1 0
336 262 -1 0
335 262 -1 0
334 262 -1 0
333 262 -1 0
332 262 -1 0
331 262 -1 0
330 262 -1 0
329 262 -1 0
328 262 -1 0
327 262 -1 0
326 262 -1 0
325 262 -1 0
324 262 -1 0
323 262 -1 0
322 262 -1 0
321 262 -1 0
320 262 -1 0
319 262 -1 0
318 262 -1 0
317 262 -1 0
316 262 -1 0
315 262 -1 0
345 261 -1 0
343 261 -1 0
342 261 -1 0
341 261 -1 0
340 261 -1 0
339 261 -1 0
338 261 -1 0
337 261 -1 0
336 261 -1 0
335 261 -1 0
334 261 -1 0
333 261 -1 0
332 261 -1 0
329 261 -1 0
325 261 -1 0
323 261 -1 0
322 261 -1 0
321 261 -1 0
320 261 -1 0
319 261 -1 0
318 261 -1 0
317 261 -1 0
316 261 -1 0
348 260 -1 0
347 260 -1 0
346 260 -1 0
345 260 -1 0
344 260 -1 0
343 260 -1 0
342 260 -1 0
341 260 -1 0
340 260 -1 0
339 260 -1 0
338 260 -1 0
337 260 -1 0
336 260 -1 0
335 260 -1 0
334 260 -1 0
333 260 -1 0
332 260 -1 0
320 260 -1 0
319 260 -1 0
349 259 -1 0
348 259 -1 0
347 259 -1 0
346 259 -1 0
345 259 -1 0
344 259 -1 0
343 259 -1 0
342 259 -1 0
341 259 -1 0
340 259 -1 0
339 259 -1 0
338 259 -1 0
337 259 -1 0
336 259 -1 0
335 259 -1 0
334 259 -1 0
333 259 -1 0
349 258 -1 0
348 258 -1 0
347 258 -1 0
346 258 -1 0
345 258 -1 0
344 258 -1 0
343 258 -1 0
342 258 -1 0
341 258 -1 0
340 258 -1 0
339 258 -1 0
338 258 -1 0
337 258 -1 0
336 258 -1 0
335 258 -1 0
352 257 -1 0
351 257 -1 0
350 257 -1 0
349 257 -1 0
348 257 -1 0
347 257 -1 0
346 257 -1 0
345 257 -1 0
344 257 -1 0
343 257 -1 0
342 257 -1 0
341 257 -1 0
340 257 -1 0
339 257 -1 0
338 257 -1 0
337 257 -1 0
336 257 -1 0
335 257 -1 0
353 256 -1 0
352 256 -1 0
351 256 -1 0
350 256 -1 0
349 256 -1 0
348 256 -1 0
347 256 -1 0
346 256 -1 0
345 256 -1 0
344 256 -1 0
343 256 -1 0
342 256 -1 0
341 256 -1 0
340 256 -1 0
339 256 -1 0
338 256 -1 0
337 256 -1 0
336 256 -1 0
353 255 -1 0
352 255 -1 0
351 255 -1 0
350 255 -1 0
349 255 -1 0
348 255 -1 0
347 255 -1 0
346 255 -1 0
345 255 -1 0
344 255 -1 0
343 255 -1 0
342 255 -1 0
341 255 -1 0
339 255 -1 0
356 254 -1 0
355 254 -1 0
354 254 -1 0
353 254 -1 0
352 254 -1 0
351 254 -1 0
350 254 -1 0
349 254 -1 0
348 254 -1 0
347 254 -1 0
346 254 -1 0
345 254 -1 0
344 254 -1 0
343 254 -1 0
342 254 -1 0
341 254 -1 0
358 253 -1 0
357 253 -1 0
356 253 -1 0
355 253 -1 0
354 253 -1 0
353 253 -1 0
352 253 -1 0
351 253 -1 0
350 253 -1 0
349 253 -1 0
348 253 -1 0
347 253 -1 0
346 253 -1 0
345 253 -1 0
344 253 -1 0
343 253 -1 0
342 253 -1 0
341 253 -1 0
359 252 -1 0
358 252 -1 0
357 252 -1 0
356 252 -1 0
355 252 -1 0
354 252 -1 0
353 252 -1 0
352 252 -1 0
351 252 -1 0
350 252 -1 0
349 252 -1 0
348 252 -1 0
347 252 -1 0
346 252 -1 0
345 252 -1 0
344 252 -1 0
343 252 -1 0
342 252 -1 0
361 251 -1 0
359 251 -1 0
358 251 -1 0
357 251 -1 0
356 251 -1 0
355 251 -1 0
354 251 -1 0
353 251 -1 0
352 251 -1 0
351 251 -1 0
350 251 -1 0
349 251 -1 0
348 251 -1 0
347 251 -1 0
346 251 -1 0
345 251 -1 0
364 250 -1 0
363 250 -1 0
362 250 -1 0
361 250 -1 0
360 250 -1 0
359 250 -1 0
358 250 -1 0
357 250 -1 0
356 250 -1 0
355 250 -1 0
354 250 -1 0
353 250 -1 0
352 250 -1 0
351 250 -1 0
350 250 -1 0
349 250 -1 0
348 250 -1 0
347 250 -1 0
346 250 -1 0
345 250 -1 0
365 249 -1 0
364 249 -1 0
363 249 -1 0
362 249 -1 0
361 249 -1 0
360 249 -1 0
359 249 -1 0
358 249 -1 0
357 249 -1 0
356 249 -1 0
355 249 -1 0
354 249 -1 0
353 249 -1 0
352 249 -1 0
351 249 -1 0
350 249 -1 0
349 249 -1 0
348 249 -1 0
347 249 -1 0
346 249 -1 0
365 248 -1 0
364 248 -1 0
363 248 -1 0
362 248 -1 0
361 248 -1 0
360 248 -1 0
359 248 -1 0
358 248 -1 0
357 248 -1 0
356 248 -1 0
355 248 -1 0
354 248 -1 0
353 248 -1 0
352 248 -1 0
351 248 -1 0
350 248 -1 0
349 248 -1 0
366 247 -1 0
365 247 -1 0
364 247 -1 0
363 247 -1 0
362 247 -1 0
361 247 -1 0
360 247 -1 0
359 247 -1 0
358 247 -1 0
357 247 -1 0
356 247 -1 0
355 247 -1 0
354 247 -1 0
353 247 -1 0
352 247 -1 0
351 247 -1 0
350 247 -1 0
349 247 -1 0
367 246 -1 0
366 246 -1 0
365 246 -1 0
364 246 -1 0
363 246 -1 0
362 246 -1 0
361 246 -1 0
360 246 -1 0
359 246 -1 0
358 246 -1 0
357 246 -1 0
356 246 -1 0
355 246 -1 0
354 246 -1 0
353 246 -1 0
352 246 -1 0
351 246 -1 0
350 246 -1 0
368 245 -1 0
367 245 -1 0
366 245 -1 0
365 245 -1 0
364 245 -1 0
363 245 -1 0
362 245 -1 0
361 245 -1 0
360 245 -1 0
359 245 -1 0
358 245 -1 0
357 245 -1 0
356 245 -1 0
355 245 -1 0
354 245 -1 0
353 245 -1 0
352 245 -1 0
368 244 -1 0
367 244 -1 0
366 244 -1 0
365 244 -1 0
364 244 -1 0
363 244 -1 0
362 244 -1 0
361 244 -1 0
360 244 -1 0
359 244 -1 0
358 244 -1 0
357 244 -1 0
355 244 -1 0
369 243 -1 0
368 243 -1 0
367 243 -1 0
366 243 -1 0
365 243 -1 0
364 243 -1 0
363 243 -1 0
362 243 -1 0
361 243 -1 0
360 243 -1 0
359 243 -1 0
358 243 -1 0
357 243 -1 0
369 242 -1 0
368 242 -1 0
367 242 -1 0
366 242 -1 0
365 242 -1 0
364 242 -1 0
363 242 -1 0
362 242 -1 0
361 242 -1 0
360 242 -1 0
359 242 -1 0
358 242 -1 0
370 241 -1 0
369 241 -1 0
368 241 -1 0
367 241 -1 0
366 241 -1 0
365 241 -1 0
364 241 -1 0
363 241 -1 0
362 241 -1 0
361 241 -1 0
360 241 -1 0
359 241 -1 0
358 241 -1 0
370 240 -1 0
369 240 -1 0
368 240 -1 0
367 240 -1 0
366 240 -1 0
365 240 -1 0
364 240 -1 0
363 240 -1 0
362 240 -1 0
361 240 -1 0
360 240 -1 0
359 240 -1 0
370 239 -1 0
369 239 -1 0
368 239 -1 0
367 239 -1 0
366 239 -1 0
365 239 -1 0
364 239 -1 0
363 239 -1 0
362 239 -1 0
361 239 -1 0
360 239 -1 0
371 238 -1 0
370 238 -1 0
369 238 -1 0
368 238 -1 0
367 238 -1 0
366 238 -1 0
365 238 -1 0
364 238 -1 0
363 238 -1 0
362 238 -1 0
361 238 -1 0
372 237 -1 0
371 237 -1 0
370 237 -1 0
369 237 -1 0
368 237 -1 0
367 237 -1 0
366 237 -1 0
365 237 -1 0
364 237 -1 0
363 237 -1 0
362 237 -1 0
361 237 -1 0
372 236 -1 0
371 236 -1 0
370 236 -1 0
369 236 -1 0
368 236 -1 0
367 236 -1 0
366 236 -1 0
365 236 -1 0
364 236 -1 0
363 236 -1 0
362 236 -1 0
373 235 -1 0
372 235 -1 0
371 235 -1 0
370 235 -1 0
369 235 -1 0
368 235 -1 0
367 235 -1 0
366 235 -1 0
365 235 -1 0
364 235 -1 0
363 235 -1 0
362 235 -1 0
374 234 -1 0
373 234 -1 0
372 234 -1 0
371 234 -1 0
370 234 -1 0
369 234 -1 0
368 234 -1 0
367 234 -1 0
366 234 -1 0
365 234 -1 0
364 234 -1 0
363 234 -1 0
375 233 -1 0
374 233 -1 0
373 233 -1 0
372 233 -1 0
371 233 -1 0
370 233 -1 0
369 233 -1 0
368 233 -1 0
367 233 -1 0
366 233 -1 0
365 233 -1 0
364 233 -1 0
375 232 -1 0
374 232 -1 0
373 232 -1 0
372 232 -1 0
371 232 -1 0
370 232 -1 0
369 232 -1 0
368 232 -1 0
367 232 -1 0
366 232 -1 0
365 232 -1 0
364 232 -1 0
375 231 -1 0
374 231 -1 0
373 231 -1 0
372 231 -1 0
371 231 -1 0
370 231 -1 0
369 231 -1 0
368 231 -1 0
367 231 -1 0
366 231 -1 0
365 231 -1 0
364 231 -1 0
376 230 -1 0
375 230 -1 0
374 230 -1 0
373 230 -1 0
372 230 -1 0
371 230 -1 0
370 230 -1 0
369 230 -1 0
368 230 -1 0
367 230 -1 0
366 230 -1 0
365 230 -1 0
375 229 -1 0
374 229 -1 0
373 229 -1 0
372 229 -1 0
371 229 -1 0
370 229 -1 0
369 229 -1 0
368 229 -1 0
367 229 -1 0
366 229 -1 0
376 228 -1 0
375 228 -1 0
374 228 -1 0
373 228 -1 0
372 228 -1 0
371 228 -1 0
370 228 -1 0
369 228 -1 0
368 228 -1 0
367 228 -1 0
366 228 -1 0
377 227 -1 0
376 227 -1 0
375 227 -1 0
374 227 -1 0
373 227 -1 0
372 227 -1 0
371 227 -1 0
370 227 -1 0
369 227 -1 0
368 227 -1 0
367 227 -1 0
366 227 -1 0
378 226 -1 0
377 226 -1 0
376 226 -1 0
375 226 -1 0
374 226 -1 0
373 226 -1 0
372 226 -1 0
371 226 -1 0
370 226 -1 0
369 226 -1 0
368 226 -1 0
367 226 -1 0
366 226 -1 0
378 225 -1 0
377 225 -1 0
376 225 -1 0
375 225 -1 0
374 225 -1 0
373 225 -1 0
372 225 -1 0
371 225 -1 0
370 225 -1 0
369 225 -1 0
368 225 -1 0
367 225 -1 0
378 224 -1 0
377 224 -1 0
376 224 -1 0
375 224 -1 0
374 224 -1 0
373 224 -1 0
372 224 -1 0
371 224 -1 0
370 224 -1 0
369 224 -1 0
368 224 -1 0
367 224 -1 0
379 223 -1 0
378 223 -1 0
377 223 -1 0
376 223 -1 0
375 223 -1 0
374 223 -1 0
373 223 -1 0
372 223 -1 0
371 223 -1 0
370 223 -1 0
369 223 -1 0
368 223 -1 0
367 223 -1 0
379 222 -1 0
378 222 -1 0
377 222 -1 0
376 222 -1 0
375 222 -1 0
374 222 -1 0
373 222 -1 0
372 222 -1 0
371 222 -1 0
370 222 -1 0
369 222 -1 0
368 222 -1 0
379 221 -1 0
378 221 -1 0
377 221 -1 0
376 221 -1 0
375 221 -1 0
374 221 -1 0
373 221 -1 0
372 221 -1 0
371 221 -1 0
370 221 -1 0
369 221 -1 0
379 220 -1 0
378 220 -1 0
377 220 -1 0
376 220 -1 0
375 220 -1 0
374 220 -1 0
373 220 -1 0
372 220 -1 0
371 220 -1 0
370 220 -1 0
369 220 -1 0
380 219 -1 0
379 219 -1 0
378 219 -1 0
377 219 -1 0
376 219 -1 0
375 219 -1 0
374 219 -1 0
373 219 -1 0
372 219 -1 0
371 219 -1 0
370 219 -1 0
379 218 -1 0
378 218 -1 0
377 218 -1 0
376 218 -1 0
375 218 -1 0
374 218 -1 0
373 218 -1 0
372 218 -1 0
371 218 -1 0
370 218 -1 0
381 217 -1 0
380 217 -1 0
379 217 -1 0
378 217 -1 0
377 217 -1 0
376 217 -1 0
375 217 -1 0
374 217 -1 0
373 217 -1 0
372 217 -1 0
371 217 -1 0
370 217 -1 0
382 216 -1 0
381 216 -1 0
380 216 -1 0
379 216 -1 0
378 216 -1 0
377 216 -1 0
376 216 -1 0
375 216 -1 0
374 216 -1 0
373 216 -1 0
372 216 -1 0
371 216 -1 0
382 215 -1 0
381 215 -1 0
380 215 -1 0
379 215 -1 0
378 215 -1 0
377 215 -1 0
376 215 -1 0
375 215 -1 0
374 215 -1 0
373 215 -1 0
372 215 -1 0
382 214 -1 0
381 214 -1 0
380 214 -1 0
379 214 -1 0
378 214 -1 0
377 214 -1 0
376 214 -1 0
375 214 -1 0
374 214 -1 0
373 214 -1 0
383 213 -1 0
382 213 -1 0
381 213 -1 0
380 213 -1 0
379 213 -1 0
378 213 -1 0
377 213 -1 0
376 213 -1 0
375 213 -1 0
374 213 -1 0
373 213 -1 0
372 213 -1 0
383 212 -1 0
382 212 -1 0
381 212 -1 0
380 212 -1 0
379 212 -1 0
378 212 -1 0
377 212 -1 0
376 212 -1 0
375 212 -1 0
374 212 -1 0
373 212 -1 0
383 211 -1 0
382 211 -1 0
381 211 -1 0
380 211 -1 0
379 211 -1 0
378 211 -1 0
377 211 -1 0
376 211 -1 0
375 211 -1 0
374 211 -1 0
373 211 -1 0
384 210 -1 0
383 210 -1 0
382 210 -1 0
381 210 -1 0
380 210 -1 0
379 210 -1 0
378 210 -1 0
377 210 -1 0
376 210 -1 0
375 210 -1 0
374 210 -1 0
373 210 -1 0
384 209 -1 0
383 209 -1 0
382 209 -1 0
381 209 -1 0
380 209 -1 0
379 209 -1 0
378 209 -1 0
377 209 -1 0
376 209 -1 0
375 209 -1 0
374 209 -1 0
384 208 -1 0
383 208 -1 0
382 208 -1 0
381 208 -1 0
380 208 -1 0
379 208 -1 0
378 208 -1 0
377 208 -1 0
376 208 -1 0
375 208 -1 0
384 207 -1 0
383 207 -1 0
382 207 -1 0
381 207 -1 0
380 207 -1 0
379 207 -1 0
378 207 -1 0
377 207 -1 0
376 207 -1 0
375 207 -1 0
385 206 -1 0
384 206 -1 0
383 206 -1 0
382 206 -1 0
381 206 -1 0
380 206 -1 0
379 206 -1 0
378 206 -1 0
377 206 -1 0
376 206 -1 0
375 206 -1 0
385 205 -1 0
384 205 -1 0
383 205 -1 0
382 205 -1 0
381 205 -1 0
380 205 -1 0
379 205 -1 0
378 205 -1 0
377 205 -1 0
376 205 -1 0
375 205 -1 0
385 204 -1 0
384 204 -1 0
383 204 -1 0
382 204 -1 0
381 204 -1 0
380 204 -1 0
379 204 -1 0
378 204 -1 0
377 204 -1 0
376 204 -1 0
375 204 -1 0
385 203 -1 0
384 203 -1 0
383 203 -1 0
382 203 -1 0
381 203 -1 0
380 203 -1 0
379 203 -1 0
378 203 -1 0
377 203 -1 0
376 203 -1 0
375 203 -1 0
385 202 -1 0
384 202 -1 0
383 202 -1 0
382 202 -1 0
381 202 -1 0
380 202 -1 0
379 202 -1 0
378 202 -1 0
377 202 -1 0
376 202 -1 0
375 202 -1 0
386 201 -1 0
385 201 -1 0
384 201 -1 0
383 201 -1 0
382 201 -1 0
381 201 -1 0
380 201 -1 0
379 201 -1 0
378 201 -1 0
377 201 -1 0
376 201 -1 0
375 201 -1 0
386 200 -1 0
385 200 -1 0
384 200 -1 0
383 200 -1 0
382 200 -1 0
381 200 -1 0
380 200 -1 0
379 200 -1 0
378 200 -1 0
377 200 -1 0
376 200 -1 0
386 199 -1 0
385 199 -1 0
384 199 -1 0
383 199 -1 0
382 199 -1 0
381 199 -1 0
380 199 -1 0
379 199 -1 0
378 199 -1 0
377 199 -1 0
376 199 -1 0
387 198 -1 0
386 198 -1 0
385 198 -1 0
384 198 -1 0
383 198 -1 0
382 198 -1 0
381 198 -1 0
380 198 -1 0
379 198 -1 0
378 198 -1 0
377 198 -1 0
376 198 -1 0
386 197 -1 0
385 197 -1 0
384 197 -1 0
383 197 -1 0
382 197 -1 0
381 197 -1 0
380 197 -1 0
379 197 -1 0
378 197 -1 0
377 197 -1 0
386 196 -1 0
385 196 -1 0
384 196 -1 0
383 196 -1 0
382 196 -1 0
381 196 -1 0
380 196 -1 0
379 196 -1 0
378 196 -1 0
377 196 -1 0
386 195 -1 0
385 195 -1 0
384 195 -1 0
383 195 -1 0
382 195 -1 0
381 195 -1 0
380 195 -1 0
379 195 -1 0
378 195 -1 0
377 195 -1 0
385 194 -1 0
384 194 -1 0
383 194 -1 0
382 194 -1 0
381 194 -1 0
380 194 -1 0
379 194 -1 0
378 194 -1 0
261 194 -1 0
260 194 -1 0
382 193 -1 0
381 193 -1 0
300 193 -1 1
264 193 -1 0
263 193 -1 0
262 193 -1 0
261 193 -1 0
260 193 -1 0
259 193 -1 0
258 193 -1 0
257 193 -1 0
317 192 -1 1
315 192 -1 1
313 192 -1 1
311 192 -1 1
310 192 -1 1
309 192 -1 1
305 192 -1 1
304 192 -1 1
303 192 -1 1
302 192 -1 1
301 192 -1 1
300 192 -1 1
299 192 -1 1
298 192 -1 1
297 192 -1 1
265 192 -1 0
264 192 -1 0
263 192 -1 0
262 192 -1 0
261 192 -1 0
260 192 -1 0
259 192 -1 0
258 192 -1 0
257 192 -1 0
256 192 -1 0
323 191 -1 1
322 191 -1 1
320 191 -1 1
319 191 -1 1
318 191 -1 1
317 191 -1 1
316 191 -1 1
315 191 -1 1
314 191 -1 1
313 191 -1 1
312 191 -1 1
311 191 -1 1
310 191 -1 1
309 191 -1 1
308 191 -1 1
307 191 -1 1
306 191 -1 1
305 191 -1 1
304 191 -1 1
303 191 -1 1
302 191 -1 1
301 191 -1 1
300 191 -1 1
299 191 -1 1
298 191 -1 1
297 191 -1 1
296 191 -1 1
266 191 -1 0
265 191 -1 0
264 191 -1 0
263 191 -1 0
262 191 -1 0
261 191 -1 0
260 191 -1 0
259 191 -1 0
258 191 -1 0
257 191 -1 0
256 191 -1 0
353 190 -1 1
352 190 -1 1
351 190 -1 1
349 190 -1 1
347 190 -1 1
343 190 -1 1
341 190 -1 1
338 190 -1 1
334 190 -1 1
333 190 -1 1
331 190 -1 1
330 190 -1 1
329 190 -1 1
328 190 -1 1
327 190 -1 1
326 190 -1 1
325 190 -1 1
324 190 -1 1
323 190 -1 1
322 190 -1 1
321 190 -1 1
320 190 -1 1
319 190 -1 1
318 190 -1 1
317 190 -1 1
316 190 -1 1
315 190 -1 1
314 190 -1 1
313 190 -1 1
312 190 -1 1
311 190 -1 1
310 190 -1 1
309 190 -1 1
308 190 -1 1
307 190 -1 1
306 190 -1 1
305 190 -1 1
304 190 -1 1
303 190 -1 1
302 190 -1 1
301 190 -1 1
300 190 -1 1
299 190 -1 1
298 190 -1 1
297 190 -1 1
296 190 -1 1
267 190 -1 0
266 190 -1 0
265 190 -1 0
264 190 -1 0
263 190 -1 0
262 190 -1 0
261 190 -1 0
260 190 -1 0
259 190 -1 0
258 190 -1 0
257 190 -1 0
256 190 -1 0
356 189 -1 1
355 189 -1 1
354 189 -1 1
353 189 -1 1
352 189 -1 1
351 189 -1 1
350 189 -1 1
349 189 -1 1
348 189 -1 1
347 189 -1 1
346 189 -1 1
345 189 -1 1
344 189 -1 1
343 189 -1 1
342 189 -1 1
341 189 -1 1
340 189 -1 1
339 189 -1 1
338 189 -1 1
337 189 -1 1
336 189 -1 1
335 189 -1 1
334 189 -1 1
333 189 -1 1
332 189 -1 1
331 189 -1 1
330 189 -1 1
329 189 -1 1
328 189 -1 1
327 189 -1 1
326 189 -1 1
325 189 -1 1
324 189 -1 1
323 189 -1 1
322 189 -1 1
321 189 -1 1
320 189 -1 1
319 189 -1 1
318 189 -1 1
317 189 -1 1
316 189 -1 1
315 189 -1 1
314 189 -1 1
313 189 -1 1
312 189 -1 1
311 189 -1 1
310 189 -1 1
309 189 -1 1
308 189 -1 1
307 189 -1 1
306 189 -1 1
305 189 -1 1
304 189 -1 1
303 189 -1 1
302 189 -1 1
301 189 -1 1
300 189 -1 1
299 189 -1 1
298 189 -1 1
297 189 -1 1
296 189 -1 1
268 189 -1 0
267 189 -1 0
266 189 -1 0
265 189 -1 0
264 189 -1 0
263 189 -1 0
262 189 -1 0
261 189 -1 0
260 189 -1 0
259 189 -1 0
258 189 -1 0
257 189 -1 0
256 189 -1 0
255 189 -1 0
357 188 -1 1
356 188 -1 1
355 188 -1 1
354 188 -1 1
353 188 -1 1
352 188 -1 1
351 188 -1 1
350 188 -1 1
349 188 -1 1
348 188 -1 1
347 188 -1 1
346 188 -1 1
345 188 -1 1
344 188 -1 1
343 188 -1 1
342 188 -1 1
341 188 -1 1
340 188 -1 1
339 188 -1 1
338 188 -1 1
337 188 -1 1
336 188 -1 1
335 188 -1 1
334 188 -1 1
333 188 -1 1
332 188 -1 1
331 188 -1 1
330 188 -1 1
329 188 -1 1
328 188 -1 1
327 188 -1 1
326 188 -1 1
325 188 -1 1
324 188 -1 1
323 188 -1 1
322 188 -1 1
321 188 -1 1
320 188 -1 1
319 188 -1 1
318 188 -1 1
317 188 -1 1
316 188 -1 1
315 188 -1 1
314 188 -1 1
313 188 -1 1
312 188 -1 1
311 188 -1 1
310 188 -1 1
309 188 -1 1
308 188 -1 1
307 188 -1 1
306 188 -1 1
305 188 -1 1
304 188 -1 1
303 188 -1 1
302 188 -1 1
301 188 -1 1
300 188 -1 1
299 188 -1 1
298 188 -1 1
297 188 -1 1
296 188 -1 1
295 188 -1 1
268 188 -1 0
267 188 -1 0
266 188 -1 0
265 188 -1 0
264 188 -1 0
263 188 -1 0
262 188 -1 0
261 188 -1 0
260 188 -1 0
259 188 -1 0
258 188 -1 0
257 188 -1 0
256 188 -1 0
357 187 -1 1
356 187 -1 1
355 187 -1 1
354 187 -1 1
353 187 -1 1
352 187 -1 1
351 187 -1 1
350 187 -1 1
349 187 -1 1
348 187 -1 1
347 187 -1 1
346 187 -1 1
345 187 -1 1
344 187 -1 1
343 187 -1 1
342 187 -1 1
341 187 -1 1
340 187 -1 1
339 187 -1 1
338 187 -1 1
337 187 -1 1
336 187 -1 1
335 187 -1 1
334 187 -1 1
333 187 -1 1
332 187 -1 1
331 187 -1 1
330 187 -1 1
329 187 -1 1
328 187 -1 1
327 187 -1 1
326 187 -1 1
325 187 -1 1
324 187 -1 1
323 187 -1 1
322 187 -1 1
321 187 -1 1
320 187 -1 1
319 187 -1 1
318 187 -1 1
317 187 -1 1
316 187 -1 1
315 187 -1 1
314 187 -1 1
313 187 -1 1
312 187 -1 1
311 187 -1 1
310 187 -1 1
309 187 -1 1
308 187 -1 1
307 187 -1 1
306 187 -1 1
305 187 -1 1
304 187 -1 1
303 187 -1 1
302 187 -1 1
301 187 -1 1
300 187 -1 1
299 187 -1 1
298 187 -1 1
297 187 -1 1
296 187 -1 1
295 187 -1 1
268 187 -1 0
267 187 -1 0
266 187 -1 0
265 187 -1 0
264 187 -1 0
263 187 -1 0
262 187 -1 0
261 187 -1 0
260 187 -1 0
259 187 -1 0
258 187 -1 0
257 187 -1 0
256 187 -1 0
357 186 -1 1
356 186 -1 1
355 186 -1 1
354 186 -1 1
353 186 -1 1
352 186 -1 1
351 186 -1 1
350 186 -1 1
349 186 -1 1
348 186 -1 1
347 186 -1 1
346 186 -1 1
345 186 -1 1
344 186 -1 1
343 186 -1 1
342 186 -1 1
341 186 -1 1
340 186 -1 1
339 186 -1 1
338 186 -1 1
337 186 -1 1
336 186 -1 1
335 186 -1 1
334 186 -1 1
333 186 -1 1
332 186 -1 1
331 186 -1 1
330 186 -1 1
329 186 -1 1
328 186 -1 1
327 186 -1 1
326 186 -1 1
325 186 -1 1
324 186 -1 1
323 186 -1 1
322 186 -1 1
321 186 -1 1
320 186 -1 1
319 186 -1 1
318 186 -1 1
317 186 -1 1
316 186 -1 1
315 186 -1 1
314 186 -1 1
313 186 -1 1
312 186 -1 1
311 186 -1 1
310 186 -1 1
309 186 -1 1
308 186 -1 1
307 186 -1 1
306 186 -1 1
305 186 -1 1
304 186 -1 1
303 186 -1 1
302 186 -1 1
301 186 -1 1
300 186 -1 1
299 186 -1 1
298 186 -1 1
297 186 -1 1
296 186 -1 1
269 186 -1 0
268 186 -1 0
267 186 -1 0
266 186 -1 0
265 186 -1 0
264 186 -1 0
263 186 -1 0
262 186 -1 0
261 186 -1 0
260 186 -1 0
259 186 -1 0
258 186 -1 0
257 186 -1 0
256 186 -1 0
358 185 -1 1
357 185 -1 1
356 185 -1 1
355 185 -1 1
354 185 -1 1
353 185 -1 1
352 185 -1 1
351 185 -1 1
350 185 -1 1
349 185 -1 1
348 185 -1 1
347 185 -1 1
346 185 -1 1
345 185 -1 1
344 185 -1 1
343 185 -1 1
342 185 -1 1
341 185 -1 1
340 185 -1 1
339 185 -1 1
338 185 -1 1
337 185 -1 1
336 185 -1 1
335 185 -1 1
334 185 -1 1
333 185 -1 1
332 185 -1 1
331 185 -1 1
330 185 -1 1
329 185 -1 1
328 185 -1 1
327 185 -1 1
326 185 -1 1
325 185 -1 1
324 185 -1 1
323 185 -1 1
322 185 -1 1
321 185 -1 1
320 185 -1 1
319 185 -1 1
318 185 -1 1
317 185 -1 1
316 185 -1 1
315 185 -1 1
314 185 -1 1
313 185 -1 1
312 185 -1 1
311 185 -1 1
310 185 -1 1
309 185 -1 1
308 185 -1 1
307 185 -1 1
306 185 -1 1
305 185 -1 1
304 185 -1 1
303 185 -1 1
302 185 -1 1
301 185 -1 1
300 185 -1 1
299 185 -1 1
298 185 -1 1
297 185 -1 1
296 185 -1 1
269 185 -1 0
268 185 -1 0
267 185 -1 0
266 185 -1 0
265 185 -1 0
264 185 -1 0
263 185 -1 0
262 185 -1 0
261 185 -1 0
260 185 -1 0
259 185 -1 0
258 185 -1 0
257 185 -1 0
357 184 -1 1
356 184 -1 1
355 184 -1 1
354 184 -1 1
353 184 -1 1
352 184 -1 1
351 184 -1 1
350 184 -1 1
349 184 -1 1
348 184 -1 1
347 184 -1 1
346 184 -1 1
345 184 -1 1
344 184 -1 1
343 184 -1 1
342 184 -1 1
341 184 -1 1
340 184 -1 1
339 184 -1 1
338 184 -1 1
337 184 -1 1
336 184 -1 1
335 184 -1 1
334 184 -1 1
333 184 -1 1
332 184 -1 1
331 184 -1 1
330 184 -1 1
329 184 -1 1
328 184 -1 1
327 184 -1 1
326 184 -1 1
325 184 -1 1
324 184 -1 1
323 184 -1 1
322 184 -1 1
321 184 -1 1
320 184 -1 1
319 184 -1 1
318 184 -1 1
317 184 -1 1
316 184 -1 1
315 184 -1 1
314 184 -1 1
313 184 -1 1
312 184 -1 1
311 184 -1 1
310 184 -1 1
309 184 -1 1
308 184 -1 1
307 184 -1 1
306 184 -1 1
305 184 -1 1
304 184 -1 1
303 184 -1 1
302 184 -1 1
301 184 -1 1
300 184 -1 1
299 184 -1 1
298 184 -1 1
297 184 -1 1
296 184 -1 1
270 184 -1 0
269 184 -1 0
268 184 -1 0
267 184 -1 0
266 184 -1 0
265 184 -1 0
264 184 -1 0
263 184 -1 0
262 184 -1 0
261 184 -1 0
260 184 -1 0
259 184 -1 0
258 184 -1 0
357 183 -1 1
356 183 -1 1
355 183 -1 1
354 183 -1 1
353 183 -1 1
352 183 -1 1
351 183 -1 1
350 183 -1 1
349 183 -1 1
348 183 -1 1
347 183 -1 1
346 183 -1 1
345 183 -1 1
344 183 -1 1
343 183 -1 1
342 183 -1 1
341 183 -1 1
340 183 -1 1
339 183 -1 1
338 183 -1 1
337 183 -1 1
336 183 -1 1
335 183 -1 1
334 183 -1 1
333 183 -1 1
332 183 -1 1
331 183 -1 1
330 183 -1 1
329 183 -1 1
328 183 -1 1
327 183 -1 1
326 183 -1 1
325 183 -1 1
324 183 -1 1
323 183 -1 1
322 183 -1 1
321 183 -1 1
320 183 -1 1
319 183 -1 1
318 183 -1 1
317 183 -1 1
316 183 -1 1
315 183 -1 1
314 183 -1 1
313 183 -1 1
312 183 -1 1
311 183 -1 1
310 183 -1 1
309 183 -1 1
308 183 -1 1
307 183 -1 1
306 183 -1 1
305 183 -1 1
304 183 -1 1
303 183 -1 1
302 183 -1 1
301 183 -1 1
300 183 -1 1
299 183 -1 1
298 183 -1 1
297 183 -1 1
271 183 -1 0
270 183 -1 0
269 183 -1 0
268 183 -1 0
267 183 -1 0
266 183 -1 0
265 183 -1 0
264 183 -1 0
263 183 -1 0
262 183 -1 0
261 183 -1 0
260 183 -1 0
259 183 -1 0
357 182 -1 1
356 182 -1 1
355 182 -1 1
354 182 -1 1
353 182 -1 1
352 182 -1 1
351 182 -1 1
350 182 -1 1
349 182 -1 1
348 182 -1 1
347 182 -1 1
346 182 -1 1
345 182 -1 1
344 182 -1 1
343 182 -1 1
342 182 -1 1
341 182 -1 1
340 182 -1 1
339 182 -1 1
338 182 -1 1
337 182 -1 1
336 182 -1 1
335 182 -1 1
334 182 -1 1
333 182 -1 1
332 182 -1 1
331 182 -1 1
330 182 -1 1
329 182 -1 1
328 182 -1 1
327 182 -1 1
326 182 -1 1
325 182 -1 1
324 182 -1 1
323 182 -1 1
322 182 -1 1
321 182 -1 1
320 182 -1 1
319 182 -1 1
318 182 -1 1
317 182 -1 1
315 182 -1 1
313 182 -1 1
311 182 -1 1
310 182 -1 1
309 182 -1 1
305 182 -1 1
304 182 -1 1
302 182 -1 1
301 182 -1 1
300 182 -1 1
271 182 -1 0
270 182 -1 0
269 182 -1 0
268 182 -1 0
267 182 -1 0
266 182 -1 0
265 182 -1 0
264 182 -1 0
263 182 -1 0
262 182 -1 0
261 182 -1 0
260 182 -1 0
356 181 -1 1
355 181 -1 1
354 181 -1 1
353 181 -1 1
352 181 -1 1
351 181 -1 1
350 181 -1 1
349 181 -1 1
348 181 -1 1
347 181 -1 1
346 181 -1 1
345 181 -1 1
344 181 -1 1
343 181 -1 1
342 181 -1 1
341 181 -1 1
340 181 -1 1
339 181 -1 1
338 181 -1 1
337 181 -1 1
336 181 -1 1
335 181 -1 1
334 181 -1 1
333 181 -1 1
332 181 -1 1
331 181 -1 1
330 181 -1 1
329 181 -1 1
328 181 -1 1
327 181 -1 1
326 181 -1 1
325 181 -1 1
324 181 -1 1
323 181 -1 1
322 181 -1 1
320 181 -1 1
271 181 -1 0
270 181 -1 0
269 181 -1 0
268 181 -1 0
267 181 -1 0
266 181 -1 0
265 181 -1 0
264 181 -1 0
263 181 -1 0
262 181 -1 0
261 181 -1 0
260 181 -1 0
353 180 -1 1
352 180 -1 1
351 180 -1 1
349 180 -1 1
347 180 -1 1
343 180 -1 1
341 180 -1 1
338 180 -1 1
334 180 -1 1
333 180 -1 1
331 180 -1 1
330 180 -1 1
329 180 -1 1
328 180 -1 1
327 180 -1 1
272 180 -1 0
271 180 -1 0
270 180 -1 0
269 180 -1 0
268 180 -1 0
267 180 -1 0
266 180 -1 0
265 180 -1 0
264 180 -1 0
263 180 -1 0
262 180 -1 0
261 180 -1 0
272 179 -1 0
271 179 -1 0
270 179 -1 0
269 179 -1 0
268 179 -1 0
267 179 -1 0
266 179 -1 0
265 179 -1 0
264 179 -1 0
263 179 -1 0
262 179 -1 0
261 179 -1 0
272 178 -1 0
271 178 -1 0
270 178 -1 0
269 178 -1 0
268 178 -1 0
267 178 -1 0
266 178 -1 0
265 178 -1 0
264 178 -1 0
263 178 -1 0
262 178 -1 0
272 177 -1 0
271 177 -1 0
270 177 -1 0
269 177 -1 0
268 177 -1 0
267 177 -1 0
266 177 -1 0
265 177 -1 0
264 177 -1 0
263 177 -1 0
262 177 -1 0
273 176 -1 0
272 176 -1 0
271 176 -1 0
270 176 -1 0
269 176 -1 0
268 176 -1 0
267 176 -1 0
266 176 -1 0
265 176 -1 0
264 176 -1 0
263 176 -1 0
272 175 -1 0
271 175 -1 0
270 175 -1 0
269 175 -1 0
268 175 -1 0
267 175 -1 0
266 175 -1 0
265 175 -1 0
264 175 -1 0
263 175 -1 0
273 174 -1 0
272 174 -1 0
271 174 -1 0
270 174 -1 0
269 174 -1 0
268 174 -1 0
267 174 -1 0
266 174 -1 0
265 174 -1 0
264 174 -1 0
263 174 -1 0
274 173 -1 0
273 173 -1 0
272 173 -1 0
271 173 -1 0
270 173 -1 0
269 173 -1 0
268 173 -1 0
267 173 -1 0
266 173 -1 0
265 173 -1 0
264 173 -1 0
263 173 -1 0
274 172 -1 0
273 172 -1 0
272 172 -1 0
271 172 -1 0
270 172 -1 0
269 172 -1 0
268 172 -1 0
267 172 -1 0
266 172 -1 0
265 172 -1 0
264 172 -1 0
275 171 -1 0
274 171 -1 0
273 171 -1 0
272 171 -1 0
271 171 -1 0
270 171 -1 0
269 171 -1 0
268 171 -1 0
267 171 -1 0
266 171 -1 0
265 171 -1 0
264 171 -1 0
275 170 -1 0
274 170 -1 0
273 170 -1 0
272 170 -1 0
271 170 -1 0
270 170 -1 0
269 170 -1 0
268 170 -1 0
267 170 -1 0
266 170 -1 0
265 170 -1 0
264 170 -1 0
275 169 -1 0
274 169 -1 0
273 169 -1 0
272 169 -1 0
271 169 -1 0
270 169 -1 0
269 169 -1 0
268 169 -1 0
267 169 -1 0
266 169 -1 0
265 169 -1 0
276 168 -1 0
275 168 -1 0
274 168 -1 0
273 168 -1 0
272 168 -1 0
271 168 -1 0
270 168 -1 0
269 168 -1 0
268 168 -1 0
267 168 -1 0
266 168 -1 0
265 168 -1 0
276 167 -1 0
275 167 -1 0
274 167 -1 0
273 167 -1 0
272 167 -1 0
271 167 -1 0
270 167 -1 0
269 167 -1 0
268 167 -1 0
267 167 -1 0
266 167 -1 0
265 167 -1 0
275 166 -1 0
274 166 -1 0
273 166 -1 0
272 166 -1 0
271 166 -1 0
270 166 -1 0
269 166 -1 0
268 166 -1 0
267 166 -1 0
266 166 -1 0
275 165 -1 0
274 165 -1 0
273 165 -1 0
272 165 -1 0
271 165 -1 0
270 165 -1 0
269 165 -1 0
268 165 -1 0
267 165 -1 0
276 164 -1 0
275 164 -1 0
274 164 -1 0
273 164 -1 0
272 164 -1 0
271 164 -1 0
270 164 -1 0
269 164 -1 0
268 164 -1 0
267 164 -1 0
266 164 -1 0
276 163 -1 0
275 163 -1 0
274 163 -1 0
273 163 -1 0
272 163 -1 0
271 163 -1 0
270 163 -1 0
269 163 -1 0
268 163 -1 0
267 163 -1 0
266 163 -1 0
276 162 -1 0
275 162 -1 0
274 162 -1 0
273 162 -1 0
272 162 -1 0
271 162 -1 0
270 162 -1 0
269 162 -1 0
268 162 -1 0
267 162 -1 0
277 161 -1 0
276 161 -1 0
275 161 -1 0
274 161 -1 0
273 161 -1 0
272 161 -1 0
271 161 -1 0
270 161 -1 0
269 161 -1 0
268 161 -1 0
267 161 -1 0
276 160 -1 0
275 160 -1 0
274 160 -1 0
273 160 -1 0
272 160 -1 0
271 160 -1 0
270 160 -1 0
269 160 -1 0
268 160 -1 0
267 160 -1 0
277 159 -1 0
276 159 -1 0
275 159 -1 0
274 159 -1 0
273 159 -1 0
272 159 -1 0
271 159 -1 0
270 159 -1 0
269 159 -1 0
268 159 -1 0
267 159 -1 0
276 158 -1 0
275 158 -1 0
274 158 -1 0
273 158 -1 0
272 158 -1 0
271 158 -1 0
270 158 -1 0
269 158 -1 0
268 158 -1 0
276 157 -1 0
275 157 -1 0
274 157 -1 0
273 157 -1 0
272 157 -1 0
271 157 -1 0
270 157 -1 0
269 157 -1 0
268 157 -1 0
276 156 -1 0
275 156 -1 0
274 156 -1 0
273 156 -1 0
272 156 -1 0
271 156 -1 0
270 156 -1 0
269 156 -1 0
268 156 -1 0
277 155 -1 0
276 155 -1 0
275 155 -1 0
274 155 -1 0
273 155 -1 0
272 155 -1 0
271 155 -1 0
270 155 -1 0
269 155 -1 0
268 155 -1 0
267 155 -1 0
277 154 -1 0
276 154 -1 0
275 154 -1 0
274 154 -1 0
273 154 -1 0
272 154 -1 0
271 154 -1 0
270 154 -1 0
269 154 -1 0
268 154 -1 0
267 154 -1 0
276 153 -1 0
275 153 -1 0
274 153 -1 0
273 153 -1 0
272 153 -1 0
271 153 -1 0
270 153 -1 0
269 153 -1 0
268 153 -1 0
277 152 -1 0
276 152 -1 0
275 152 -1 0
274 152 -1 0
273 152 -1 0
272 152 -1 0
271 152 -1 0
270 152 -1 0
269 152 -1 0
268 152 -1 0
267 152 -1 0
278 151 -1 0
277 151 -1 0
276 151 -1 0
275 151 -1 0
274 151 -1 0
273 151 -1 0
272 151 -1 0
271 151 -1 0
270 151 -1 0
269 151 -1 0
268 151 -1 0
279 150 -1 0
278 150 -1 0
277 150 -1 0
276 150 -1 0
275 150 -1 0
274 150 -1 0
273 150 -1 0
272 150 -1 0
271 150 -1 0
270 150 -1 0
269 150 -1 0
268 150 -1 0
279 149 -1 0
278 149 -1 0
277 149 -1 0
276 149 -1 0
275 149 -1 0
274 149 -1 0
273 149 -1 0
272 149 -1 0
271 149 -1 0
270 149 -1 0
269 149 -1 0
268 149 -1 0
279 148 -1 0
278 148 -1 0
277 148 -1 0
276 148 -1 0
275 148 -1 0
274 148 -1 0
273 148 -1 0
272 148 -1 0
271 148 -1 0
270 148 -1 0
269 148 -1 0
280 147 -1 0
279 147 -1 0
278 147 -1 0
277 147 -1 0
276 147 -1 0
275 147 -1 0
274 147 -1 0
273 147 -1 0
272 147 -1 0
271 147 -1 0
270 147 -1 0
269 147 -1 0
280 146 -1 0
279 146 -1 0
278 146 -1 0
277 146 -1 0
276 146 -1 0
275 146 -1 0
274 146 -1 0
273 146 -1 0
272 146 -1 0
271 146 -1 0
270 146 -1 0
269 146 -1 0
280 145 -1 0
279 145 -1 0
278 145 -1 0
277 145 -1 0
276 145 -1 0
275 145 -1 0
274 145 -1 0
273 145 -1 0
272 145 -1 0
271 145 -1 0
270 145 -1 0
280 144 -1 0
279 144 -1 0
278 144 -1 0
277 144 -1 0
276 144 -1 0
275 144 -1 0
274 144 -1 0
273 144 -1 0
272 144 -1 0
271 144 -1 0
281 143 -1 0
280 143 -1 0
279 143 -1 0
278 143 -1 0
277 143 -1 0
276 143 -1 0
275 143 -1 0
274 143 -1 0
273 143 -1 0
272 143 -1 0
271 143 -1 0
282 142 -1 0
281 142 -1 0
280 142 -1 0
279 142 -1 0
278 142 -1 0
277 142 -1 0
276 142 -1 0
275 142 -1 0
274 142 -1 0
273 142 -1 0
272 142 -1 0
282 141 -1 0
281 141 -1 0
280 141 -1 0
279 141 -1 0
278 141 -1 0
277 141 -1 0
276 141 -1 0
275 141 -1 0
274 141 -1 0
273 141 -1 0
272 141 -1 0
282 140 -1 0
281 140 -1 0
280 140 -1 0
279 140 -1 0
278 140 -1 0
277 140 -1 0
276 140 -1 0
275 140 -1 0
274 140 -1 0
273 140 -1 0
272 140 -1 0
284 139 -1 0
283 139 -1 0
282 139 -1 0
281 139 -1 0
280 139 -1 0
279 139 -1 0
278 139 -1 0
277 139 -1 0
276 139 -1 0
275 139 -1 0
274 139 -1 0
273 139 -1 0
285 138 -1 0
284 138 -1 0
283 138 -1 0
282 138 -1 0
281 138 -1 0
280 138 -1 0
279 138 -1 0
278 138 -1 0
277 138 -1 0
276 138 -1 0
275 138 -1 0
274 138 -1 0
285 137 -1 0
284 137 -1 0
283 137 -1 0
282 137 -1 0
281 137 -1 0
280 137 -1 0
279 137 -1 0
278 137 -1 0
277 137 -1 0
276 137 -1 0
275 137 -1 0
274 137 -1 0
286 136 -1 0
285 136 -1 0
284 136 -1 0
283 136 -1 0
282 136 -1 0
281 136 -1 0
280 136 -1 0
279 136 -1 0
278 136 -1 0
277 136 -1 0
276 136 -1 0
275 136 -1 0
274 136 -1 0
287 135 -1 0
286 135 -1 0
285 135 -1 0
284 135 -1 0
283 135 -1 0
282 135 -1 0
281 135 -1 0
280 135 -1 0
279 135 -1 0
278 135 -1 0
277 135 -1 0
276 135 -1 0
275 135 -1 0
287 134 -1 0
286 134 -1 0
285 134 -1 0
284 134 -1 0
283 134 -1 0
282 134 -1 0
281 134 -1 0
280 134 -1 0
279 134 -1 0
278 134 -1 0
277 134 -1 0
287 133 -1 0
286 133 -1 0
285 133 -1 0
284 133 -1 0
283 133 -1 0
282 133 -1 0
281 133 -1 0
280 133 -1 0
279 133 -1 0
278 133 -1 0
277 133 -1 0
289 132 -1 0
288 132 -1 0
287 132 -1 0
286 132 -1 0
285 132 -1 0
284 132 -1 0
283 132 -1 0
282 132 -1 0
281 132 -1 0
280 132 -1 0
279 132 -1 0
278 132 -1 0
277 132 -1 0
290 131 -1 0
289 131 -1 0
288 131 -1 0
287 131 -1 0
286 131 -1 0
285 131 -1 0
284 131 -1 0
283 131 -1 0
282 131 -1 0
281 131 -1 0
280 131 -1 0
279 131 -1 0
278 131 -1 0
290 130 -1 0
289 130 -1 0
288 130 -1 0
287 130 -1 0
286 130 -1 0
285 130 -1 0
284 130 -1 0
283 130 -1 0
282 130 -1 0
281 130 -1 0
280 130 -1 0
279 130 -1 0
290 129 -1 0
289 129 -1 0
288 129 -1 0
287 129 -1 0
286 129 -1 0
285 129 -1 0
284 129 -1 0
283 129 -1 0
282 129 -1 0
281 129 -1 0
280 129 -1 0
279 129 -1 0
291 128 -1 0
290 128 -1 0
289 128 -1 0
288 128 -1 0
287 128 -1 0
286 128 -1 0
285 128 -1 0
284 128 -1 0
283 128 -1 0
282 128 -1 0
281 128 -1 0
280 128 -1 0
294 127 -1 0
293 127 -1 0
292 127 -1 0
291 127 -1 0
290 127 -1 0
289 127 -1 0
288 127 -1 0
287 127 -1 0
286 127 -1 0
285 127 -1 0
284 127 -1 0
283 127 -1 0
282 127 -1 0
295 126 -1 0
294 126 -1 0
293 126 -1 0
292 126 -1 0
291 126 -1 0
290 126 -1 0
289 126 -1 0
288 126 -1 0
287 126 -1 0
286 126 -1 0
285 126 -1 0
284 126 -1 0
283 126 -1 0
282 126 -1 0
295 125 -1 0
294 125 -1 0
293 125 -1 0
292 125 -1 0
291 125 -1 0
290 125 -1 0
289 125 -1 0
288 125 -1 0
287 125 -1 0
286 125 -1 0
285 125 -1 0
284 125 -1 0
283 125 -1 0
282 125 -1 0
295 124 -1 0
294 124 -1 0
293 124 -1 0
292 124 -1 0
291 124 -1 0
290 124 -1 0
289 124 -1 0
288 124 -1 0
287 124 -1 0
286 124 -1 0
285 124 -1 0
284 124 -1 0
283 124 -1 0
298 123 -1 0
297 123 -1 0
296 123 -1 0
295 123 -1 0
294 123 -1 0
293 123 -1 0
292 123 -1 0
291 123 -1 0
290 123 -1 0
289 123 -1 0
288 123 -1 0
287 123 -1 0
286 123 -1 0
299 122 -1 0
298 122 -1 0
297 122 -1 0
296 122 -1 0
295 122 -1 0
294 122 -1 0
293 122 -1 0
292 122 -1 0
291 122 -1 0
290 122 -1 0
289 122 -1 0
288 122 -1 0
287 122 -1 0
299 121 -1 0
298 121 -1 0
297 121 -1 0
296 121 -1 0
295 121 -1 0
294 121 -1 0
293 121 -1 0
292 121 -1 0
291 121 -1 0
290 121 -1 0
289 121 -1 0
288 121 -1 0
287 121 -1 0
299 120 -1 0
298 120 -1 0
297 120 -1 0
296 120 -1 0
295 120 -1 0
294 120 -1 0
293 120 -1 0
292 120 -1 0
291 120 -1 0
290 120 -1 0
289 120 -1 0
288 120 -1 0
287 120 -1 0
300 119 -1 0
299 119 -1 0
298 119 -1 0
297 119 -1 0
296 119 -1 0
295 119 -1 0
294 119 -1 0
293 119 -1 0
292 119 -1 0
291 119 -1 0
290 119 -1 0
289 119 -1 0
288 119 -1 0
299 118 -1 0
298 118 -1 0
297 118 -1 0
296 118 -1 0
295 118 -1 0
294 118 -1 0
293 118 -1 0
292 118 -1 0
291 118 -1 0
299 117 -1 0
298 117 -1 0
297 117 -1 0
296 117 -1 0
295 117 -1 0
294 117 -1 0
293 117 -1 0
292 117 -1 0
291 117 -1 0
300 116 -1 0
299 116 -1 0
298 116 -1 0
297 116 -1 0
296 116 -1 0
295 116 -1 0
294 116 -1 0
293 116 -1 0
292 116 -1 0
291 116 -1 0
303 115 -1 0
302 115 -1 0
301 115 -1 0
300 115 -1 0
299 115 -1 0
298 115 -1 0
297 115 -1 0
296 115 -1 0
295 115 -1 0
294 115 -1 0
293 115 -1 0
292 115 -1 0
304 114 -1 0
303 114 -1 0
302 114 -1 0
301 114 -1 0
300 114 -1 0
299 114 -1 0
298 114 -1 0
297 114 -1 0
296 114 -1 0
295 114 -1 0
304 113 -1 0
303 113 -1 0
302 113 -1 0
301 113 -1 0
300 113 -1 0
299 113 -1 0
298 113 -1 0
297 113 -1 0
296 113 -1 0
305 112 -1 0
304 112 -1 0
303 112 -1 0
302 112 -1 0
301 112 -1 0
300 112 -1 0
299 112 -1 0
298 112 -1 0
297 112 -1 0
296 112 -1 0
305 111 -1 0
304 111 -1 0
303 111 -1 0
302 111 -1 0
301 111 -1 0
300 111 -1 0
299 111 -1 0
298 111 -1 0
297 111 -1 0
296 111 -1 0
295 111 -1 0
305 110 -1 0
304 110 -1 0
303 110 -1 0
302 110 -1 0
301 110 -1 0
300 110 -1 0
299 110 -1 0
298 110 -1 0
297 110 -1 0
296 110 -1 0
306 109 -1 0
305 109 -1 0
304 109 -1 0
303 109 -1 0
302 109 -1 0
301 109 -1 0
300 109 -1 0
299 109 -1 0
298 109 -1 0
297 109 -1 0
296 109 -1 0
305 108 -1 0
304 108 -1 0
303 108 -1 0
302 108 -1 0
301 108 -1 0
300 108 -1 0
299 108 -1 0
298 108 -1 0
297 108 -1 0
296 108 -1 0
305 107 -1 0
304 107 -1 0
303 107 -1 0
302 107 -1 0
301 107 -1 0
300 107 -1 0
299 107 -1 0
298 107 -1 0
297 107 -1 0
305 106 -1 0
304 106 -1 0
303 106 -1 0
302 106 -1 0
301 106 -1 0
300 106 -1 0
299 106 -1 0
298 106 -1 0
297 106 -1 0
304 105 -1 0
303 105 -1 0
302 105 -1 0
301 105 -1 0
300 105 -1 0
299 105 -1 0
298 105 -1 0
301 104 -1 0
