2405 408 341
120 244 -1 0
123 243 -1 0
122 243 -1 0
121 243 -1 0
120 243 -1 0
119 243 -1 0
118 243 -1 0
117 243 -1 0
124 242 -1 0
123 242 -1 0
122 242 -1 0
121 242 -1 0
120 242 -1 0
119 242 -1 0
118 242 -1 0
117 242 -1 0
116 242 -1 0
124 241 -1 0
123 241 -1 0
122 241 -1 0
121 241 -1 0
120 241 -1 0
119 241 -1 0
118 241 -1 0
117 241 -1 0
116 241 -1 0
124 240 -1 0
123 240 -1 0
122 240 -1 0
121 240 -1 0
120 240 -1 0
119 240 -1 0
118 240 -1 0
117 240 -1 0
116 240 -1 0
115 240 -1 0
125 239 -1 0
124 239 -1 0
123 239 -1 0
122 239 -1 0
121 239 -1 0
120 239 -1 0
119 239 -1 0
118 239 -1 0
117 239 -1 0
116 239 -1 0
115 239 -1 0
114 239 -1 0
125 238 -1 0
124 238 -1 0
123 238 -1 0
122 238 -1 0
121 238 -1 0
120 238 -1 0
119 238 -1 0
118 238 -1 0
117 238 -1 0
116 238 -1 0
115 238 -1 0
114 238 -1 0
113 238 -1 0
124 237 -1 0
123 237 -1 0
122 237 -1 0
121 237 -1 0
120 237 -1 0
119 237 -1 0
118 237 -1 0
117 237 -1 0
116 237 -1 0
115 237 -1 0
114 237 -1 0
113 237 -1 0
112 237 -1 0
124 236 -1 0
123 236 -1 0
122 236 -1 0
121 236 -1 0
120 236 -1 0
119 236 -1 0
118 236 -1 0
117 236 -1 0
116 236 -1 0
115 236 -1 0
114 236 -1 0
113 236 -1 0
112 236 -1 0
111 236 -1 0
124 235 -1 0
123 235 -1 0
122 235 -1 0
121 235 -1 0
120 235 -1 0
119 235 -1 0
118 235 -1 0
117 235 -1 0
116 235 -1 0
115 235 -1 0
114 235 -1 0
113 235 -1 0
112 235 -1 0
111 235 -1 0
123 234 -1 0
122 234 -1 0
121 234 -1 0
120 234 -1 0
119 234 -1 0
118 234 -1 0
117 234 -1 0
116 234 -1 0
115 234 -1 0
114 234 -1 0
113 234 -1 0
112 234 -1 0
111 234 -1 0
122 233 -1 0
121 233 -1 0
120 233 -1 0
119 233 -1 0
118 233 -1 0
117 233 -1 0
116 233 -1 0
115 233 -1 0
114 233 -1 0
113 233 -1 0
112 233 -1 0
111 233 -1 0
110 233 -1 0
121 232 -1 0
120 232 -1 0
119 232 -1 0
118 232 -1 0
117 232 -1 0
116 232 -1 0
115 232 -1 0
114 232 -1 0
113 232 -1 0
112 232 -1 0
111 232 -1 0
110 232 -1 0
121 231 -1 0
120 231 -1 0
119 231 -1 0
118 231 -1 0
117 231 -1 0
116 231 -1 0
115 231 -1 0
114 231 -1 0
113 231 -1 0
112 231 -1 0
111 231 -1 0
110 231 -1 0
120 230 -1 0
119 230 -1 0
118 230 -1 0
117 230 -1 0
116 230 -1 0
115 230 -1 0
114 230 -1 0
113 230 -1 0
112 230 -1 0
111 230 -1 0
110 230 -1 0
119 229 -1 0
118 229 -1 0
117 229 -1 0
116 229 -1 0
115 229 -1 0
114 229 -1 0
113 229 -1 0
112 229 -1 0
111 229 -1 0
110 229 -1 0
109 229 -1 0
119 228 -1 0
118 228 -1 0
117 228 -1 0
116 228 -1 0
115 228 -1 0
114 228 -1 0
113 228 -1 0
112 228 -1 0
111 228 -1 0
110 228 -1 0
118 227 -1 0
117 227 -1 0
116 227 -1 0
115 227 -1 0
114 227 -1 0
113 227 -1 0
112 227 -1 0
111 227 -1 0
110 227 -1 0
118 226 -1 0
117 226 -1 0
116 226 -1 0
115 226 -1 0
114 226 -1 0
113 226 -1 0
112 226 -1 0
111 226 -1 0
110 226 -1 0
119 225 -1 0
118 225 -1 0
117 225 -1 0
116 225 -1 0
115 225 -1 0
114 225 -1 0
113 225 -1 0
112 225 -1 0
111 225 -1 0
110 225 -1 0
109 225 -1 0
118 224 -1 0
117 224 -1 0
116 224 -1 0
115 224 -1 0
114 224 -1 0
113 224 -1 0
112 224 -1 0
111 224 -1 0
110 224 -1 0
118 223 -1 0
117 223 -1 0
116 223 -1 0
115 223 -1 0
114 223 -1 0
113 223 -1 0
112 223 -1 0
111 223 -1 0
110 223 -1 0
119 222 -1 0
118 222 -1 0
117 222 -1 0
116 222 -1 0
115 222 -1 0
114 222 -1 0
113 222 -1 0
112 222 -1 0
111 222 -1 0
110 222 -1 0
109 222 -1 0
119 221 -1 0
118 221 -1 0
117 221 -1 0
116 221 -1 0
115 221 -1 0
114 221 -1 0
113 221 -1 0
112 221 -1 0
111 221 -1 0
110 221 -1 0
109 221 -1 0
118 220 -1 0
117 220 -1 0
116 220 -1 0
115 220 -1 0
114 220 -1 0
113 220 -1 0
112 220 -1 0
111 220 -1 0
110 220 -1 0
118 219 -1 0
117 219 -1 0
116 219 -1 0
115 219 -1 0
114 219 -1 0
113 219 -1 0
112 219 -1 0
111 219 -1 0
110 219 -1 0
109 219 -1 0
118 218 -1 0
117 218 -1 0
116 218 -1 0
115 218 -1 0
114 218 -1 0
113 218 -1 0
112 218 -1 0
111 218 -1 0
110 218 -1 0
109 218 -1 0
117 217 -1 0
116 217 -1 0
115 217 -1 0
114 217 -1 0
113 217 -1 0
112 217 -1 0
111 217 -1 0
110 217 -1 0
109 217 -1 0
118 216 -1 0
117 216 -1 0
116 216 -1 0
115 216 -1 0
114 216 -1 0
113 216 -1 0
112 216 -1 0
111 216 -1 0
110 216 -1 0
109 216 -1 0
108 216 -1 0
117 215 -1 0
116 215 -1 0
115 215 -1 0
114 215 -1 0
113 215 -1 0
112 215 -1 0
111 215 -1 0
110 215 -1 0
109 215 -1 0
117 214 -1 0
116 214 -1 0
115 214 -1 0
114 214 -1 0
113 214 -1 0
112 214 -1 0
111 214 -1 0
110 214 -1 0
109 214 -1 0
118 213 -1 0
117 213 -1 0
116 213 -1 0
115 213 -1 0
114 213 -1 0
113 213 -1 0
112 213 -1 0
111 213 -1 0
110 213 -1 0
109 213 -1 0
108 213 -1 0
117 212 -1 0
116 212 -1 0
115 212 -1 0
114 212 -1 0
113 212 -1 0
112 212 -1 0
111 212 -1 0
110 212 -1 0
109 212 -1 0
117 211 -1 0
116 211 -1 0
115 211 -1 0
114 211 -1 0
113 211 -1 0
112 211 -1 0
111 211 -1 0
110 211 -1 0
109 211 -1 0
117 210 -1 0
116 210 -1 0
115 210 -1 0
114 210 -1 0
113 210 -1 0
112 210 -1 0
111 210 -1 0
110 210 -1 0
109 210 -1 0
210 209 -1 1
209 209 -1 1
118 209 -1 0
117 209 -1 0
116 209 -1 0
115 209 -1 0
114 209 -1 0
113 209 -1 0
112 209 -1 0
111 209 -1 0
110 209 -1 0
109 209 -1 0
108 209 -1 0
213 208 -1 1
212 208 -1 1
211 208 -1 1
210 208 -1 1
209 208 -1 1
208 208 -1 1
207 208 -1 1
206 208 -1 1
117 208 -1 0
116 208 -1 0
115 208 -1 0
114 208 -1 0
113 208 -1 0
112 208 -1 0
111 208 -1 0
110 208 -1 0
109 208 -1 0
214 207 -1 1
213 207 -1 1
212 207 -1 1
211 207 -1 1
210 207 -1 1
209 207 -1 1
208 207 -1 1
207 207 -1 1
206 207 -1 1
205 207 -1 1
117 207 -1 0
116 207 -1 0
115 207 -1 0
114 207 -1 0
113 207 -1 0
112 207 -1 0
111 207 -1 0
110 207 -1 0
109 207 -1 0
214 206 -1 1
213 206 -1 1
212 206 -1 1
211 206 -1 1
210 206 -1 1
209 206 -1 1
208 206 -1 1
207 206 -1 1
206 206 -1 1
205 206 -1 1
118 206 -1 0
117 206 -1 0
116 206 -1 0
115 206 -1 0
114 206 -1 0
113 206 -1 0
112 206 -1 0
111 206 -1 0
110 206 -1 0
109 206 -1 0
108 206 -1 0
214 205 -1 1
213 205 -1 1
212 205 -1 1
211 205 -1 1
210 205 -1 1
209 205 -1 1
208 205 -1 1
207 205 -1 1
206 205 -1 1
205 205 -1 1
204 205 -1 1
117 205 -1 0
116 205 -1 0
115 205 -1 0
114 205 -1 0
113 205 -1 0
112 205 -1 0
111 205 -1 0
110 205 -1 0
109 205 -1 0
215 204 -1 1
214 204 -1 1
213 204 -1 1
212 204 -1 1
211 204 -1 1
210 204 -1 1
209 204 -1 1
208 204 -1 1
207 204 -1 1
206 204 -1 1
205 204 -1 1
204 204 -1 1
117 204 -1 0
116 204 -1 0
115 204 -1 0
114 204 -1 0
113 204 -1 0
112 204 -1 0
111 204 -1 0
110 204 -1 0
109 204 -1 0
214 203 -1 1
213 203 -1 1
212 203 -1 1
211 203 -1 1
210 203 -1 1
209 203 -1 1
208 203 -1 1
207 203 -1 1
206 203 -1 1
205 203 -1 1
204 203 -1 1
203 203 -1 1
117 203 -1 0
116 203 -1 0
115 203 -1 0
114 203 -1 0
113 203 -1 0
112 203 -1 0
111 203 -1 0
110 203 -1 0
109 203 -1 0
214 202 -1 1
213 202 -1 1
212 202 -1 1
211 202 -1 1
210 202 -1 1
209 202 -1 1
208 202 -1 1
207 202 -1 1
206 202 -1 1
205 202 -1 1
204 202 -1 1
203 202 -1 1
202 202 -1 1
116 202 -1 0
115 202 -1 0
114 202 -1 0
113 202 -1 0
112 202 -1 0
111 202 -1 0
110 202 -1 0
214 201 -1 1
213 201 -1 1
212 201 -1 1
211 201 -1 1
210 201 -1 1
209 201 -1 1
208 201 -1 1
207 201 -1 1
206 201 -1 1
205 201 -1 1
204 201 -1 1
203 201 -1 1
202 201 -1 1
201 201 -1 1
116 201 -1 0
115 201 -1 0
114 201 -1 0
113 201 -1 0
112 201 -1 0
111 201 -1 0
110 201 -1 0
213 200 -1 1
212 200 -1 1
211 200 -1 1
210 200 -1 1
209 200 -1 1
208 200 -1 1
207 200 -1 1
206 200 -1 1
205 200 -1 1
204 200 -1 1
203 200 -1 1
202 200 -1 1
201 200 -1 1
117 200 -1 0
116 200 -1 0
115 200 -1 0
114 200 -1 0
113 200 -1 0
112 200 -1 0
111 200 -1 0
110 200 -1 0
109 200 -1 0
212 199 -1 1
211 199 -1 1
210 199 -1 1
209 199 -1 1
208 199 -1 1
207 199 -1 1
206 199 -1 1
205 199 -1 1
204 199 -1 1
203 199 -1 1
202 199 -1 1
201 199 -1 1
117 199 -1 0
116 199 -1 0
115 199 -1 0
114 199 -1 0
113 199 -1 0
112 199 -1 0
111 199 -1 0
110 199 -1 0
109 199 -1 0
212 198 -1 1
211 198 -1 1
210 198 -1 1
209 198 -1 1
208 198 -1 1
207 198 -1 1
206 198 -1 1
205 198 -1 1
204 198 -1 1
203 198 -1 1
202 198 -1 1
201 198 -1 1
200 198 -1 1
117 198 -1 0
116 198 -1 0
115 198 -1 0
114 198 -1 0
113 198 -1 0
112 198 -1 0
111 198 -1 0
110 198 -1 0
109 198 -1 0
211 197 -1 1
210 197 -1 1
209 197 -1 1
208 197 -1 1
207 197 -1 1
206 197 -1 1
205 197 -1 1
204 197 -1 1
203 197 -1 1
202 197 -1 1
201 197 -1 1
118 197 -1 0
117 197 -1 0
116 197 -1 0
115 197 -1 0
114 197 -1 0
113 197 -1 0
112 197 -1 0
111 197 -1 0
110 197 -1 0
109 197 -1 0
108 197 -1 0
211 196 -1 1
210 196 -1 1
209 196 -1 1
208 196 -1 1
207 196 -1 1
206 196 -1 1
205 196 -1 1
204 196 -1 1
203 196 -1 1
202 196 -1 1
201 196 -1 1
117 196 -1 0
116 196 -1 0
115 196 -1 0
114 196 -1 0
113 196 -1 0
112 196 -1 0
111 196 -1 0
110 196 -1 0
109 196 -1 0
210 195 -1 1
209 195 -1 1
208 195 -1 1
207 195 -1 1
206 195 -1 1
205 195 -1 1
204 195 -1 1
203 195 -1 1
202 195 -1 1
201 195 -1 1
200 195 -1 1
117 195 -1 0
116 195 -1 0
115 195 -1 0
114 195 -1 0
113 195 -1 0
112 195 -1 0
111 195 -1 0
110 195 -1 0
109 195 -1 0
209 194 -1 1
208 194 -1 1
207 194 -1 1
206 194 -1 1
205 194 -1 1
204 194 -1 1
203 194 -1 1
202 194 -1 1
201 194 -1 1
200 194 -1 1
117 194 -1 0
116 194 -1 0
115 194 -1 0
114 194 -1 0
113 194 -1 0
112 194 -1 0
111 194 -1 0
110 194 -1 0
109 194 -1 0
209 193 -1 1
208 193 -1 1
207 193 -1 1
206 193 -1 1
205 193 -1 1
204 193 -1 1
203 193 -1 1
202 193 -1 1
201 193 -1 1
200 193 -1 1
199 193 -1 1
117 193 -1 0
116 193 -1 0
115 193 -1 0
114 193 -1 0
113 193 -1 0
112 193 -1 0
111 193 -1 0
110 193 -1 0
109 193 -1 0
209 192 -1 1
208 192 -1 1
207 192 -1 1
206 192 -1 1
205 192 -1 1
204 192 -1 1
203 192 -1 1
202 192 -1 1
201 192 -1 1
200 192 -1 1
199 192 -1 1
198 192 -1 1
197 192 -1 1
118 192 -1 0
117 192 -1 0
116 192 -1 0
115 192 -1 0
114 192 -1 0
113 192 -1 0
112 192 -1 0
111 192 -1 0
110 192 -1 0
109 192 -1 0
108 192 -1 0
209 191 -1 1
208 191 -1 1
207 191 -1 1
206 191 -1 1
205 191 -1 1
204 191 -1 1
203 191 -1 1
202 191 -1 1
201 191 -1 1
200 191 -1 1
199 191 -1 1
198 191 -1 1
197 191 -1 1
196 191 -1 1
117 191 -1 0
116 191 -1 0
115 191 -1 0
114 191 -1 0
113 191 -1 0
112 191 -1 0
111 191 -1 0
110 191 -1 0
109 191 -1 0
208 190 -1 1
207 190 -1 1
206 190 -1 1
205 190 -1 1
204 190 -1 1
203 190 -1 1
202 190 -1 1
201 190 -1 1
200 190 -1 1
199 190 -1 1
198 190 -1 1
197 190 -1 1
196 190 -1 1
117 190 -1 0
116 190 -1 0
115 190 -1 0
114 190 -1 0
113 190 -1 0
112 190 -1 0
111 190 -1 0
110 190 -1 0
109 190 -1 0
208 189 -1 1
207 189 -1 1
206 189 -1 1
205 189 -1 1
204 189 -1 1
203 189 -1 1
202 189 -1 1
201 189 -1 1
200 189 -1 1
199 189 -1 1
198 189 -1 1
197 189 -1 1
196 189 -1 1
117 189 -1 0
116 189 -1 0
115 189 -1 0
114 189 -1 0
113 189 -1 0
112 189 -1 0
111 189 -1 0
110 189 -1 0
109 189 -1 0
208 188 -1 1
207 188 -1 1
206 188 -1 1
205 188 -1 1
204 188 -1 1
203 188 -1 1
202 188 -1 1
201 188 -1 1
200 188 -1 1
199 188 -1 1
198 188 -1 1
197 188 -1 1
196 188 -1 1
195 188 -1 1
117 188 -1 0
116 188 -1 0
115 188 -1 0
114 188 -1 0
113 188 -1 0
112 188 -1 0
111 188 -1 0
110 188 -1 0
109 188 -1 0
207 187 -1 1
206 187 -1 1
205 187 -1 1
204 187 -1 1
203 187 -1 1
202 187 -1 1
201 187 -1 1
200 187 -1 1
199 187 -1 1
198 187 -1 1
197 187 -1 1
196 187 -1 1
195 187 -1 1
194 187 -1 1
118 187 -1 0
117 187 -1 0
116 187 -1 0
115 187 -1 0
114 187 -1 0
113 187 -1 0
112 187 -1 0
111 187 -1 0
110 187 -1 0
109 187 -1 0
108 187 -1 0
207 186 -1 1
206 186 -1 1
205 186 -1 1
204 186 -1 1
203 186 -1 1
202 186 -1 1
201 186 -1 1
200 186 -1 1
199 186 -1 1
198 186 -1 1
197 186 -1 1
196 186 -1 1
195 186 -1 1
194 186 -1 1
117 186 -1 0
116 186 -1 0
115 186 -1 0
114 186 -1 0
113 186 -1 0
112 186 -1 0
111 186 -1 0
110 186 -1 0
109 186 -1 0
206 185 -1 1
205 185 -1 1
204 185 -1 1
203 185 -1 1
202 185 -1 1
201 185 -1 1
200 185 -1 1
199 185 -1 1
198 185 -1 1
197 185 -1 1
196 185 -1 1
195 185 -1 1
194 185 -1 1
193 185 -1 1
117 185 -1 0
116 185 -1 0
115 185 -1 0
114 185 -1 0
113 185 -1 0
112 185 -1 0
111 185 -1 0
110 185 -1 0
109 185 -1 0
204 184 -1 1
203 184 -1 1
202 184 -1 1
201 184 -1 1
200 184 -1 1
199 184 -1 1
198 184 -1 1
197 184 -1 1
196 184 -1 1
195 184 -1 1
194 184 -1 1
193 184 -1 1
192 184 -1 1
117 184 -1 0
116 184 -1 0
115 184 -1 0
114 184 -1 0
113 184 -1 0
112 184 -1 0
111 184 -1 0
110 184 -1 0
109 184 -1 0
108 184 -1 0
204 183 -1 1
203 183 -1 1
202 183 -1 1
201 183 -1 1
200 183 -1 1
199 183 -1 1
198 183 -1 1
197 183 -1 1
196 183 -1 1
195 183 -1 1
194 183 -1 1
193 183 -1 1
192 183 -1 1
117 183 -1 0
116 183 -1 0
115 183 -1 0
114 183 -1 0
113 183 -1 0
112 183 -1 0
111 183 -1 0
110 183 -1 0
109 183 -1 0
108 183 -1 0
107 183 -1 0
204 182 -1 1
203 182 -1 1
202 182 -1 1
201 182 -1 1
200 182 -1 1
199 182 -1 1
198 182 -1 1
197 182 -1 1
196 182 -1 1
195 182 -1 1
194 182 -1 1
193 182 -1 1
192 182 -1 1
118 182 -1 0
117 182 -1 0
116 182 -1 0
115 182 -1 0
114 182 -1 0
113 182 -1 0
112 182 -1 0
111 182 -1 0
110 182 -1 0
109 182 -1 0
108 182 -1 0
107 182 -1 0
203 181 -1 1
202 181 -1 1
201 181 -1 1
200 181 -1 1
199 181 -1 1
198 181 -1 1
197 181 -1 1
196 181 -1 1
195 181 -1 1
194 181 -1 1
193 181 -1 1
192 181 -1 1
191 181 -1 1
117 181 -1 0
116 181 -1 0
115 181 -1 0
114 181 -1 0
113 181 -1 0
112 181 -1 0
111 181 -1 0
110 181 -1 0
109 181 -1 0
108 181 -1 0
107 181 -1 0
202 180 -1 1
201 180 -1 1
200 180 -1 1
199 180 -1 1
198 180 -1 1
197 180 -1 1
196 180 -1 1
195 180 -1 1
194 180 -1 1
193 180 -1 1
192 180 -1 1
191 180 -1 1
118 180 -1 0
117 180 -1 0
116 180 -1 0
115 180 -1 0
114 180 -1 0
113 180 -1 0
112 180 -1 0
111 180 -1 0
110 180 -1 0
109 180 -1 0
108 180 -1 0
107 180 -1 0
106 180 -1 0
201 179 -1 1
200 179 -1 1
199 179 -1 1
198 179 -1 1
197 179 -1 1
196 179 -1 1
195 179 -1 1
194 179 -1 1
193 179 -1 1
192 179 -1 1
191 179 -1 1
190 179 -1 1
117 179 -1 0
116 179 -1 0
115 179 -1 0
114 179 -1 0
113 179 -1 0
112 179 -1 0
111 179 -1 0
110 179 -1 0
109 179 -1 0
108 179 -1 0
107 179 -1 0
201 178 -1 1
200 178 -1 1
199 178 -1 1
198 178 -1 1
197 178 -1 1
196 178 -1 1
195 178 -1 1
194 178 -1 1
193 178 -1 1
192 178 -1 1
191 178 -1 1
190 178 -1 1
117 178 -1 0
116 178 -1 0
115 178 -1 0
114 178 -1 0
113 178 -1 0
112 178 -1 0
111 178 -1 0
110 178 -1 0
109 178 -1 0
108 178 -1 0
107 178 -1 0
200 177 -1 1
199 177 -1 1
198 177 -1 1
197 177 -1 1
196 177 -1 1
195 177 -1 1
194 177 -1 1
193 177 -1 1
192 177 -1 1
191 177 -1 1
190 177 -1 1
189 177 -1 1
117 177 -1 0
116 177 -1 0
115 177 -1 0
114 177 -1 0
113 177 -1 0
112 177 -1 0
111 177 -1 0
110 177 -1 0
109 177 -1 0
108 177 -1 0
107 177 -1 0
200 176 -1 1
199 176 -1 1
198 176 -1 1
197 176 -1 1
196 176 -1 1
195 176 -1 1
194 176 -1 1
193 176 -1 1
192 176 -1 1
191 176 -1 1
190 176 -1 1
189 176 -1 1
116 176 -1 0
115 176 -1 0
114 176 -1 0
113 176 -1 0
112 176 -1 0
111 176 -1 0
110 176 -1 0
109 176 -1 0
108 176 -1 0
199 175 -1 1
198 175 -1 1
197 175 -1 1
196 175 -1 1
195 175 -1 1
194 175 -1 1
193 175 -1 1
192 175 -1 1
191 175 -1 1
190 175 -1 1
189 175 -1 1
113 175 -1 0
111 175 -1 0
199 174 -1 1
198 174 -1 1
197 174 -1 1
196 174 -1 1
195 174 -1 1
194 174 -1 1
193 174 -1 1
192 174 -1 1
191 174 -1 1
190 174 -1 1
189 174 -1 1
188 174 -1 1
198 173 -1 1
197 173 -1 1
196 173 -1 1
195 173 -1 1
194 173 -1 1
193 173 -1 1
192 173 -1 1
191 173 -1 1
190 173 -1 1
189 173 -1 1
188 173 -1 1
197 172 -1 1
196 172 -1 1
195 172 -1 1
194 172 -1 1
193 172 -1 1
192 172 -1 1
191 172 -1 1
190 172 -1 1
189 172 -1 1
188 172 -1 1
187 172 -1 1
197 171 -1 1
196 171 -1 1
195 171 -1 1
194 171 -1 1
193 171 -1 1
192 171 -1 1
191 171 -1 1
190 171 -1 1
189 171 -1 1
188 171 -1 1
187 171 -1 1
185 171 -1 1
197 170 -1 1
196 170 -1 1
195 170 -1 1
194 170 -1 1
193 170 -1 1
192 170 -1 1
191 170 -1 1
190 170 -1 1
189 170 -1 1
188 170 -1 1
187 170 -1 1
186 170 -1 1
185 170 -1 1
184 170 -1 1
183 170 -1 1
182 170 -1 1
196 169 -1 1
195 169 -1 1
194 169 -1 1
193 169 -1 1
192 169 -1 1
191 169 -1 1
190 169 -1 1
189 169 -1 1
188 169 -1 1
187 169 -1 1
186 169 -1 1
185 169 -1 1
184 169 -1 1
183 169 -1 1
182 169 -1 1
181 169 -1 1
196 168 -1 1
195 168 -1 1
194 168 -1 1
193 168 -1 1
192 168 -1 1
191 168 -1 1
190 168 -1 1
189 168 -1 1
188 168 -1 1
187 168 -1 1
186 168 -1 1
185 168 -1 1
184 168 -1 1
183 168 -1 1
182 168 -1 1
181 168 -1 1
196 167 -1 1
195 167 -1 1
194 167 -1 1
193 167 -1 1
192 167 -1 1
191 167 -1 1
190 167 -1 1
189 167 -1 1
188 167 -1 1
187 167 -1 1
186 167 -1 1
185 167 -1 1
184 167 -1 1
183 167 -1 1
182 167 -1 1
181 167 -1 1
195 166 -1 1
194 166 -1 1
193 166 -1 1
192 166 -1 1
191 166 -1 1
190 166 -1 1
189 166 -1 1
188 166 -1 1
187 166 -1 1
186 166 -1 1
185 166 -1 1
184 166 -1 1
183 166 -1 1
182 166 -1 1
181 166 -1 1
180 166 -1 1
195 165 -1 1
194 165 -1 1
193 165 -1 1
192 165 -1 1
191 165 -1 1
190 165 -1 1
189 165 -1 1
188 165 -1 1
187 165 -1 1
186 165 -1 1
185 165 -1 1
184 165 -1 1
183 165 -1 1
182 165 -1 1
181 165 -1 1
180 165 -1 1
194 164 -1 1
193 164 -1 1
192 164 -1 1
191 164 -1 1
190 164 -1 1
189 164 -1 1
188 164 -1 1
187 164 -1 1
186 164 -1 1
185 164 -1 1
184 164 -1 1
183 164 -1 1
182 164 -1 1
181 164 -1 1
180 164 -1 1
258 163 -1 0
193 163 -1 1
192 163 -1 1
191 163 -1 1
190 163 -1 1
189 163 -1 1
188 163 -1 1
187 163 -1 1
186 163 -1 1
185 163 -1 1
184 163 -1 1
183 163 -1 1
182 163 -1 1
181 163 -1 1
261 162 -1 0
260 162 -1 0
259 162 -1 0
258 162 -1 0
257 162 -1 0
256 162 -1 0
255 162 -1 0
192 162 -1 1
191 162 -1 1
190 162 -1 1
189 162 -1 1
188 162 -1 1
187 162 -1 1
186 162 -1 1
185 162 -1 1
184 162 -1 1
183 162 -1 1
182 162 -1 1
181 162 -1 1
262 161 -1 0
261 161 -1 0
260 161 -1 0
259 161 -1 0
258 161 -1 0
257 161 -1 0
256 161 -1 0
255 161 -1 0
254 161 -1 0
191 161 -1 1
190 161 -1 1
189 161 -1 1
188 161 -1 1
187 161 -1 1
186 161 -1 1
185 161 -1 1
184 161 -1 1
183 161 -1 1
182 161 -1 1
181 161 -1 1
262 160 -1 0
261 160 -1 0
260 160 -1 0
259 160 -1 0
258 160 -1 0
257 160 -1 0
256 160 -1 0
255 160 -1 0
254 160 -1 0
190 160 -1 1
189 160 -1 1
188 160 -1 1
187 160 -1 1
186 160 -1 1
185 160 -1 1
184 160 -1 1
183 160 -1 1
182 160 -1 1
262 159 -1 0
261 159 -1 0
260 159 -1 0
259 159 -1 0
258 159 -1 0
257 159 -1 0
256 159 -1 0
255 159 -1 0
254 159 -1 0
187 159 -1 1
186 159 -1 1
185 159 -1 1
263 158 -1 0
262 158 -1 0
261 158 -1 0
260 158 -1 0
259 158 -1 0
258 158 -1 0
257 158 -1 0
256 158 -1 0
255 158 -1 0
254 158 -1 0
253 158 -1 0
263 157 -1 0
262 157 -1 0
261 157 -1 0
260 157 -1 0
259 157 -1 0
258 157 -1 0
257 157 -1 0
256 157 -1 0
255 157 -1 0
254 157 -1 0
253 157 -1 0
262 156 -1 0
261 156 -1 0
260 156 -1 0
259 156 -1 0
258 156 -1 0
257 156 -1 0
256 156 -1 0
255 156 -1 0
254 156 -1 0
253 156 -1 0
263 155 -1 0
262 155 -1 0
261 155 -1 0
260 155 -1 0
259 155 -1 0
258 155 -1 0
257 155 -1 0
256 155 -1 0
255 155 -1 0
254 155 -1 0
253 155 -1 0
252 155 -1 0
263 154 -1 0
262 154 -1 0
261 154 -1 0
260 154 -1 0
259 154 -1 0
258 154 -1 0
257 154 -1 0
256 154 -1 0
255 154 -1 0
254 154 -1 0
253 154 -1 0
252 154 -1 0
251 154 -1 0
262 153 -1 0
261 153 -1 0
260 153 -1 0
259 153 -1 0
258 153 -1 0
257 153 -1 0
256 153 -1 0
255 153 -1 0
254 153 -1 0
253 153 -1 0
252 153 -1 0
251 153 -1 0
262 152 -1 0
261 152 -1 0
260 152 -1 0
259 152 -1 0
258 152 -1 0
257 152 -1 0
256 152 -1 0
255 152 -1 0
254 152 -1 0
253 152 -1 0
252 152 -1 0
251 152 -1 0
262 151 -1 0
261 151 -1 0
260 151 -1 0
259 151 -1 0
258 151 -1 0
257 151 -1 0
256 151 -1 0
255 151 -1 0
254 151 -1 0
253 151 -1 0
252 151 -1 0
251 151 -1 0
250 151 -1 0
261 150 -1 0
260 150 -1 0
259 150 -1 0
258 150 -1 0
257 150 -1 0
256 150 -1 0
255 150 -1 0
254 150 -1 0
253 150 -1 0
252 150 -1 0
251 150 -1 0
261 149 -1 0
260 149 -1 0
259 149 -1 0
258 149 -1 0
257 149 -1 0
256 149 -1 0
255 149 -1 0
254 149 -1 0
253 149 -1 0
252 149 -1 0
251 149 -1 0
250 149 -1 0
260 148 -1 0
259 148 -1 0
258 148 -1 0
257 148 -1 0
256 148 -1 0
255 148 -1 0
254 148 -1 0
253 148 -1 0
252 148 -1 0
251 148 -1 0
250 148 -1 0
260 147 -1 0
259 147 -1 0
258 147 -1 0
257 147 -1 0
256 147 -1 0
255 147 -1 0
254 147 -1 0
253 147 -1 0
252 147 -1 0
251 147 -1 0
250 147 -1 0
249 147 -1 0
259 146 -1 0
258 146 -1 0
257 146 -1 0
256 146 -1 0
255 146 -1 0
254 146 -1 0
253 146 -1 0
252 146 -1 0
251 146 -1 0
250 146 -1 0
249 146 -1 0
259 145 -1 0
258 145 -1 0
257 145 -1 0
256 145 -1 0
255 145 -1 0
254 145 -1 0
253 145 -1 0
252 145 -1 0
251 145 -1 0
250 145 -1 0
249 145 -1 0
259 144 -1 0
258 144 -1 0
257 144 -1 0
256 144 -1 0
255 144 -1 0
254 144 -1 0
253 144 -1 0
252 144 -1 0
251 144 -1 0
250 144 -1 0
249 144 -1 0
248 144 -1 0
258 143 -1 0
257 143 -1 0
256 143 -1 0
255 143 -1 0
254 143 -1 0
253 143 -1 0
252 143 -1 0
251 143 -1 0
250 143 -1 0
249 143 -1 0
248 143 -1 0
258 142 -1 0
257 142 -1 0
256 142 -1 0
255 142 -1 0
254 142 -1 0
253 142 -1 0
252 142 -1 0
251 142 -1 0
250 142 -1 0
249 142 -1 0
248 142 -1 0
247 142 -1 0
257 141 -1 0
256 141 -1 0
255 141 -1 0
254 141 -1 0
253 141 -1 0
252 141 -1 0
251 141 -1 0
250 141 -1 0
249 141 -1 0
248 141 -1 0
247 141 -1 0
258 140 -1 0
257 140 -1 0
256 140 -1 0
255 140 -1 0
254 140 -1 0
253 140 -1 0
252 140 -1 0
251 140 -1 0
250 140 -1 0
249 140 -1 0
248 140 -1 0
247 140 -1 0
257 139 -1 0
256 139 -1 0
255 139 -1 0
254 139 -1 0
253 139 -1 0
252 139 -1 0
251 139 -1 0
250 139 -1 0
249 139 -1 0
248 139 -1 0
247 139 -1 0
246 139 -1 0
257 138 -1 0
256 138 -1 0
255 138 -1 0
254 138 -1 0
253 138 -1 0
252 138 -1 0
251 138 -1 0
250 138 -1 0
249 138 -1 0
248 138 -1 0
247 138 -1 0
246 138 -1 0
257 137 -1 0
256 137 -1 0
255 137 -1 0
254 137 -1 0
253 137 -1 0
252 137 -1 0
251 137 -1 0
250 137 -1 0
249 137 -1 0
248 137 -1 0
247 137 -1 0
246 137 -1 0
256 136 -1 0
255 136 -1 0
254 136 -1 0
253 136 -1 0
252 136 -1 0
251 136 -1 0
250 136 -1 0
249 136 -1 0
248 136 -1 0
247 136 -1 0
246 136 -1 0
245 136 -1 0
255 135 -1 0
254 135 -1 0
253 135 -1 0
252 135 -1 0
251 135 -1 0
250 135 -1 0
249 135 -1 0
248 135 -1 0
247 135 -1 0
246 135 -1 0
245 135 -1 0
255 134 -1 0
254 134 -1 0
253 134 -1 0
252 134 -1 0
251 134 -1 0
250 134 -1 0
249 134 -1 0
248 134 -1 0
247 134 -1 0
246 134 -1 0
245 134 -1 0
244 134 -1 0
254 133 -1 0
253 133 -1 0
252 133 -1 0
251 133 -1 0
250 133 -1 0
249 133 -1 0
248 133 -1 0
247 133 -1 0
246 133 -1 0
245 133 -1 0
244 133 -1 0
243 133 -1 0
254 132 -1 0
253 132 -1 0
252 132 -1 0
251 132 -1 0
250 132 -1 0
249 132 -1 0
248 132 -1 0
247 132 -1 0
246 132 -1 0
245 132 -1 0
244 132 -1 0
243 132 -1 0
254 131 -1 0
253 131 -1 0
252 131 -1 0
251 131 -1 0
250 131 -1 0
249 131 -1 0
248 131 -1 0
247 131 -1 0
246 131 -1 0
245 131 -1 0
244 131 -1 0
243 131 -1 0
253 130 -1 0
252 130 -1 0
251 130 -1 0
250 130 -1 0
249 130 -1 0
248 130 -1 0
247 130 -1 0
246 130 -1 0
245 130 -1 0
244 130 -1 0
243 130 -1 0
242 130 -1 0
252 129 -1 0
251 129 -1 0
250 129 -1 0
249 129 -1 0
248 129 -1 0
247 129 -1 0
246 129 -1 0
245 129 -1 0
244 129 -1 0
243 129 -1 0
242 129 -1 0
251 128 -1 0
250 128 -1 0
249 128 -1 0
248 128 -1 0
247 128 -1 0
246 128 -1 0
245 128 -1 0
244 128 -1 0
243 128 -1 0
242 128 -1 0
241 128 -1 0
251 127 -1 0
250 127 -1 0
249 127 -1 0
248 127 -1 0
247 127 -1 0
246 127 -1 0
245 127 -1 0
244 127 -1 0
243 127 -1 0
242 127 -1 0
241 127 -1 0
250 126 -1 0
249 126 -1 0
248 126 -1 0
247 126 -1 0
246 126 -1 0
245 126 -1 0
244 126 -1 0
243 126 -1 0
242 126 -1 0
241 126 -1 0
250 125 -1 0
249 125 -1 0
248 125 -1 0
247 125 -1 0
246 125 -1 0
245 125 -1 0
244 125 -1 0
243 125 -1 0
242 125 -1 0
241 125 -1 0
240 125 -1 0
250 124 -1 0
249 124 -1 0
248 124 -1 0
247 124 -1 0
246 124 -1 0
245 124 -1 0
244 124 -1 0
243 124 -1 0
242 124 -1 0
241 124 -1 0
240 124 -1 0
249 123 -1 0
248 123 -1 0
247 123 -1 0
246 123 -1 0
245 123 -1 0
244 123 -1 0
243 123 -1 0
242 123 -1 0
241 123 -1 0
240 123 -1 0
249 122 -1 0
248 122 -1 0
247 122 -1 0
246 122 -1 0
245 122 -1 0
244 122 -1 0
243 122 -1 0
242 122 -1 0
241 122 -1 0
240 122 -1 0
239 122 -1 0
249 121 -1 0
248 121 -1 0
247 121 -1 0
246 121 -1 0
245 121 -1 0
244 121 -1 0
243 121 -1 0
242 121 -1 0
241 121 -1 0
240 121 -1 0
239 121 -1 0
248 120 -1 0
247 120 -1 0
246 120 -1 0
245 120 -1 0
244 120 -1 0
243 120 -1 0
242 120 -1 0
241 120 -1 0
240 120 -1 0
239 120 -1 0
248 119 -1 0
247 119 -1 0
246 119 -1 0
245 119 -1 0
244 119 -1 0
243 119 -1 0
242 119 -1 0
241 119 -1 0
240 119 -1 0
239 119 -1 0
238 119 -1 0
248 118 -1 0
247 118 -1 0
246 118 -1 0
245 118 -1 0
244 118 -1 0
243 118 -1 0
242 118 -1 0
241 118 -1 0
240 118 -1 0
239 118 -1 0
238 118 -1 0
237 118 -1 0
247 117 -1 0
246 117 -1 0
245 117 -1 0
244 117 -1 0
243 117 -1 0
242 117 -1 0
241 117 -1 0
240 117 -1 0
239 117 -1 0
238 117 -1 0
237 117 -1 0
247 116 -1 0
246 116 -1 0
245 116 -1 0
244 116 -1 0
243 116 -1 0
242 116 -1 0
241 116 -1 0
240 116 -1 0
239 116 -1 0
238 116 -1 0
237 116 -1 0
236 116 -1 0
247 115 -1 0
246 115 -1 0
245 115 -1 0
244 115 -1 0
243 115 -1 0
242 115 -1 0
241 115 -1 0
240 115 -1 0
239 115 -1 0
238 115 -1 0
237 115 -1 0
236 115 -1 0
235 115 -1 0
246 114 -1 0
245 114 -1 0
244 114 -1 0
243 114 -1 0
242 114 -1 0
241 114 -1 0
240 114 -1 0
239 114 -1 0
238 114 -1 0
237 114 -1 0
236 114 -1 0
235 114 -1 0
246 113 -1 0
245 113 -1 0
244 113 -1 0
243 113 -1 0
242 113 -1 0
241 113 -1 0
240 113 -1 0
239 113 -1 0
238 113 -1 0
237 113 -1 0
236 113 -1 0
235 113 -1 0
245 112 -1 0
244 112 -1 0
243 112 -1 0
242 112 -1 0
241 112 -1 0
240 112 -1 0
239 112 -1 0
238 112 -1 0
237 112 -1 0
236 112 -1 0
235 112 -1 0
234 112 -1 0
245 111 -1 0
244 111 -1 0
243 111 -1 0
242 111 -1 0
241 111 -1 0
240 111 -1 0
239 111 -1 0
238 111 -1 0
237 111 -1 0
236 111 -1 0
235 111 -1 0
234 111 -1 0
244 110 -1 0
243 110 -1 0
242 110 -1 0
241 110 -1 0
240 110 -1 0
239 110 -1 0
238 110 -1 0
237 110 -1 0
236 110 -1 0
235 110 -1 0
234 110 -1 0
233 110 -1 0
243 109 -1 0
242 109 -1 0
241 109 -1 0
240 109 -1 0
239 109 -1 0
238 109 -1 0
237 109 -1 0
236 109 -1 0
235 109 -1 0
234 109 -1 0
233 109 -1 0
243 108 -1 0
242 108 -1 0
241 108 -1 0
240 108 -1 0
239 108 -1 0
238 108 -1 0
237 108 -1 0
236 108 -1 0
235 108 -1 0
234 108 -1 0
233 108 -1 0
243 107 -1 0
242 107 -1 0
241 107 -1 0
240 107 -1 0
239 107 -1 0
238 107 -1 0
237 107 -1 0
236 107 -1 0
235 107 -1 0
234 107 -1 0
233 107 -1 0
232 107 -1 0
242 106 -1 0
241 106 -1 0
240 106 -1 0
239 106 -1 0
238 106 -1 0
237 106 -1 0
236 106 -1 0
235 106 -1 0
234 106 -1 0
233 106 -1 0
232 106 -1 0
231 106 -1 0
242 105 -1 0
241 105 -1 0
240 105 -1 0
239 105 -1 0
238 105 -1 0
237 105 -1 0
236 105 -1 0
235 105 -1 0
234 105 -1 0
233 105 -1 0
232 105 -1 0
231 105 -1 0
230 105 -1 0
242 104 -1 0
241 104 -1 0
240 104 -1 0
239 104 -1 0
238 104 -1 0
237 104 -1 0
236 104 -1 0
235 104 -1 0
234 104 -1 0
233 104 -1 0
232 104 -1 0
231 104 -1 0
230 104 -1 0
241 103 -1 0
240 103 -1 0
239 103 -1 0
238 103 -1 0
237 103 -1 0
236 103 -1 0
235 103 -1 0
234 103 -1 0
233 103 -1 0
232 103 -1 0
231 103 -1 0
230 103 -1 0
240 102 -1 0
239 102 -1 0
238 102 -1 0
237 102 -1 0
236 102 -1 0
235 102 -1 0
234 102 -1 0
233 102 -1 0
232 102 -1 0
231 102 -1 0
230 102 -1 0
229 102 -1 0
240 101 -1 0
239 101 -1 0
238 101 -1 0
237 101 -1 0
236 101 -1 0
235 101 -1 0
234 101 -1 0
233 101 -1 0
232 101 -1 0
231 101 -1 0
230 101 -1 0
229 101 -1 0
239 100 -1 0
238 100 -1 0
237 100 -1 0
236 100 -1 0
235 100 -1 0
234 100 -1 0
233 100 -1 0
232 100 -1 0
231 100 -1 0
230 100 -1 0
229 100 -1 0
238 99 -1 0
237 99 -1 0
236 99 -1 0
235 99 -1 0
234 99 -1 0
233 99 -1 0
232 99 -1 0
231 99 -1 0
230 99 -1 0
229 99 -1 0
238 98 -1 0
237 98 -1 0
236 98 -1 0
235 98 -1 0
234 98 -1 0
233 98 -1 0
232 98 -1 0
231 98 -1 0
230 98 -1 0
229 98 -1 0
228 98 -1 0
237 97 -1 0
236 97 -1 0
235 97 -1 0
234 97 -1 0
233 97 -1 0
232 97 -1 0
231 97 -1 0
230 97 -1 0
229 97 -1 0
228 97 -1 0
237 96 -1 0
236 96 -1 0
235 96 -1 0
234 96 -1 0
233 96 -1 0
232 96 -1 0
231 96 -1 0
230 96 -1 0
229 96 -1 0
228 96 -1 0
237 95 -1 0
236 95 -1 0
235 95 -1 0
234 95 -1 0
233 95 -1 0
232 95 -1 0
231 95 -1 0
230 95 -1 0
229 95 -1 0
228 95 -1 0
237 94 -1 0
236 94 -1 0
235 94 -1 0
234 94 -1 0
233 94 -1 0
232 94 -1 0
231 94 -1 0
230 94 -1 0
229 94 -1 0
228 94 -1 0
227 94 -1 0
226 94 -1 0
236 93 -1 0
235 93 -1 0
234 93 -1 0
233 93 -1 0
232 93 -1 0
231 93 -1 0
230 93 -1 0
229 93 -1 0
228 93 -1 0
227 93 -1 0
226 93 -1 0
225 93 -1 0
236 92 -1 0
235 92 -1 0
234 92 -1 0
233 92 -1 0
232 92 -1 0
231 92 -1 0
230 92 -1 0
229 92 -1 0
228 92 -1 0
227 92 -1 0
226 92 -1 0
225 92 -1 0
236 91 -1 0
235 91 -1 0
234 91 -1 0
233 91 -1 0
232 91 -1 0
231 91 -1 0
230 91 -1 0
229 91 -1 0
228 91 -1 0
227 91 -1 0
226 91 -1 0
225 91 -1 0
235 90 -1 0
234 90 -1 0
233 90 -1 0
232 90 -1 0
231 90 -1 0
230 90 -1 0
229 90 -1 0
228 90 -1 0
227 90 -1 0
226 90 -1 0
225 90 -1 0
224 90 -1 0
233 89 -1 0
232 89 -1 0
231 89 -1 0
230 89 -1 0
229 89 -1 0
228 89 -1 0
227 89 -1 0
226 89 -1 0
225 89 -1 0
224 89 -1 0
223 89 -1 0
233 88 -1 0
232 88 -1 0
231 88 -1 0
230 88 -1 0
229 88 -1 0
228 88 -1 0
227 88 -1 0
226 88 -1 0
225 88 -1 0
224 88 -1 0
223 88 -1 0
233 87 -1 0
232 87 -1 0
231 87 -1 0
230 87 -1 0
229 87 -1 0
228 87 -1 0
227 87 -1 0
226 87 -1 0
225 87 -1 0
224 87 -1 0
223 87 -1 0
232 86 -1 0
231 86 -1 0
230 86 -1 0
229 86 -1 0
228 86 -1 0
227 86 -1 0
226 86 -1 0
225 86 -1 0
224 86 -1 0
223 86 -1 0
222 86 -1 0
221 86 -1 0
231 85 -1 0
230 85 -1 0
229 85 -1 0
228 85 -1 0
227 85 -1 0
226 85 -1 0
225 85 -1 0
224 85 -1 0
223 85 -1 0
222 85 -1 0
221 85 -1 0
220 85 -1 0
231 84 -1 0
230 84 -1 0
229 84 -1 0
228 84 -1 0
227 84 -1 0
226 84 -1 0
225 84 -1 0
224 84 -1 0
223 84 -1 0
222 84 -1 0
221 84 -1 0
220 84 -1 0
231 83 -1 0
230 83 -1 0
229 83 -1 0
228 83 -1 0
227 83 -1 0
226 83 -1 0
225 83 -1 0
224 83 -1 0
223 83 -1 0
222 83 -1 0
221 83 -1 0
220 83 -1 0
230 82 -1 0
229 82 -1 0
228 82 -1 0
227 82 -1 0
226 82 -1 0
225 82 -1 0
224 82 -1 0
223 82 -1 0
222 82 -1 0
221 82 -1 0
220 82 -1 0
219 82 -1 0
230 81 -1 0
229 81 -1 0
228 81 -1 0
227 81 -1 0
226 81 -1 0
225 81 -1 0
224 81 -1 0
223 81 -1 0
222 81 -1 0
221 81 -1 0
220 81 -1 0
219 81 -1 0
230 80 -1 0
229 80 -1 0
228 80 -1 0
227 80 -1 0
226 80 -1 0
225 80 -1 0
224 80 -1 0
223 80 -1 0
222 80 -1 0
221 80 -1 0
220 80 -1 0
219 80 -1 0
229 79 -1 0
228 79 -1 0
227 79 -1 0
226 79 -1 0
225 79 -1 0
224 79 -1 0
223 79 -1 0
222 79 -1 0
221 79 -1 0
220 79 -1 0
219 79 -1 0
228 78 -1 0
227 78 -1 0
226 78 -1 0
225 78 -1 0
224 78 -1 0
223 78 -1 0
222 78 -1 0
221 78 -1 0
220 78 -1 0
219 78 -1 0
218 78 -1 0
227 77 -1 0
226 77 -1 0
225 77 -1 0
224 77 -1 0
223 77 -1 0
222 77 -1 0
221 77 -1 0
220 77 -1 0
219 77 -1 0
218 77 -1 0
227 76 -1 0
226 76 -1 0
225 76 -1 0
224 76 -1 0
223 76 -1 0
222 76 -1 0
221 76 -1 0
220 76 -1 0
219 76 -1 0
218 76 -1 0
227 75 -1 0
226 75 -1 0
225 75 -1 0
224 75 -1 0
223 75 -1 0
222 75 -1 0
221 75 -1 0
220 75 -1 0
219 75 -1 0
218 75 -1 0
227 74 -1 0
226 74 -1 0
225 74 -1 0
224 74 -1 0
223 74 -1 0
222 74 -1 0
221 74 -1 0
220 74 -1 0
219 74 -1 0
218 74 -1 0
217 74 -1 0
226 73 -1 0
225 73 -1 0
224 73 -1 0
223 73 -1 0
222 73 -1 0
221 73 -1 0
220 73 -1 0
219 73 -1 0
218 73 -1 0
226 72 -1 0
225 72 -1 0
224 72 -1 0
223 72 -1 0
222 72 -1 0
221 72 -1 0
220 72 -1 0
219 72 -1 0
218 72 -1 0
227 71 -1 0
226 71 -1 0
225 71 -1 0
224 71 -1 0
223 71 -1 0
222 71 -1 0
221 71 -1 0
220 71 -1 0
219 71 -1 0
218 71 -1 0
217 71 -1 0
226 70 -1 0
225 70 -1 0
224 70 -1 0
223 70 -1 0
222 70 -1 0
221 70 -1 0
220 70 -1 0
219 70 -1 0
218 70 -1 0
227 69 -1 0
226 69 -1 0
225 69 -1 0
224 69 -1 0
223 69 -1 0
222 69 -1 0
221 69 -1 0
220 69 -1 0
219 69 -1 0
218 69 -1 0
217 69 -1 0
226 68 -1 0
225 68 -1 0
224 68 -1 0
223 68 -1 0
222 68 -1 0
221 68 -1 0
220 68 -1 0
219 68 -1 0
218 68 -1 0
226 67 -1 0
225 67 -1 0
224 67 -1 0
223 67 -1 0
222 67 -1 0
221 67 -1 0
220 67 -1 0
219 67 -1 0
218 67 -1 0
226 66 -1 0
225 66 -1 0
224 66 -1 0
223 66 -1 0
222 66 -1 0
221 66 -1 0
220 66 -1 0
219 66 -1 0
218 66 -1 0
225 65 -1 0
224 65 -1 0
223 65 -1 0
222 65 -1 0
221 65 -1 0
220 65 -1 0
219 65 -1 0
222 64 -1 0
