2763 408 341
350 287 -1 0
349 287 -1 0
347 287 -1 0
353 286 -1 0
352 286 -1 0
351 286 -1 0
350 286 -1 0
349 286 -1 0
348 286 -1 0
347 286 -1 0
346 286 -1 0
345 286 -1 0
344 286 -1 0
354 285 -1 0
353 285 -1 0
352 285 -1 0
351 285 -1 0
350 285 -1 0
349 285 -1 0
348 285 -1 0
347 285 -1 0
346 285 -1 0
345 285 -1 0
344 285 -1 0
343 285 -1 0
354 284 -1 0
353 284 -1 0
352 284 -1 0
351 284 -1 0
350 284 -1 0
349 284 -1 0
348 284 -1 0
347 284 -1 0
346 284 -1 0
345 284 -1 0
344 284 -1 0
343 284 -1 0
355 283 -1 0
354 283 -1 0
353 283 -1 0
352 283 -1 0
351 283 -1 0
350 283 -1 0
349 283 -1 0
348 283 -1 0
347 283 -1 0
346 283 -1 0
345 283 -1 0
344 283 -1 0
343 283 -1 0
356 282 -1 0
355 282 -1 0
354 282 -1 0
353 282 -1 0
352 282 -1 0
351 282 -1 0
350 282 -1 0
349 282 -1 0
348 282 -1 0
347 282 -1 0
346 282 -1 0
345 282 -1 0
344 282 -1 0
343 282 -1 0
342 282 -1 0
357 281 -1 0
356 281 -1 0
355 281 -1 0
354 281 -1 0
353 281 -1 0
352 281 -1 0
351 281 -1 0
350 281 -1 0
349 281 -1 0
348 281 -1 0
347 281 -1 0
346 281 -1 0
345 281 -1 0
344 281 -1 0
343 281 -1 0
357 280 -1 0
356 280 -1 0
355 280 -1 0
354 280 -1 0
353 280 -1 0
352 280 -1 0
351 280 -1 0
350 280 -1 0
349 280 -1 0
348 280 -1 0
347 280 -1 0
346 280 -1 0
345 280 -1 0
344 280 -1 0
343 280 -1 0
357 279 -1 0
356 279 -1 0
355 279 -1 0
354 279 -1 0
353 279 -1 0
352 279 -1 0
351 279 -1 0
350 279 -1 0
349 279 -1 0
348 279 -1 0
347 279 -1 0
346 279 -1 0
345 279 -1 0
344 279 -1 0
343 279 -1 0
358 278 -1 0
357 278 -1 0
356 278 -1 0
355 278 -1 0
354 278 -1 0
353 278 -1 0
352 278 -1 0
351 278 -1 0
350 278 -1 0
349 278 -1 0
348 278 -1 0
347 278 -1 0
346 278 -1 0
345 278 -1 0
344 278 -1 0
357 277 -1 0
356 277 -1 0
355 277 -1 0
354 277 -1 0
353 277 -1 0
352 277 -1 0
351 277 -1 0
350 277 -1 0
349 277 -1 0
348 277 -1 0
347 277 -1 0
358 276 -1 0
357 276 -1 0
356 276 -1 0
355 276 -1 0
354 276 -1 0
353 276 -1 0
352 276 -1 0
351 276 -1 0
350 276 -1 0
349 276 -1 0
348 276 -1 0
358 275 -1 0
357 275 -1 0
356 275 -1 0
355 275 -1 0
354 275 -1 0
353 275 -1 0
352 275 -1 0
351 275 -1 0
350 275 -1 0
349 275 -1 0
348 275 -1 0
359 274 -1 0
358 274 -1 0
357 274 -1 0
356 274 -1 0
355 274 -1 0
354 274 -1 0
353 274 -1 0
352 274 -1 0
351 274 -1 0
350 274 -1 0
349 274 -1 0
360 273 -1 0
359 273 -1 0
358 273 -1 0
357 273 -1 0
356 273 -1 0
355 273 -1 0
354 273 -1 0
353 273 -1 0
352 273 -1 0
351 273 -1 0
350 273 -1 0
349 273 -1 0
360 272 -1 0
359 272 -1 0
358 272 -1 0
357 272 -1 0
356 272 -1 0
355 272 -1 0
354 272 -1 0
353 272 -1 0
352 272 -1 0
351 272 -1 0
350 272 -1 0
349 272 -1 0
361 271 -1 0
360 271 -1 0
359 271 -1 0
358 271 -1 0
357 271 -1 0
356 271 -1 0
355 271 -1 0
354 271 -1 0
353 271 -1 0
352 271 -1 0
351 271 -1 0
350 271 -1 0
361 270 -1 0
360 270 -1 0
359 270 -1 0
358 270 -1 0
357 270 -1 0
356 270 -1 0
355 270 -1 0
354 270 -1 0
353 270 -1 0
352 270 -1 0
351 270 -1 0
350 270 -1 0
361 269 -1 0
360 269 -1 0
359 269 -1 0
358 269 -1 0
357 269 -1 0
356 269 -1 0
355 269 -1 0
354 269 -1 0
353 269 -1 0
352 269 -1 0
351 269 -1 0
350 269 -1 0
362 268 -1 0
361 268 -1 0
360 268 -1 0
359 268 -1 0
358 268 -1 0
357 268 -1 0
356 268 -1 0
355 268 -1 0
354 268 -1 0
353 268 -1 0
352 268 -1 0
351 268 -1 0
362 267 -1 0
361 267 -1 0
360 267 -1 0
359 267 -1 0
358 267 -1 0
357 267 -1 0
356 267 -1 0
355 267 -1 0
354 267 -1 0
353 267 -1 0
352 267 -1 0
362 266 -1 0
361 266 -1 0
360 266 -1 0
359 266 -1 0
358 266 -1 0
357 266 -1 0
356 266 -1 0
355 266 -1 0
354 266 -1 0
353 266 -1 0
363 265 -1 0
362 265 -1 0
361 265 -1 0
360 265 -1 0
359 265 -1 0
358 265 -1 0
357 265 -1 0
356 265 -1 0
355 265 -1 0
354 265 -1 0
353 265 -1 0
363 264 -1 0
362 264 -1 0
361 264 -1 0
360 264 -1 0
359 264 -1 0
358 264 -1 0
357 264 -1 0
356 264 -1 0
355 264 -1 0
354 264 -1 0
363 263 -1 0
362 263 -1 0
361 263 -1 0
360 263 -1 0
359 263 -1 0
358 263 -1 0
357 263 -1 0
356 263 -1 0
355 263 -1 0
354 263 -1 0
363 262 -1 0
362 262 -1 0
361 262 -1 0
360 262 -1 0
359 262 -1 0
358 262 -1 0
357 262 -1 0
356 262 -1 0
355 262 -1 0
354 262 -1 0
364 261 -1 0
363 261 -1 0
362 261 -1 0
361 261 -1 0
360 261 -1 0
359 261 -1 0
358 261 -1 0
357 261 -1 0
356 261 -1 0
355 261 -1 0
354 261 -1 0
365 260 -1 0
364 260 -1 0
363 260 -1 0
362 260 -1 0
361 260 -1 0
360 260 -1 0
359 260 -1 0
358 260 -1 0
357 260 -1 0
356 260 -1 0
355 260 -1 0
365 259 -1 0
364 259 -1 0
363 259 -1 0
362 259 -1 0
361 259 -1 0
360 259 -1 0
359 259 -1 0
358 259 -1 0
357 259 -1 0
356 259 -1 0
355 259 -1 0
365 258 -1 0
364 258 -1 0
363 258 -1 0
362 258 -1 0
361 258 -1 0
360 258 -1 0
359 258 -1 0
358 258 -1 0
357 258 -1 0
356 258 -1 0
355 258 -1 0
366 257 -1 0
365 257 -1 0
364 257 -1 0
363 257 -1 0
362 257 -1 0
361 257 -1 0
360 257 -1 0
359 257 -1 0
358 257 -1 0
357 257 -1 0
356 257 -1 0
366 256 -1 0
365 256 -1 0
364 256 -1 0
363 256 -1 0
362 256 -1 0
361 256 -1 0
360 256 -1 0
359 256 -1 0
358 256 -1 0
357 256 -1 0
366 255 -1 0
365 255 -1 0
364 255 -1 0
363 255 -1 0
362 255 -1 0
361 255 -1 0
360 255 -1 0
359 255 -1 0
358 255 -1 0
357 255 -1 0
366 254 -1 0
365 254 -1 0
364 254 -1 0
363 254 -1 0
362 254 -1 0
361 254 -1 0
360 254 -1 0
359 254 -1 0
358 254 -1 0
357 254 -1 0
367 253 -1 0
366 253 -1 0
365 253 -1 0
364 253 -1 0
363 253 -1 0
362 253 -1 0
361 253 -1 0
360 253 -1 0
359 253 -1 0
358 253 -1 0
357 253 -1 0
366 252 -1 0
365 252 -1 0
364 252 -1 0
363 252 -1 0
362 252 -1 0
361 252 -1 0
360 252 -1 0
359 252 -1 0
358 252 -1 0
367 251 -1 0
366 251 -1 0
365 251 -1 0
364 251 -1 0
363 251 -1 0
362 251 -1 0
361 251 -1 0
360 251 -1 0
359 251 -1 0
358 251 -1 0
357 251 -1 0
367 250 -1 0
366 250 -1 0
365 250 -1 0
364 250 -1 0
363 250 -1 0
362 250 -1 0
361 250 -1 0
360 250 -1 0
359 250 -1 0
358 250 -1 0
367 249 -1 0
366 249 -1 0
365 249 -1 0
364 249 -1 0
363 249 -1 0
362 249 -1 0
361 249 -1 0
360 249 -1 0
359 249 -1 0
358 249 -1 0
367 248 -1 0
366 248 -1 0
365 248 -1 0
364 248 -1 0
363 248 -1 0
362 248 -1 0
361 248 -1 0
360 248 -1 0
359 248 -1 0
358 248 -1 0
368 247 -1 0
367 247 -1 0
366 247 -1 0
365 247 -1 0
364 247 -1 0
363 247 -1 0
362 247 -1 0
361 247 -1 0
360 247 -1 0
359 247 -1 0
358 247 -1 0
367 246 -1 0
366 246 -1 0
365 246 -1 0
364 246 -1 0
363 246 -1 0
362 246 -1 0
361 246 -1 0
360 246 -1 0
359 246 -1 0
369 245 -1 0
368 245 -1 0
367 245 -1 0
366 245 -1 0
365 245 -1 0
364 245 -1 0
363 245 -1 0
362 245 -1 0
361 245 -1 0
360 245 -1 0
359 245 -1 0
370 244 -1 0
369 244 -1 0
368 244 -1 0
367 244 -1 0
366 244 -1 0
365 244 -1 0
364 244 -1 0
363 244 -1 0
362 244 -1 0
361 244 -1 0
360 244 -1 0
359 244 -1 0
370 243 -1 0
369 243 -1 0
368 243 -1 0
367 243 -1 0
366 243 -1 0
365 243 -1 0
364 243 -1 0
363 243 -1 0
362 243 -1 0
361 243 -1 0
360 243 -1 0
370 242 -1 0
369 242 -1 0
368 242 -1 0
367 242 -1 0
366 242 -1 0
365 242 -1 0
364 242 -1 0
363 242 -1 0
362 242 -1 0
371 241 -1 0
370 241 -1 0
369 241 -1 0
368 241 -1 0
367 241 -1 0
366 241 -1 0
365 241 -1 0
364 241 -1 0
363 241 -1 0
362 241 -1 0
361 241 -1 0
370 240 -1 0
369 240 -1 0
368 240 -1 0
367 240 -1 0
366 240 -1 0
365 240 -1 0
364 240 -1 0
363 240 -1 0
362 240 -1 0
371 239 -1 0
370 239 -1 0
369 239 -1 0
368 239 -1 0
367 239 -1 0
366 239 -1 0
365 239 -1 0
364 239 -1 0
363 239 -1 0
362 239 -1 0
361 239 -1 0
370 238 -1 0
369 238 -1 0
368 238 -1 0
367 238 -1 0
366 238 -1 0
365 238 -1 0
364 238 -1 0
363 238 -1 0
362 238 -1 0
370 237 -1 0
369 237 -1 0
368 237 -1 0
367 237 -1 0
366 237 -1 0
365 237 -1 0
364 237 -1 0
363 237 -1 0
362 237 -1 0
370 236 -1 0
369 236 -1 0
368 236 -1 0
367 236 -1 0
366 236 -1 0
365 236 -1 0
364 236 -1 0
363 236 -1 0
362 236 -1 0
370 235 -1 0
369 235 -1 0
368 235 -1 0
367 235 -1 0
366 235 -1 0
365 235 -1 0
364 235 -1 0
363 235 -1 0
362 235 -1 0
370 234 -1 0
369 234 -1 0
368 234 -1 0
367 234 -1 0
366 234 -1 0
365 234 -1 0
364 234 -1 0
363 234 -1 0
362 234 -1 0
371 233 -1 0
370 233 -1 0
369 233 -1 0
368 233 -1 0
367 233 -1 0
366 233 -1 0
365 233 -1 0
364 233 -1 0
363 233 -1 0
362 233 -1 0
361 233 -1 0
370 232 -1 0
369 232 -1 0
368 232 -1 0
367 232 -1 0
366 232 -1 0
365 232 -1 0
364 232 -1 0
363 232 -1 0
362 232 -1 0
371 231 -1 0
370 231 -1 0
369 231 -1 0
368 231 -1 0
367 231 -1 0
366 231 -1 0
365 231 -1 0
364 231 -1 0
363 231 -1 0
362 231 -1 0
372 230 -1 0
371 230 -1 0
370 230 -1 0
369 230 -1 0
368 230 -1 0
367 230 -1 0
366 230 -1 0
365 230 -1 0
364 230 -1 0
363 230 -1 0
362 230 -1 0
372 229 -1 0
371 229 -1 0
370 229 -1 0
369 229 -1 0
368 229 -1 0
367 229 -1 0
366 229 -1 0
365 229 -1 0
364 229 -1 0
363 229 -1 0
372 228 -1 0
371 228 -1 0
370 228 -1 0
369 228 -1 0
368 228 -1 0
367 228 -1 0
366 228 -1 0
365 228 -1 0
364 228 -1 0
373 227 -1 0
372 227 -1 0
371 227 -1 0
370 227 -1 0
369 227 -1 0
368 227 -1 0
367 227 -1 0
366 227 -1 0
365 227 -1 0
364 227 -1 0
363 227 -1 0
372 226 -1 0
371 226 -1 0
370 226 -1 0
369 226 -1 0
368 226 -1 0
367 226 -1 0
366 226 -1 0
365 226 -1 0
364 226 -1 0
372 225 -1 0
371 225 -1 0
370 225 -1 0
369 225 -1 0
368 225 -1 0
367 225 -1 0
366 225 -1 0
365 225 -1 0
364 225 -1 0
373 224 -1 0
372 224 -1 0
371 224 -1 0
370 224 -1 0
369 224 -1 0
368 224 -1 0
367 224 -1 0
366 224 -1 0
365 224 -1 0
364 224 -1 0
363 224 -1 0
372 223 -1 0
371 223 -1 0
370 223 -1 0
369 223 -1 0
368 223 -1 0
367 223 -1 0
366 223 -1 0
365 223 -1 0
364 223 -1 0
372 222 -1 0
371 222 -1 0
370 222 -1 0
369 222 -1 0
368 222 -1 0
367 222 -1 0
366 222 -1 0
365 222 -1 0
364 222 -1 0
372 221 -1 0
371 221 -1 0
370 221 -1 0
369 221 -1 0
368 221 -1 0
367 221 -1 0
366 221 -1 0
365 221 -1 0
364 221 -1 0
291 221 -1 1
373 220 -1 0
372 220 -1 0
371 220 -1 0
370 220 -1 0
369 220 -1 0
368 220 -1 0
367 220 -1 0
366 220 -1 0
365 220 -1 0
294 220 -1 1
293 220 -1 1
292 220 -1 1
291 220 -1 1
290 220 -1 1
289 220 -1 1
288 220 -1 1
373 219 -1 0
372 219 -1 0
371 219 -1 0
370 219 -1 0
369 219 -1 0
368 219 -1 0
367 219 -1 0
366 219 -1 0
365 219 -1 0
295 219 -1 1
294 219 -1 1
293 219 -1 1
292 219 -1 1
291 219 -1 1
290 219 -1 1
289 219 -1 1
288 219 -1 1
287 219 -1 1
373 218 -1 0
372 218 -1 0
371 218 -1 0
370 218 -1 0
369 218 -1 0
368 218 -1 0
367 218 -1 0
366 218 -1 0
365 218 -1 0
295 218 -1 1
294 218 -1 1
293 218 -1 1
292 218 -1 1
291 218 -1 1
290 218 -1 1
289 218 -1 1
288 218 -1 1
287 218 -1 1
374 217 -1 0
373 217 -1 0
372 217 -1 0
371 217 -1 0
370 217 -1 0
369 217 -1 0
368 217 -1 0
367 217 -1 0
366 217 -1 0
365 217 -1 0
364 217 -1 0
295 217 -1 1
294 217 -1 1
293 217 -1 1
292 217 -1 1
291 217 -1 1
290 217 -1 1
289 217 -1 1
288 217 -1 1
287 217 -1 1
374 216 -1 0
373 216 -1 0
372 216 -1 0
371 216 -1 0
370 216 -1 0
369 216 -1 0
368 216 -1 0
367 216 -1 0
366 216 -1 0
365 216 -1 0
296 216 -1 1
295 216 -1 1
294 216 -1 1
293 216 -1 1
292 216 -1 1
291 216 -1 1
290 216 -1 1
289 216 -1 1
288 216 -1 1
287 216 -1 1
286 216 -1 1
374 215 -1 0
373 215 -1 0
372 215 -1 0
371 215 -1 0
370 215 -1 0
369 215 -1 0
368 215 -1 0
367 215 -1 0
366 215 -1 0
365 215 -1 0
296 215 -1 1
295 215 -1 1
294 215 -1 1
293 215 -1 1
292 215 -1 1
291 215 -1 1
290 215 -1 1
289 215 -1 1
288 215 -1 1
287 215 -1 1
286 215 -1 1
374 214 -1 0
373 214 -1 0
372 214 -1 0
371 214 -1 0
370 214 -1 0
369 214 -1 0
368 214 -1 0
367 214 -1 0
366 214 -1 0
365 214 -1 0
296 214 -1 1
295 214 -1 1
294 214 -1 1
293 214 -1 1
292 214 -1 1
291 214 -1 1
290 214 -1 1
289 214 -1 1
288 214 -1 1
287 214 -1 1
286 214 -1 1
375 213 -1 0
374 213 -1 0
373 213 -1 0
372 213 -1 0
371 213 -1 0
370 213 -1 0
369 213 -1 0
368 213 -1 0
367 213 -1 0
366 213 -1 0
365 213 -1 0
295 213 -1 1
294 213 -1 1
293 213 -1 1
292 213 -1 1
291 213 -1 1
290 213 -1 1
289 213 -1 1
288 213 -1 1
287 213 -1 1
374 212 -1 0
373 212 -1 0
372 212 -1 0
371 212 -1 0
370 212 -1 0
369 212 -1 0
368 212 -1 0
367 212 -1 0
366 212 -1 0
295 212 -1 1
294 212 -1 1
293 212 -1 1
292 212 -1 1
291 212 -1 1
290 212 -1 1
289 212 -1 1
288 212 -1 1
287 212 -1 1
374 211 -1 0
373 211 -1 0
372 211 -1 0
371 211 -1 0
370 211 -1 0
369 211 -1 0
368 211 -1 0
367 211 -1 0
366 211 -1 0
296 211 -1 1
295 211 -1 1
294 211 -1 1
293 211 -1 1
292 211 -1 1
291 211 -1 1
290 211 -1 1
289 211 -1 1
288 211 -1 1
287 211 -1 1
286 211 -1 1
374 210 -1 0
373 210 -1 0
372 210 -1 0
371 210 -1 0
370 210 -1 0
369 210 -1 0
368 210 -1 0
367 210 -1 0
366 210 -1 0
295 210 -1 1
294 210 -1 1
293 210 -1 1
292 210 -1 1
291 210 -1 1
290 210 -1 1
289 210 -1 1
288 210 -1 1
287 210 -1 1
375 209 -1 0
374 209 -1 0
373 209 -1 0
372 209 -1 0
371 209 -1 0
370 209 -1 0
369 209 -1 0
368 209 -1 0
367 209 -1 0
366 209 -1 0
365 209 -1 0
296 209 -1 1
295 209 -1 1
294 209 -1 1
293 209 -1 1
292 209 -1 1
291 209 -1 1
290 209 -1 1
289 209 -1 1
288 209 -1 1
287 209 -1 1
286 209 -1 1
374 208 -1 0
373 208 -1 0
372 208 -1 0
371 208 -1 0
370 208 -1 0
369 208 -1 0
368 208 -1 0
367 208 -1 0
366 208 -1 0
295 208 -1 1
294 208 -1 1
293 208 -1 1
292 208 -1 1
291 208 -1 1
290 208 -1 1
289 208 -1 1
288 208 -1 1
287 208 -1 1
374 207 -1 0
373 207 -1 0
372 207 -1 0
371 207 -1 0
370 207 -1 0
369 207 -1 0
368 207 -1 0
367 207 -1 0
366 207 -1 0
295 207 -1 1
294 207 -1 1
293 207 -1 1
292 207 -1 1
291 207 -1 1
290 207 -1 1
289 207 -1 1
288 207 -1 1
287 207 -1 1
374 206 -1 0
373 206 -1 0
372 206 -1 0
371 206 -1 0
370 206 -1 0
369 206 -1 0
368 206 -1 0
367 206 -1 0
366 206 -1 0
295 206 -1 1
294 206 -1 1
293 206 -1 1
292 206 -1 1
291 206 -1 1
290 206 -1 1
289 206 -1 1
288 206 -1 1
287 206 -1 1
374 205 -1 0
373 205 -1 0
372 205 -1 0
371 205 -1 0
370 205 -1 0
369 205 -1 0
368 205 -1 0
367 205 -1 0
366 205 -1 0
295 205 -1 1
294 205 -1 1
293 205 -1 1
292 205 -1 1
291 205 -1 1
290 205 -1 1
289 205 -1 1
288 205 -1 1
287 205 -1 1
375 204 -1 0
374 204 -1 0
373 204 -1 0
372 204 -1 0
371 204 -1 0
370 204 -1 0
369 204 -1 0
368 204 -1 0
367 204 -1 0
366 204 -1 0
365 204 -1 0
296 204 -1 1
295 204 -1 1
294 204 -1 1
293 204 -1 1
292 204 -1 1
291 204 -1 1
290 204 -1 1
289 204 -1 1
288 204 -1 1
287 204 -1 1
286 204 -1 1
374 203 -1 0
373 203 -1 0
372 203 -1 0
371 203 -1 0
370 203 -1 0
369 203 -1 0
368 203 -1 0
367 203 -1 0
366 203 -1 0
295 203 -1 1
294 203 -1 1
293 203 -1 1
292 203 -1 1
291 203 -1 1
290 203 -1 1
289 203 -1 1
288 203 -1 1
287 203 -1 1
374 202 -1 0
373 202 -1 0
372 202 -1 0
371 202 -1 0
370 202 -1 0
369 202 -1 0
368 202 -1 0
367 202 -1 0
366 202 -1 0
295 202 -1 1
294 202 -1 1
293 202 -1 1
292 202 -1 1
291 202 -1 1
290 202 -1 1
289 202 -1 1
288 202 -1 1
287 202 -1 1
210 202 -1 0
374 201 -1 0
373 201 -1 0
372 201 -1 0
371 201 -1 0
370 201 -1 0
369 201 -1 0
368 201 -1 0
367 201 -1 0
366 201 -1 0
295 201 -1 1
294 201 -1 1
293 201 -1 1
292 201 -1 1
291 201 -1 1
290 201 -1 1
289 201 -1 1
288 201 -1 1
287 201 -1 1
213 201 -1 0
212 201 -1 0
211 201 -1 0
210 201 -1 0
209 201 -1 0
208 201 -1 0
207 201 -1 0
374 200 -1 0
373 200 -1 0
372 200 -1 0
371 200 -1 0
370 200 -1 0
369 200 -1 0
368 200 -1 0
367 200 -1 0
366 200 -1 0
296 200 -1 1
295 200 -1 1
294 200 -1 1
293 200 -1 1
292 200 -1 1
291 200 -1 1
290 200 -1 1
289 200 -1 1
288 200 -1 1
287 200 -1 1
286 200 -1 1
214 200 -1 0
213 200 -1 0
212 200 -1 0
211 200 -1 0
210 200 -1 0
209 200 -1 0
208 200 -1 0
207 200 -1 0
206 200 -1 0
375 199 -1 0
374 199 -1 0
373 199 -1 0
372 199 -1 0
371 199 -1 0
370 199 -1 0
369 199 -1 0
368 199 -1 0
367 199 -1 0
366 199 -1 0
365 199 -1 0
295 199 -1 1
294 199 -1 1
293 199 -1 1
292 199 -1 1
291 199 -1 1
290 199 -1 1
289 199 -1 1
288 199 -1 1
287 199 -1 1
214 199 -1 0
213 199 -1 0
212 199 -1 0
211 199 -1 0
210 199 -1 0
209 199 -1 0
208 199 -1 0
207 199 -1 0
206 199 -1 0
374 198 -1 0
373 198 -1 0
372 198 -1 0
371 198 -1 0
370 198 -1 0
369 198 -1 0
368 198 -1 0
367 198 -1 0
366 198 -1 0
295 198 -1 1
294 198 -1 1
293 198 -1 1
292 198 -1 1
291 198 -1 1
290 198 -1 1
289 198 -1 1
288 198 -1 1
287 198 -1 1
214 198 -1 0
213 198 -1 0
212 198 -1 0
211 198 -1 0
210 198 -1 0
209 198 -1 0
208 198 -1 0
207 198 -1 0
206 198 -1 0
374 197 -1 0
373 197 -1 0
372 197 -1 0
371 197 -1 0
370 197 -1 0
369 197 -1 0
368 197 -1 0
367 197 -1 0
366 197 -1 0
295 197 -1 1
294 197 -1 1
293 197 -1 1
292 197 -1 1
291 197 -1 1
290 197 -1 1
289 197 -1 1
288 197 -1 1
287 197 -1 1
215 197 -1 0
214 197 -1 0
213 197 -1 0
212 197 -1 0
211 197 -1 0
210 197 -1 0
209 197 -1 0
208 197 -1 0
207 197 -1 0
206 197 -1 0
205 197 -1 0
375 196 -1 0
374 196 -1 0
373 196 -1 0
372 196 -1 0
371 196 -1 0
370 196 -1 0
369 196 -1 0
368 196 -1 0
367 196 -1 0
366 196 -1 0
365 196 -1 0
295 196 -1 1
294 196 -1 1
293 196 -1 1
292 196 -1 1
291 196 -1 1
290 196 -1 1
289 196 -1 1
288 196 -1 1
287 196 -1 1
215 196 -1 0
214 196 -1 0
213 196 -1 0
212 196 -1 0
211 196 -1 0
210 196 -1 0
209 196 -1 0
208 196 -1 0
207 196 -1 0
206 196 -1 0
205 196 -1 0
374 195 -1 0
373 195 -1 0
372 195 -1 0
371 195 -1 0
370 195 -1 0
369 195 -1 0
368 195 -1 0
367 195 -1 0
366 195 -1 0
295 195 -1 1
294 195 -1 1
293 195 -1 1
292 195 -1 1
291 195 -1 1
290 195 -1 1
289 195 -1 1
288 195 -1 1
287 195 -1 1
215 195 -1 0
214 195 -1 0
213 195 -1 0
212 195 -1 0
211 195 -1 0
210 195 -1 0
209 195 -1 0
208 195 -1 0
207 195 -1 0
206 195 -1 0
205 195 -1 0
374 194 -1 0
373 194 -1 0
372 194 -1 0
371 194 -1 0
370 194 -1 0
369 194 -1 0
368 194 -1 0
367 194 -1 0
366 194 -1 0
295 194 -1 1
294 194 -1 1
293 194 -1 1
292 194 -1 1
291 194 -1 1
290 194 -1 1
289 194 -1 1
288 194 -1 1
287 194 -1 1
215 194 -1 0
214 194 -1 0
213 194 -1 0
212 194 -1 0
211 194 -1 0
210 194 -1 0
209 194 -1 0
208 194 -1 0
207 194 -1 0
206 194 -1 0
205 194 -1 0
374 193 -1 0
373 193 -1 0
372 193 -1 0
371 193 -1 0
370 193 -1 0
369 193 -1 0
368 193 -1 0
367 193 -1 0
366 193 -1 0
296 193 -1 1
295 193 -1 1
294 193 -1 1
293 193 -1 1
292 193 -1 1
291 193 -1 1
290 193 -1 1
289 193 -1 1
288 193 -1 1
287 193 -1 1
286 193 -1 1
214 193 -1 0
213 193 -1 0
212 193 -1 0
211 193 -1 0
210 193 -1 0
209 193 -1 0
208 193 -1 0
207 193 -1 0
206 193 -1 0
373 192 -1 0
372 192 -1 0
371 192 -1 0
370 192 -1 0
369 192 -1 0
368 192 -1 0
367 192 -1 0
295 192 -1 1
294 192 -1 1
293 192 -1 1
292 192 -1 1
291 192 -1 1
290 192 -1 1
289 192 -1 1
288 192 -1 1
287 192 -1 1
215 192 -1 0
214 192 -1 0
213 192 -1 0
212 192 -1 0
211 192 -1 0
210 192 -1 0
209 192 -1 0
208 192 -1 0
207 192 -1 0
206 192 -1 0
205 192 -1 0
370 191 -1 0
295 191 -1 1
294 191 -1 1
293 191 -1 1
292 191 -1 1
291 191 -1 1
290 191 -1 1
289 191 -1 1
288 191 -1 1
287 191 -1 1
215 191 -1 0
214 191 -1 0
213 191 -1 0
212 191 -1 0
211 191 -1 0
210 191 -1 0
209 191 -1 0
208 191 -1 0
207 191 -1 0
206 191 -1 0
296 190 -1 1
295 190 -1 1
294 190 -1 1
293 190 -1 1
292 190 -1 1
291 190 -1 1
290 190 -1 1
289 190 -1 1
288 190 -1 1
287 190 -1 1
286 190 -1 1
215 190 -1 0
214 190 -1 0
213 190 -1 0
212 190 -1 0
211 190 -1 0
210 190 -1 0
209 190 -1 0
208 190 -1 0
207 190 -1 0
206 190 -1 0
295 189 -1 1
294 189 -1 1
293 189 -1 1
292 189 -1 1
291 189 -1 1
290 189 -1 1
289 189 -1 1
288 189 -1 1
287 189 -1 1
215 189 -1 0
214 189 -1 0
213 189 -1 0
212 189 -1 0
211 189 -1 0
210 189 -1 0
209 189 -1 0
208 189 -1 0
207 189 -1 0
206 189 -1 0
295 188 -1 1
294 188 -1 1
293 188 -1 1
292 188 -1 1
291 188 -1 1
290 188 -1 1
289 188 -1 1
288 188 -1 1
287 188 -1 1
216 188 -1 0
215 188 -1 0
214 188 -1 0
213 188 -1 0
212 188 -1 0
211 188 -1 0
210 188 -1 0
209 188 -1 0
208 188 -1 0
207 188 -1 0
206 188 -1 0
296 187 -1 1
295 187 -1 1
294 187 -1 1
293 187 -1 1
292 187 -1 1
291 187 -1 1
290 187 -1 1
289 187 -1 1
288 187 -1 1
287 187 -1 1
286 187 -1 1
216 187 -1 0
215 187 -1 0
214 187 -1 0
213 187 -1 0
212 187 -1 0
211 187 -1 0
210 187 -1 0
209 187 -1 0
208 187 -1 0
207 187 -1 0
295 186 -1 1
294 186 -1 1
293 186 -1 1
292 186 -1 1
291 186 -1 1
290 186 -1 1
289 186 -1 1
288 186 -1 1
287 186 -1 1
216 186 -1 0
215 186 -1 0
214 186 -1 0
213 186 -1 0
212 186 -1 0
211 186 -1 0
210 186 -1 0
209 186 -1 0
208 186 -1 0
207 186 -1 0
295 185 -1 1
294 185 -1 1
293 185 -1 1
292 185 -1 1
291 185 -1 1
290 185 -1 1
289 185 -1 1
288 185 -1 1
287 185 -1 1
217 185 -1 0
216 185 -1 0
215 185 -1 0
214 185 -1 0
213 185 -1 0
212 185 -1 0
211 185 -1 0
210 185 -1 0
209 185 -1 0
208 185 -1 0
207 185 -1 0
295 184 -1 1
294 184 -1 1
293 184 -1 1
292 184 -1 1
291 184 -1 1
290 184 -1 1
289 184 -1 1
288 184 -1 1
287 184 -1 1
216 184 -1 0
215 184 -1 0
214 184 -1 0
213 184 -1 0
212 184 -1 0
211 184 -1 0
210 184 -1 0
209 184 -1 0
208 184 -1 0
296 183 -1 1
295 183 -1 1
294 183 -1 1
293 183 -1 1
292 183 -1 1
291 183 -1 1
290 183 -1 1
289 183 -1 1
288 183 -1 1
287 183 -1 1
286 183 -1 1
217 183 -1 0
216 183 -1 0
215 183 -1 0
214 183 -1 0
213 183 -1 0
212 183 -1 0
211 183 -1 0
210 183 -1 0
209 183 -1 0
208 183 -1 0
207 183 -1 0
295 182 -1 1
294 182 -1 1
293 182 -1 1
292 182 -1 1
291 182 -1 1
290 182 -1 1
289 182 -1 1
288 182 -1 1
287 182 -1 1
216 182 -1 0
215 182 -1 0
214 182 -1 0
213 182 -1 0
212 182 -1 0
211 182 -1 0
210 182 -1 0
209 182 -1 0
208 182 -1 0
296 181 -1 1
295 181 -1 1
294 181 -1 1
293 181 -1 1
292 181 -1 1
291 181 -1 1
290 181 -1 1
289 181 -1 1
288 181 -1 1
287 181 -1 1
286 181 -1 1
216 181 -1 0
215 181 -1 0
214 181 -1 0
213 181 -1 0
212 181 -1 0
211 181 -1 0
210 181 -1 0
209 181 -1 0
208 181 -1 0
295 180 -1 1
294 180 -1 1
293 180 -1 1
292 180 -1 1
291 180 -1 1
290 180 -1 1
289 180 -1 1
288 180 -1 1
287 180 -1 1
217 180 -1 0
216 180 -1 0
215 180 -1 0
214 180 -1 0
213 180 -1 0
212 180 -1 0
211 180 -1 0
210 180 -1 0
209 180 -1 0
208 180 -1 0
207 180 -1 0
296 179 -1 1
295 179 -1 1
294 179 -1 1
293 179 -1 1
292 179 -1 1
291 179 -1 1
290 179 -1 1
289 179 -1 1
288 179 -1 1
287 179 -1 1
286 179 -1 1
217 179 -1 0
216 179 -1 0
215 179 -1 0
214 179 -1 0
213 179 -1 0
212 179 -1 0
211 179 -1 0
210 179 -1 0
209 179 -1 0
208 179 -1 0
295 178 -1 1
294 178 -1 1
293 178 -1 1
292 178 -1 1
291 178 -1 1
290 178 -1 1
289 178 -1 1
288 178 -1 1
287 178 -1 1
217 178 -1 0
216 178 -1 0
215 178 -1 0
214 178 -1 0
213 178 -1 0
212 178 -1 0
211 178 -1 0
210 178 -1 0
209 178 -1 0
208 178 -1 0
295 177 -1 1
294 177 -1 1
293 177 -1 1
292 177 -1 1
291 177 -1 1
290 177 -1 1
289 177 -1 1
288 177 -1 1
287 177 -1 1
217 177 -1 0
216 177 -1 0
215 177 -1 0
214 177 -1 0
213 177 -1 0
212 177 -1 0
211 177 -1 0
210 177 -1 0
209 177 -1 0
208 177 -1 0
295 176 -1 1
294 176 -1 1
293 176 -1 1
292 176 -1 1
291 176 -1 1
290 176 -1 1
289 176 -1 1
288 176 -1 1
287 176 -1 1
218 176 -1 0
217 176 -1 0
216 176 -1 0
215 176 -1 0
214 176 -1 0
213 176 -1 0
212 176 -1 0
211 176 -1 0
210 176 -1 0
209 176 -1 0
208 176 -1 0
296 175 -1 1
295 175 -1 1
294 175 -1 1
293 175 -1 1
292 175 -1 1
291 175 -1 1
290 175 -1 1
289 175 -1 1
288 175 -1 1
287 175 -1 1
286 175 -1 1
217 175 -1 0
216 175 -1 0
215 175 -1 0
214 175 -1 0
213 175 -1 0
212 175 -1 0
211 175 -1 0
210 175 -1 0
209 175 -1 0
296 174 -1 1
295 174 -1 1
294 174 -1 1
293 174 -1 1
292 174 -1 1
291 174 -1 1
290 174 -1 1
289 174 -1 1
288 174 -1 1
287 174 -1 1
286 174 -1 1
217 174 -1 0
216 174 -1 0
215 174 -1 0
214 174 -1 0
213 174 -1 0
212 174 -1 0
211 174 -1 0
210 174 -1 0
209 174 -1 0
295 173 -1 1
294 173 -1 1
293 173 -1 1
292 173 -1 1
291 173 -1 1
290 173 -1 1
289 173 -1 1
288 173 -1 1
287 173 -1 1
217 173 -1 0
216 173 -1 0
215 173 -1 0
214 173 -1 0
213 173 -1 0
212 173 -1 0
211 173 -1 0
210 173 -1 0
209 173 -1 0
295 172 -1 1
294 172 -1 1
293 172 -1 1
292 172 -1 1
291 172 -1 1
290 172 -1 1
289 172 -1 1
288 172 -1 1
287 172 -1 1
217 172 -1 0
216 172 -1 0
215 172 -1 0
214 172 -1 0
213 172 -1 0
212 172 -1 0
211 172 -1 0
210 172 -1 0
209 172 -1 0
296 171 -1 1
295 171 -1 1
294 171 -1 1
293 171 -1 1
292 171 -1 1
291 171 -1 1
290 171 -1 1
289 171 -1 1
288 171 -1 1
287 171 -1 1
286 171 -1 1
218 171 -1 0
217 171 -1 0
216 171 -1 0
215 171 -1 0
214 171 -1 0
213 171 -1 0
212 171 -1 0
211 171 -1 0
210 171 -1 0
209 171 -1 0
208 171 -1 0
296 170 -1 1
295 170 -1 1
294 170 -1 1
293 170 -1 1
292 170 -1 1
291 170 -1 1
290 170 -1 1
289 170 -1 1
288 170 -1 1
287 170 -1 1
217 170 -1 0
216 170 -1 0
215 170 -1 0
214 170 -1 0
213 170 -1 0
212 170 -1 0
211 170 -1 0
210 170 -1 0
209 170 -1 0
296 169 -1 1
295 169 -1 1
294 169 -1 1
293 169 -1 1
292 169 -1 1
291 169 -1 1
290 169 -1 1
289 169 -1 1
288 169 -1 1
287 169 -1 1
218 169 -1 0
217 169 -1 0
216 169 -1 0
215 169 -1 0
214 169 -1 0
213 169 -1 0
212 169 -1 0
211 169 -1 0
210 169 -1 0
209 169 -1 0
297 168 -1 1
296 168 -1 1
295 168 -1 1
294 168 -1 1
293 168 -1 1
292 168 -1 1
291 168 -1 1
290 168 -1 1
289 168 -1 1
288 168 -1 1
287 168 -1 1
286 168 -1 1
218 168 -1 0
217 168 -1 0
216 168 -1 0
215 168 -1 0
214 168 -1 0
213 168 -1 0
212 168 -1 0
211 168 -1 0
210 168 -1 0
209 168 -1 0
297 167 -1 1
296 167 -1 1
295 167 -1 1
294 167 -1 1
293 167 -1 1
292 167 -1 1
291 167 -1 1
290 167 -1 1
289 167 -1 1
288 167 -1 1
287 167 -1 1
218 167 -1 0
217 167 -1 0
216 167 -1 0
215 167 -1 0
214 167 -1 0
213 167 -1 0
212 167 -1 0
211 167 -1 0
210 167 -1 0
298 166 -1 1
297 166 -1 1
296 166 -1 1
295 166 -1 1
294 166 -1 1
293 166 -1 1
292 166 -1 1
291 166 -1 1
290 166 -1 1
289 166 -1 1
288 166 -1 1
287 166 -1 1
219 166 -1 0
218 166 -1 0
217 166 -1 0
216 166 -1 0
215 166 -1 0
214 166 -1 0
213 166 -1 0
212 166 -1 0
211 166 -1 0
210 166 -1 0
209 166 -1 0
301 165 -1 1
300 165 -1 1
299 165 -1 1
298 165 -1 1
297 165 -1 1
296 165 -1 1
295 165 -1 1
294 165 -1 1
293 165 -1 1
292 165 -1 1
291 165 -1 1
290 165 -1 1
289 165 -1 1
288 165 -1 1
287 165 -1 1
218 165 -1 0
217 165 -1 0
216 165 -1 0
215 165 -1 0
214 165 -1 0
213 165 -1 0
212 165 -1 0
211 165 -1 0
210 165 -1 0
302 164 -1 1
301 164 -1 1
300 164 -1 1
299 164 -1 1
298 164 -1 1
297 164 -1 1
296 164 -1 1
295 164 -1 1
294 164 -1 1
293 164 -1 1
292 164 -1 1
291 164 -1 1
290 164 -1 1
289 164 -1 1
288 164 -1 1
218 164 -1 0
217 164 -1 0
216 164 -1 0
215 164 -1 0
214 164 -1 0
213 164 -1 0
212 164 -1 0
211 164 -1 0
210 164 -1 0
302 163 -1 1
301 163 -1 1
300 163 -1 1
299 163 -1 1
298 163 -1 1
297 163 -1 1
296 163 -1 1
295 163 -1 1
294 163 -1 1
293 163 -1 1
292 163 -1 1
291 163 -1 1
290 163 -1 1
289 163 -1 1
288 163 -1 1
287 163 -1 1
218 163 -1 0
217 163 -1 0
216 163 -1 0
215 163 -1 0
214 163 -1 0
213 163 -1 0
212 163 -1 0
211 163 -1 0
210 163 -1 0
302 162 -1 1
301 162 -1 1
300 162 -1 1
299 162 -1 1
298 162 -1 1
297 162 -1 1
296 162 -1 1
295 162 -1 1
294 162 -1 1
293 162 -1 1
292 162 -1 1
291 162 -1 1
290 162 -1 1
289 162 -1 1
288 162 -1 1
287 162 -1 1
218 162 -1 0
217 162 -1 0
216 162 -1 0
215 162 -1 0
214 162 -1 0
213 162 -1 0
212 162 -1 0
211 162 -1 0
210 162 -1 0
303 161 -1 1
302 161 -1 1
301 161 -1 1
300 161 -1 1
299 161 -1 1
298 161 -1 1
297 161 -1 1
296 161 -1 1
295 161 -1 1
294 161 -1 1
293 161 -1 1
292 161 -1 1
291 161 -1 1
290 161 -1 1
289 161 -1 1
288 161 -1 1
218 161 -1 0
217 161 -1 0
216 161 -1 0
215 161 -1 0
214 161 -1 0
213 161 -1 0
212 161 -1 0
211 161 -1 0
210 161 -1 0
302 160 -1 1
301 160 -1 1
300 160 -1 1
299 160 -1 1
298 160 -1 1
297 160 -1 1
296 160 -1 1
295 160 -1 1
294 160 -1 1
293 160 -1 1
292 160 -1 1
291 160 -1 1
290 160 -1 1
289 160 -1 1
288 160 -1 1
219 160 -1 0
218 160 -1 0
217 160 -1 0
216 160 -1 0
215 160 -1 0
214 160 -1 0
213 160 -1 0
212 160 -1 0
211 160 -1 0
210 160 -1 0
209 160 -1 0
302 159 -1 1
301 159 -1 1
300 159 -1 1
299 159 -1 1
298 159 -1 1
297 159 -1 1
296 159 -1 1
295 159 -1 1
294 159 -1 1
293 159 -1 1
292 159 -1 1
291 159 -1 1
290 159 -1 1
289 159 -1 1
288 159 -1 1
219 159 -1 0
218 159 -1 0
217 159 -1 0
216 159 -1 0
215 159 -1 0
214 159 -1 0
213 159 -1 0
212 159 -1 0
211 159 -1 0
210 159 -1 0
302 158 -1 1
301 158 -1 1
300 158 -1 1
299 158 -1 1
298 158 -1 1
297 158 -1 1
296 158 -1 1
295 158 -1 1
294 158 -1 1
293 158 -1 1
292 158 -1 1
291 158 -1 1
290 158 -1 1
289 158 -1 1
219 158 -1 0
218 158 -1 0
217 158 -1 0
216 158 -1 0
215 158 -1 0
214 158 -1 0
213 158 -1 0
212 158 -1 0
211 158 -1 0
210 158 -1 0
301 157 -1 1
300 157 -1 1
299 157 -1 1
298 157 -1 1
297 157 -1 1
296 157 -1 1
295 157 -1 1
294 157 -1 1
293 157 -1 1
292 157 -1 1
291 157 -1 1
290 157 -1 1
220 157 -1 0
219 157 -1 0
218 157 -1 0
217 157 -1 0
216 157 -1 0
215 157 -1 0
214 157 -1 0
213 157 -1 0
212 157 -1 0
211 157 -1 0
210 157 -1 0
298 156 -1 1
297 156 -1 1
296 156 -1 1
295 156 -1 1
293 156 -1 1
219 156 -1 0
218 156 -1 0
217 156 -1 0
216 156 -1 0
215 156 -1 0
214 156 -1 0
213 156 -1 0
212 156 -1 0
211 156 -1 0
219 155 -1 0
218 155 -1 0
217 155 -1 0
216 155 -1 0
215 155 -1 0
214 155 -1 0
213 155 -1 0
212 155 -1 0
211 155 -1 0
220 154 -1 0
219 154 -1 0
218 154 -1 0
217 154 -1 0
216 154 -1 0
215 154 -1 0
214 154 -1 0
213 154 -1 0
212 154 -1 0
211 154 -1 0
221 153 -1 0
220 153 -1 0
219 153 -1 0
218 153 -1 0
217 153 -1 0
216 153 -1 0
215 153 -1 0
214 153 -1 0
213 153 -1 0
212 153 -1 0
221 152 -1 0
220 152 -1 0
219 152 -1 0
218 152 -1 0
217 152 -1 0
216 152 -1 0
215 152 -1 0
214 152 -1 0
213 152 -1 0
221 151 -1 0
220 151 -1 0
219 151 -1 0
218 151 -1 0
217 151 -1 0
216 151 -1 0
215 151 -1 0
214 151 -1 0
213 151 -1 0
222 150 -1 0
221 150 -1 0
220 150 -1 0
219 150 -1 0
218 150 -1 0
217 150 -1 0
216 150 -1 0
215 150 -1 0
214 150 -1 0
213 150 -1 0
212 150 -1 0
221 149 -1 0
220 149 -1 0
219 149 -1 0
218 149 -1 0
217 149 -1 0
216 149 -1 0
215 149 -1 0
214 149 -1 0
213 149 -1 0
221 148 -1 0
220 148 -1 0
219 148 -1 0
218 148 -1 0
217 148 -1 0
216 148 -1 0
215 148 -1 0
214 148 -1 0
213 148 -1 0
221 147 -1 0
220 147 -1 0
219 147 -1 0
218 147 -1 0
217 147 -1 0
216 147 -1 0
215 147 -1 0
214 147 -1 0
213 147 -1 0
222 146 -1 0
221 146 -1 0
220 146 -1 0
219 146 -1 0
218 146 -1 0
217 146 -1 0
216 146 -1 0
215 146 -1 0
214 146 -1 0
213 146 -1 0
212 146 -1 0
222 145 -1 0
221 145 -1 0
220 145 -1 0
219 145 -1 0
218 145 -1 0
217 145 -1 0
216 145 -1 0
215 145 -1 0
214 145 -1 0
213 145 -1 0
222 144 -1 0
221 144 -1 0
220 144 -1 0
219 144 -1 0
218 144 -1 0
217 144 -1 0
216 144 -1 0
215 144 -1 0
214 144 -1 0
213 144 -1 0
223 143 -1 0
222 143 -1 0
221 143 -1 0
220 143 -1 0
219 143 -1 0
218 143 -1 0
217 143 -1 0
216 143 -1 0
215 143 -1 0
214 143 -1 0
213 143 -1 0
223 142 -1 0
222 142 -1 0
221 142 -1 0
220 142 -1 0
219 142 -1 0
218 142 -1 0
217 142 -1 0
216 142 -1 0
215 142 -1 0
214 142 -1 0
213 142 -1 0
223 141 -1 0
222 141 -1 0
221 141 -1 0
220 141 -1 0
219 141 -1 0
218 141 -1 0
217 141 -1 0
216 141 -1 0
215 141 -1 0
214 141 -1 0
224 140 -1 0
223 140 -1 0
222 140 -1 0
221 140 -1 0
220 140 -1 0
219 140 -1 0
218 140 -1 0
217 140 -1 0
216 140 -1 0
215 140 -1 0
214 140 -1 0
224 139 -1 0
223 139 -1 0
222 139 -1 0
221 139 -1 0
220 139 -1 0
219 139 -1 0
218 139 -1 0
217 139 -1 0
216 139 -1 0
215 139 -1 0
214 139 -1 0
224 138 -1 0
223 138 -1 0
222 138 -1 0
221 138 -1 0
220 138 -1 0
219 138 -1 0
218 138 -1 0
217 138 -1 0
216 138 -1 0
215 138 -1 0
225 137 -1 0
224 137 -1 0
223 137 -1 0
222 137 -1 0
221 137 -1 0
220 137 -1 0
219 137 -1 0
218 137 -1 0
217 137 -1 0
216 137 -1 0
215 137 -1 0
224 136 -1 0
223 136 -1 0
222 136 -1 0
221 136 -1 0
220 136 -1 0
219 136 -1 0
218 136 -1 0
217 136 -1 0
216 136 -1 0
225 135 -1 0
224 135 -1 0
223 135 -1 0
222 135 -1 0
221 135 -1 0
220 135 -1 0
219 135 -1 0
218 135 -1 0
217 135 -1 0
216 135 -1 0
226 134 -1 0
225 134 -1 0
224 134 -1 0
223 134 -1 0
222 134 -1 0
221 134 -1 0
220 134 -1 0
219 134 -1 0
218 134 -1 0
217 134 -1 0
216 134 -1 0
226 133 -1 0
225 133 -1 0
224 133 -1 0
223 133 -1 0
222 133 -1 0
221 133 -1 0
220 133 -1 0
219 133 -1 0
218 133 -1 0
217 133 -1 0
226 132 -1 0
225 132 -1 0
224 132 -1 0
223 132 -1 0
222 132 -1 0
221 132 -1 0
220 132 -1 0
219 132 -1 0
218 132 -1 0
227 131 -1 0
226 131 -1 0
225 131 -1 0
224 131 -1 0
223 131 -1 0
222 131 -1 0
221 131 -1 0
220 131 -1 0
219 131 -1 0
218 131 -1 0
217 131 -1 0
228 130 -1 0
227 130 -1 0
226 130 -1 0
225 130 -1 0
224 130 -1 0
223 130 -1 0
222 130 -1 0
221 130 -1 0
220 130 -1 0
219 130 -1 0
218 130 -1 0
228 129 -1 0
227 129 -1 0
226 129 -1 0
225 129 -1 0
224 129 -1 0
223 129 -1 0
222 129 -1 0
221 129 -1 0
220 129 -1 0
219 129 -1 0
218 129 -1 0
228 128 -1 0
227 128 -1 0
226 128 -1 0
225 128 -1 0
224 128 -1 0
223 128 -1 0
222 128 -1 0
221 128 -1 0
220 128 -1 0
219 128 -1 0
218 128 -1 0
231 127 -1 0
230 127 -1 0
229 127 -1 0
228 127 -1 0
227 127 -1 0
226 127 -1 0
225 127 -1 0
224 127 -1 0
223 127 -1 0
222 127 -1 0
221 127 -1 0
220 127 -1 0
219 127 -1 0
232 126 -1 0
231 126 -1 0
230 126 -1 0
229 126 -1 0
228 126 -1 0
227 126 -1 0
226 126 -1 0
225 126 -1 0
224 126 -1 0
223 126 -1 0
222 126 -1 0
221 126 -1 0
220 126 -1 0
232 125 -1 0
231 125 -1 0
230 125 -1 0
229 125 -1 0
228 125 -1 0
227 125 -1 0
226 125 -1 0
225 125 -1 0
224 125 -1 0
223 125 -1 0
222 125 -1 0
221 125 -1 0
220 125 -1 0
232 124 -1 0
231 124 -1 0
230 124 -1 0
229 124 -1 0
228 124 -1 0
227 124 -1 0
226 124 -1 0
225 124 -1 0
224 124 -1 0
223 124 -1 0
222 124 -1 0
221 124 -1 0
220 124 -1 0
233 123 -1 0
232 123 -1 0
231 123 -1 0
230 123 -1 0
229 123 -1 0
228 123 -1 0
227 123 -1 0
226 123 -1 0
225 123 -1 0
224 123 -1 0
223 123 -1 0
222 123 -1 0
221 123 -1 0
233 122 -1 0
232 122 -1 0
231 122 -1 0
230 122 -1 0
229 122 -1 0
228 122 -1 0
227 122 -1 0
226 122 -1 0
225 122 -1 0
224 122 -1 0
233 121 -1 0
232 121 -1 0
231 121 -1 0
230 121 -1 0
229 121 -1 0
228 121 -1 0
227 121 -1 0
226 121 -1 0
225 121 -1 0
224 121 -1 0
234 120 -1 0
233 120 -1 0
232 120 -1 0
231 120 -1 0
230 120 -1 0
229 120 -1 0
228 120 -1 0
227 120 -1 0
226 120 -1 0
225 120 -1 0
224 120 -1 0
234 119 -1 0
233 119 -1 0
232 119 -1 0
231 119 -1 0
230 119 -1 0
229 119 -1 0
228 119 -1 0
227 119 -1 0
226 119 -1 0
225 119 -1 0
237 118 -1 0
236 118 -1 0
235 118 -1 0
234 118 -1 0
233 118 -1 0
232 118 -1 0
231 118 -1 0
230 118 -1 0
229 118 -1 0
228 118 -1 0
227 118 -1 0
226 118 -1 0
225 118 -1 0
238 117 -1 0
237 117 -1 0
236 117 -1 0
235 117 -1 0
234 117 -1 0
233 117 -1 0
232 117 -1 0
231 117 -1 0
230 117 -1 0
229 117 -1 0
228 117 -1 0
227 117 -1 0
226 117 -1 0
225 117 -1 0
238 116 -1 0
237 116 -1 0
236 116 -1 0
235 116 -1 0
234 116 -1 0
233 116 -1 0
232 116 -1 0
231 116 -1 0
230 116 -1 0
229 116 -1 0
228 116 -1 0
227 116 -1 0
226 116 -1 0
239 115 -1 0
238 115 -1 0
237 115 -1 0
236 115 -1 0
235 115 -1 0
234 115 -1 0
233 115 -1 0
232 115 -1 0
231 115 -1 0
230 115 -1 0
229 115 -1 0
242 114 -1 0
241 114 -1 0
240 114 -1 0
239 114 -1 0
238 114 -1 0
237 114 -1 0
236 114 -1 0
235 114 -1 0
234 114 -1 0
233 114 -1 0
232 114 -1 0
231 114 -1 0
230 114 -1 0
229 114 -1 0
243 113 -1 0
242 113 -1 0
241 113 -1 0
240 113 -1 0
239 113 -1 0
238 113 -1 0
237 113 -1 0
236 113 -1 0
235 113 -1 0
234 113 -1 0
233 113 -1 0
232 113 -1 0
231 113 -1 0
230 113 -1 0
243 112 -1 0
242 112 -1 0
241 112 -1 0
240 112 -1 0
239 112 -1 0
238 112 -1 0
237 112 -1 0
236 112 -1 0
235 112 -1 0
234 112 -1 0
233 112 -1 0
232 112 -1 0
231 112 -1 0
230 112 -1 0
243 111 -1 0
242 111 -1 0
241 111 -1 0
240 111 -1 0
239 111 -1 0
238 111 -1 0
237 111 -1 0
236 111 -1 0
235 111 -1 0
234 111 -1 0
233 111 -1 0
232 111 -1 0
231 111 -1 0
230 111 -1 0
244 110 -1 0
243 110 -1 0
242 110 -1 0
241 110 -1 0
240 110 -1 0
239 110 -1 0
238 110 -1 0
237 110 -1 0
236 110 -1 0
235 110 -1 0
234 110 -1 0
233 110 -1 0
232 110 -1 0
231 110 -1 0
246 109 -1 0
245 109 -1 0
244 109 -1 0
243 109 -1 0
242 109 -1 0
241 109 -1 0
240 109 -1 0
239 109 -1 0
238 109 -1 0
237 109 -1 0
236 109 -1 0
235 109 -1 0
234 109 -1 0
247 108 -1 0
246 108 -1 0
245 108 -1 0
244 108 -1 0
243 108 -1 0
242 108 -1 0
241 108 -1 0
240 108 -1 0
239 108 -1 0
238 108 -1 0
237 108 -1 0
236 108 -1 0
235 108 -1 0
249 107 -1 0
248 107 -1 0
247 107 -1 0
246 107 -1 0
245 107 -1 0
244 107 -1 0
243 107 -1 0
242 107 -1 0
241 107 -1 0
240 107 -1 0
239 107 -1 0
238 107 -1 0
237 107 -1 0
236 107 -1 0
235 107 -1 0
250 106 -1 0
249 106 -1 0
248 106 -1 0
247 106 -1 0
246 106 -1 0
245 106 -1 0
244 106 -1 0
243 106 -1 0
242 106 -1 0
241 106 -1 0
240 106 -1 0
239 106 -1 0
238 106 -1 0
237 106 -1 0
236 106 -1 0
250 105 -1 0
249 105 -1 0
248 105 -1 0
247 105 -1 0
246 105 -1 0
245 105 -1 0
244 105 -1 0
243 105 -1 0
242 105 -1 0
241 105 -1 0
240 105 -1 0
239 105 -1 0
238 105 -1 0
250 104 -1 0
249 104 -1 0
248 104 -1 0
247 104 -1 0
246 104 -1 0
245 104 -1 0
244 104 -1 0
243 104 -1 0
242 104 -1 0
241 104 -1 0
240 104 -1 0
239 104 -1 0
251 103 -1 0
250 103 -1 0
249 103 -1 0
248 103 -1 0
247 103 -1 0
246 103 -1 0
245 103 -1 0
244 103 -1 0
243 103 -1 0
242 103 -1 0
241 103 -1 0
240 103 -1 0
239 103 -1 0
250 102 -1 0
249 102 -1 0
248 102 -1 0
247 102 -1 0
246 102 -1 0
245 102 -1 0
244 102 -1 0
243 102 -1 0
242 102 -1 0
241 102 -1 0
240 102 -1 0
239 102 -1 0
250 101 -1 0
249 101 -1 0
248 101 -1 0
247 101 -1 0
246 101 -1 0
245 101 -1 0
244 101 -1 0
243 101 -1 0
242 101 -1 0
241 101 -1 0
240 101 -1 0
250 100 -1 0
249 100 -1 0
248 100 -1 0
247 100 -1 0
246 100 -1 0
245 100 -1 0
244 100 -1 0
243 100 -1 0
242 100 -1 0
249 99 -1 0
248 99 -1 0
247 99 -1 0
246 99 -1 0
245 99 -1 0
244 99 -1 0
243 99 -1 0
246 98 -1 0
