3698 408 341
233 306 -1 0
234 305 -1 0
233 305 -1 0
197 288 -1 0
200 287 -1 0
199 287 -1 0
198 287 -1 0
197 287 -1 0
196 287 -1 0
195 287 -1 0
194 287 -1 0
201 286 -1 0
200 286 -1 0
199 286 -1 0
198 286 -1 0
197 286 -1 0
196 286 -1 0
195 286 -1 0
194 286 -1 0
193 286 -1 0
201 285 -1 0
200 285 -1 0
199 285 -1 0
198 285 -1 0
197 285 -1 0
196 285 -1 0
195 285 -1 0
194 285 -1 0
193 285 -1 0
201 284 -1 0
200 284 -1 0
199 284 -1 0
198 284 -1 0
197 284 -1 0
196 284 -1 0
195 284 -1 0
194 284 -1 0
193 284 -1 0
202 283 -1 0
201 283 -1 0
200 283 -1 0
199 283 -1 0
198 283 -1 0
197 283 -1 0
196 283 -1 0
195 283 -1 0
194 283 -1 0
193 283 -1 0
192 283 -1 0
201 282 -1 0
200 282 -1 0
199 282 -1 0
198 282 -1 0
197 282 -1 0
196 282 -1 0
195 282 -1 0
194 282 -1 0
193 282 -1 0
201 281 -1 0
200 281 -1 0
199 281 -1 0
198 281 -1 0
197 281 -1 0
196 281 -1 0
195 281 -1 0
194 281 -1 0
193 281 -1 0
202 280 -1 0
201 280 -1 0
200 280 -1 0
199 280 -1 0
198 280 -1 0
197 280 -1 0
196 280 -1 0
195 280 -1 0
194 280 -1 0
193 280 -1 0
192 280 -1 0
202 279 -1 0
201 279 -1 0
200 279 -1 0
199 279 -1 0
198 279 -1 0
197 279 -1 0
196 279 -1 0
195 279 -1 0
194 279 -1 0
193 279 -1 0
202 278 -1 0
201 278 -1 0
200 278 -1 0
199 278 -1 0
198 278 -1 0
197 278 -1 0
196 278 -1 0
195 278 -1 0
194 278 -1 0
193 278 -1 0
203 277 -1 0
202 277 -1 0
201 277 -1 0
200 277 -1 0
199 277 -1 0
198 277 -1 0
197 277 -1 0
196 277 -1 0
195 277 -1 0
194 277 -1 0
193 277 -1 0
203 276 -1 0
202 276 -1 0
201 276 -1 0
200 276 -1 0
199 276 -1 0
198 276 -1 0
197 276 -1 0
196 276 -1 0
195 276 -1 0
194 276 -1 0
204 275 -1 0
203 275 -1 0
202 275 -1 0
201 275 -1 0
200 275 -1 0
199 275 -1 0
198 275 -1 0
197 275 -1 0
196 275 -1 0
195 275 -1 0
194 275 -1 0
204 274 -1 0
203 274 -1 0
202 274 -1 0
201 274 -1 0
200 274 -1 0
199 274 -1 0
198 274 -1 0
197 274 -1 0
196 274 -1 0
195 274 -1 0
194 274 -1 0
206 273 -1 0
205 273 -1 0
204 273 -1 0
203 273 -1 0
202 273 -1 0
201 273 -1 0
200 273 -1 0
199 273 -1 0
198 273 -1 0
197 273 -1 0
196 273 -1 0
195 273 -1 0
207 272 -1 0
206 272 -1 0
205 272 -1 0
204 272 -1 0
203 272 -1 0
202 272 -1 0
201 272 -1 0
200 272 -1 0
199 272 -1 0
198 272 -1 0
197 272 -1 0
196 272 -1 0
195 272 -1 0
207 271 -1 0
206 271 -1 0
205 271 -1 0
204 271 -1 0
203 271 -1 0
202 271 -1 0
201 271 -1 0
200 271 -1 0
199 271 -1 0
198 271 -1 0
197 271 -1 0
196 271 -1 0
207 270 -1 0
206 270 -1 0
205 270 -1 0
204 270 -1 0
203 270 -1 0
202 270 -1 0
201 270 -1 0
200 270 -1 0
199 270 -1 0
198 270 -1 0
197 270 -1 0
196 270 -1 0
208 269 -1 0
207 269 -1 0
206 269 -1 0
205 269 -1 0
204 269 -1 0
203 269 -1 0
202 269 -1 0
201 269 -1 0
200 269 -1 0
199 269 -1 0
198 269 -1 0
197 269 -1 0
196 269 -1 0
209 268 -1 0
208 268 -1 0
207 268 -1 0
206 268 -1 0
205 268 -1 0
204 268 -1 0
203 268 -1 0
202 268 -1 0
201 268 -1 0
200 268 -1 0
199 268 -1 0
198 268 -1 0
197 268 -1 0
209 267 -1 0
208 267 -1 0
207 267 -1 0
206 267 -1 0
205 267 -1 0
204 267 -1 0
203 267 -1 0
202 267 -1 0
201 267 -1 0
200 267 -1 0
199 267 -1 0
209 266 -1 0
208 266 -1 0
207 266 -1 0
206 266 -1 0
205 266 -1 0
204 266 -1 0
203 266 -1 0
202 266 -1 0
201 266 -1 0
200 266 -1 0
199 266 -1 0
212 265 -1 0
211 265 -1 0
210 265 -1 0
209 265 -1 0
208 265 -1 0
207 265 -1 0
206 265 -1 0
205 265 -1 0
204 265 -1 0
203 265 -1 0
202 265 -1 0
201 265 -1 0
200 265 -1 0
213 264 -1 0
212 264 -1 0
211 264 -1 0
210 264 -1 0
209 264 -1 0
208 264 -1 0
207 264 -1 0
206 264 -1 0
205 264 -1 0
204 264 -1 0
203 264 -1 0
202 264 -1 0
201 264 -1 0
213 263 -1 0
212 263 -1 0
211 263 -1 0
210 263 -1 0
209 263 -1 0
208 263 -1 0
207 263 -1 0
206 263 -1 0
205 263 -1 0
204 263 -1 0
203 263 -1 0
202 263 -1 0
201 263 -1 0
214 262 -1 0
213 262 -1 0
212 262 -1 0
211 262 -1 0
210 262 -1 0
209 262 -1 0
208 262 -1 0
207 262 -1 0
206 262 -1 0
205 262 -1 0
204 262 -1 0
203 262 -1 0
202 262 -1 0
201 262 -1 0
214 261 -1 0
213 261 -1 0
212 261 -1 0
211 261 -1 0
210 261 -1 0
209 261 -1 0
208 261 -1 0
207 261 -1 0
206 261 -1 0
205 261 -1 0
204 261 -1 0
203 261 -1 0
202 261 -1 0
118 261 -1 1
214 260 -1 0
213 260 -1 0
212 260 -1 0
211 260 -1 0
210 260 -1 0
209 260 -1 0
208 260 -1 0
207 260 -1 0
206 260 -1 0
205 260 -1 0
121 260 -1 1
120 260 -1 1
119 260 -1 1
118 260 -1 1
117 260 -1 1
116 260 -1 1
115 260 -1 1
216 259 -1 0
215 259 -1 0
214 259 -1 0
213 259 -1 0
212 259 -1 0
211 259 -1 0
210 259 -1 0
209 259 -1 0
208 259 -1 0
207 259 -1 0
206 259 -1 0
205 259 -1 0
122 259 -1 1
121 259 -1 1
120 259 -1 1
119 259 -1 1
118 259 -1 1
117 259 -1 1
116 259 -1 1
115 259 -1 1
114 259 -1 1
217 258 -1 0
216 258 -1 0
215 258 -1 0
214 258 -1 0
213 258 -1 0
212 258 -1 0
211 258 -1 0
210 258 -1 0
209 258 -1 0
208 258 -1 0
207 258 -1 0
206 258 -1 0
205 258 -1 0
124 258 -1 1
123 258 -1 1
122 258 -1 1
121 258 -1 1
120 258 -1 1
119 258 -1 1
118 258 -1 1
117 258 -1 1
116 258 -1 1
115 258 -1 1
114 258 -1 1
218 257 -1 0
217 257 -1 0
216 257 -1 0
215 257 -1 0
214 257 -1 0
213 257 -1 0
212 257 -1 0
211 257 -1 0
210 257 -1 0
209 257 -1 0
208 257 -1 0
207 257 -1 0
206 257 -1 0
125 257 -1 1
124 257 -1 1
123 257 -1 1
122 257 -1 1
121 257 -1 1
120 257 -1 1
119 257 -1 1
118 257 -1 1
117 257 -1 1
116 257 -1 1
115 257 -1 1
114 257 -1 1
218 256 -1 0
217 256 -1 0
216 256 -1 0
215 256 -1 0
214 256 -1 0
213 256 -1 0
212 256 -1 0
211 256 -1 0
210 256 -1 0
209 256 -1 0
208 256 -1 0
207 256 -1 0
206 256 -1 0
125 256 -1 1
124 256 -1 1
123 256 -1 1
122 256 -1 1
121 256 -1 1
120 256 -1 1
119 256 -1 1
118 256 -1 1
117 256 -1 1
116 256 -1 1
115 256 -1 1
114 256 -1 1
113 256 -1 1
219 255 -1 0
218 255 -1 0
217 255 -1 0
216 255 -1 0
215 255 -1 0
214 255 -1 0
213 255 -1 0
212 255 -1 0
211 255 -1 0
210 255 -1 0
209 255 -1 0
208 255 -1 0
207 255 -1 0
125 255 -1 1
124 255 -1 1
123 255 -1 1
122 255 -1 1
121 255 -1 1
120 255 -1 1
119 255 -1 1
118 255 -1 1
117 255 -1 1
116 255 -1 1
115 255 -1 1
114 255 -1 1
219 254 -1 0
218 254 -1 0
217 254 -1 0
216 254 -1 0
215 254 -1 0
214 254 -1 0
213 254 -1 0
212 254 -1 0
211 254 -1 0
210 254 -1 0
209 254 -1 0
208 254 -1 0
207 254 -1 0
128 254 -1 1
127 254 -1 1
126 254 -1 1
125 254 -1 1
124 254 -1 1
123 254 -1 1
122 254 -1 1
121 254 -1 1
120 254 -1 1
119 254 -1 1
118 254 -1 1
117 254 -1 1
116 254 -1 1
115 254 -1 1
114 254 -1 1
221 253 -1 0
220 253 -1 0
219 253 -1 0
218 253 -1 0
217 253 -1 0
216 253 -1 0
215 253 -1 0
214 253 -1 0
213 253 -1 0
212 253 -1 0
211 253 -1 0
210 253 -1 0
209 253 -1 0
208 253 -1 0
207 253 -1 0
129 253 -1 1
128 253 -1 1
127 253 -1 1
126 253 -1 1
125 253 -1 1
124 253 -1 1
123 253 -1 1
122 253 -1 1
121 253 -1 1
120 253 -1 1
119 253 -1 1
118 253 -1 1
117 253 -1 1
116 253 -1 1
115 253 -1 1
114 253 -1 1
222 252 -1 0
221 252 -1 0
220 252 -1 0
219 252 -1 0
218 252 -1 0
217 252 -1 0
216 252 -1 0
215 252 -1 0
214 252 -1 0
213 252 -1 0
212 252 -1 0
211 252 -1 0
210 252 -1 0
209 252 -1 0
208 252 -1 0
131 252 -1 1
130 252 -1 1
129 252 -1 1
128 252 -1 1
127 252 -1 1
126 252 -1 1
125 252 -1 1
124 252 -1 1
123 252 -1 1
122 252 -1 1
121 252 -1 1
120 252 -1 1
119 252 -1 1
118 252 -1 1
117 252 -1 1
116 252 -1 1
115 252 -1 1
223 251 -1 0
222 251 -1 0
221 251 -1 0
220 251 -1 0
219 251 -1 0
218 251 -1 0
217 251 -1 0
216 251 -1 0
215 251 -1 0
214 251 -1 0
213 251 -1 0
212 251 -1 0
211 251 -1 0
210 251 -1 0
132 251 -1 1
131 251 -1 1
130 251 -1 1
129 251 -1 1
128 251 -1 1
127 251 -1 1
126 251 -1 1
125 251 -1 1
124 251 -1 1
123 251 -1 1
122 251 -1 1
121 251 -1 1
120 251 -1 1
119 251 -1 1
118 251 -1 1
117 251 -1 1
226 250 -1 0
225 250 -1 0
224 250 -1 0
223 250 -1 0
222 250 -1 0
221 250 -1 0
220 250 -1 0
219 250 -1 0
218 250 -1 0
217 250 -1 0
216 250 -1 0
215 250 -1 0
214 250 -1 0
213 250 -1 0
212 250 -1 0
211 250 -1 0
132 250 -1 1
131 250 -1 1
130 250 -1 1
129 250 -1 1
128 250 -1 1
127 250 -1 1
126 250 -1 1
125 250 -1 1
124 250 -1 1
123 250 -1 1
122 250 -1 1
121 250 -1 1
120 250 -1 1
119 250 -1 1
118 250 -1 1
228 249 -1 0
227 249 -1 0
226 249 -1 0
225 249 -1 0
224 249 -1 0
223 249 -1 0
222 249 -1 0
221 249 -1 0
220 249 -1 0
219 249 -1 0
218 249 -1 0
217 249 -1 0
216 249 -1 0
215 249 -1 0
214 249 -1 0
213 249 -1 0
212 249 -1 0
211 249 -1 0
133 249 -1 1
132 249 -1 1
131 249 -1 1
130 249 -1 1
129 249 -1 1
128 249 -1 1
127 249 -1 1
126 249 -1 1
125 249 -1 1
124 249 -1 1
123 249 -1 1
122 249 -1 1
121 249 -1 1
229 248 -1 0
228 248 -1 0
227 248 -1 0
226 248 -1 0
225 248 -1 0
224 248 -1 0
223 248 -1 0
222 248 -1 0
221 248 -1 0
220 248 -1 0
219 248 -1 0
218 248 -1 0
217 248 -1 0
216 248 -1 0
215 248 -1 0
214 248 -1 0
213 248 -1 0
212 248 -1 0
134 248 -1 1
133 248 -1 1
132 248 -1 1
131 248 -1 1
130 248 -1 1
129 248 -1 1
128 248 -1 1
127 248 -1 1
126 248 -1 1
125 248 -1 1
124 248 -1 1
123 248 -1 1
122 248 -1 1
121 248 -1 1
229 247 -1 0
228 247 -1 0
227 247 -1 0
226 247 -1 0
225 247 -1 0
224 247 -1 0
223 247 -1 0
222 247 -1 0
221 247 -1 0
220 247 -1 0
219 247 -1 0
218 247 -1 0
217 247 -1 0
216 247 -1 0
215 247 -1 0
214 247 -1 0
135 247 -1 1
134 247 -1 1
133 247 -1 1
132 247 -1 1
131 247 -1 1
130 247 -1 1
129 247 -1 1
128 247 -1 1
127 247 -1 1
126 247 -1 1
125 247 -1 1
124 247 -1 1
123 247 -1 1
122 247 -1 1
121 247 -1 1
232 246 -1 0
231 246 -1 0
230 246 -1 0
229 246 -1 0
228 246 -1 0
227 246 -1 0
226 246 -1 0
225 246 -1 0
224 246 -1 0
223 246 -1 0
222 246 -1 0
221 246 -1 0
220 246 -1 0
219 246 -1 0
218 246 -1 0
217 246 -1 0
216 246 -1 0
215 246 -1 0
214 246 -1 0
136 246 -1 1
135 246 -1 1
134 246 -1 1
133 246 -1 1
132 246 -1 1
131 246 -1 1
130 246 -1 1
129 246 -1 1
128 246 -1 1
127 246 -1 1
126 246 -1 1
125 246 -1 1
124 246 -1 1
123 246 -1 1
122 246 -1 1
233 245 -1 0
232 245 -1 0
231 245 -1 0
230 245 -1 0
229 245 -1 0
228 245 -1 0
227 245 -1 0
226 245 -1 0
225 245 -1 0
224 245 -1 0
223 245 -1 0
222 245 -1 0
221 245 -1 0
220 245 -1 0
219 245 -1 0
218 245 -1 0
217 245 -1 0
216 245 -1 0
215 245 -1 0
138 245 -1 1
137 245 -1 1
136 245 -1 1
135 245 -1 1
134 245 -1 1
133 245 -1 1
132 245 -1 1
131 245 -1 1
130 245 -1 1
129 245 -1 1
128 245 -1 1
127 245 -1 1
126 245 -1 1
125 245 -1 1
124 245 -1 1
123 245 -1 1
236 244 -1 0
235 244 -1 0
234 244 -1 0
233 244 -1 0
232 244 -1 0
231 244 -1 0
230 244 -1 0
229 244 -1 0
228 244 -1 0
227 244 -1 0
226 244 -1 0
225 244 -1 0
224 244 -1 0
223 244 -1 0
222 244 -1 0
221 244 -1 0
220 244 -1 0
219 244 -1 0
218 244 -1 0
140 244 -1 1
139 244 -1 1
138 244 -1 1
137 244 -1 1
136 244 -1 1
135 244 -1 1
134 244 -1 1
133 244 -1 1
132 244 -1 1
131 244 -1 1
130 244 -1 1
129 244 -1 1
128 244 -1 1
127 244 -1 1
126 244 -1 1
125 244 -1 1
124 244 -1 1
237 243 -1 0
236 243 -1 0
235 243 -1 0
234 243 -1 0
233 243 -1 0
232 243 -1 0
231 243 -1 0
230 243 -1 0
229 243 -1 0
228 243 -1 0
227 243 -1 0
226 243 -1 0
225 243 -1 0
224 243 -1 0
223 243 -1 0
222 243 -1 0
221 243 -1 0
220 243 -1 0
219 243 -1 0
141 243 -1 1
140 243 -1 1
139 243 -1 1
138 243 -1 1
137 243 -1 1
136 243 -1 1
135 243 -1 1
134 243 -1 1
133 243 -1 1
132 243 -1 1
131 243 -1 1
130 243 -1 1
129 243 -1 1
128 243 -1 1
127 243 -1 1
126 243 -1 1
125 243 -1 1
124 243 -1 1
238 242 -1 0
237 242 -1 0
236 242 -1 0
235 242 -1 0
234 242 -1 0
233 242 -1 0
232 242 -1 0
231 242 -1 0
230 242 -1 0
229 242 -1 0
228 242 -1 0
227 242 -1 0
226 242 -1 0
225 242 -1 0
224 242 -1 0
223 242 -1 0
222 242 -1 0
221 242 -1 0
220 242 -1 0
143 242 -1 1
142 242 -1 1
141 242 -1 1
140 242 -1 1
139 242 -1 1
138 242 -1 1
137 242 -1 1
136 242 -1 1
135 242 -1 1
134 242 -1 1
133 242 -1 1
132 242 -1 1
131 242 -1 1
130 242 -1 1
129 242 -1 1
128 242 -1 1
127 242 -1 1
126 242 -1 1
125 242 -1 1
241 241 -1 0
240 241 -1 0
239 241 -1 0
238 241 -1 0
237 241 -1 0
236 241 -1 0
235 241 -1 0
234 241 -1 0
233 241 -1 0
232 241 -1 0
231 241 -1 0
230 241 -1 0
229 241 -1 0
228 241 -1 0
227 241 -1 0
226 241 -1 0
225 241 -1 0
224 241 -1 0
223 241 -1 0
222 241 -1 0
144 241 -1 1
143 241 -1 1
142 241 -1 1
141 241 -1 1
140 241 -1 1
139 241 -1 1
138 241 -1 1
137 241 -1 1
136 241 -1 1
135 241 -1 1
134 241 -1 1
133 241 -1 1
132 241 -1 1
131 241 -1 1
130 241 -1 1
129 241 -1 1
128 241 -1 1
127 241 -1 1
242 240 -1 0
241 240 -1 0
240 240 -1 0
239 240 -1 0
238 240 -1 0
237 240 -1 0
236 240 -1 0
235 240 -1 0
234 240 -1 0
233 240 -1 0
232 240 -1 0
231 240 -1 0
230 240 -1 0
229 240 -1 0
228 240 -1 0
227 240 -1 0
226 240 -1 0
225 240 -1 0
144 240 -1 1
143 240 -1 1
142 240 -1 1
141 240 -1 1
140 240 -1 1
139 240 -1 1
138 240 -1 1
137 240 -1 1
136 240 -1 1
135 240 -1 1
134 240 -1 1
133 240 -1 1
132 240 -1 1
131 240 -1 1
130 240 -1 1
129 240 -1 1
128 240 -1 1
127 240 -1 1
243 239 -1 0
242 239 -1 0
241 239 -1 0
240 239 -1 0
239 239 -1 0
238 239 -1 0
237 239 -1 0
236 239 -1 0
235 239 -1 0
234 239 -1 0
233 239 -1 0
232 239 -1 0
231 239 -1 0
230 239 -1 0
229 239 -1 0
228 239 -1 0
227 239 -1 0
226 239 -1 0
225 239 -1 0
145 239 -1 1
144 239 -1 1
143 239 -1 1
142 239 -1 1
141 239 -1 1
140 239 -1 1
139 239 -1 1
138 239 -1 1
137 239 -1 1
136 239 -1 1
135 239 -1 1
134 239 -1 1
133 239 -1 1
132 239 -1 1
131 239 -1 1
130 239 -1 1
129 239 -1 1
128 239 -1 1
244 238 -1 0
243 238 -1 0
242 238 -1 0
241 238 -1 0
240 238 -1 0
239 238 -1 0
238 238 -1 0
237 238 -1 0
236 238 -1 0
235 238 -1 0
234 238 -1 0
233 238 -1 0
232 238 -1 0
231 238 -1 0
230 238 -1 0
229 238 -1 0
228 238 -1 0
227 238 -1 0
226 238 -1 0
147 238 -1 1
146 238 -1 1
145 238 -1 1
144 238 -1 1
143 238 -1 1
142 238 -1 1
141 238 -1 1
140 238 -1 1
139 238 -1 1
138 238 -1 1
137 238 -1 1
136 238 -1 1
135 238 -1 1
134 238 -1 1
133 238 -1 1
132 238 -1 1
131 238 -1 1
244 237 -1 0
243 237 -1 0
242 237 -1 0
241 237 -1 0
240 237 -1 0
239 237 -1 0
238 237 -1 0
237 237 -1 0
236 237 -1 0
235 237 -1 0
234 237 -1 0
233 237 -1 0
232 237 -1 0
231 237 -1 0
230 237 -1 0
229 237 -1 0
150 237 -1 1
149 237 -1 1
148 237 -1 1
147 237 -1 1
146 237 -1 1
145 237 -1 1
144 237 -1 1
143 237 -1 1
142 237 -1 1
141 237 -1 1
140 237 -1 1
139 237 -1 1
138 237 -1 1
137 237 -1 1
136 237 -1 1
135 237 -1 1
134 237 -1 1
133 237 -1 1
132 237 -1 1
131 237 -1 1
246 236 -1 0
245 236 -1 0
244 236 -1 0
243 236 -1 0
242 236 -1 0
241 236 -1 0
240 236 -1 0
239 236 -1 0
238 236 -1 0
237 236 -1 0
236 236 -1 0
235 236 -1 0
234 236 -1 0
233 236 -1 0
232 236 -1 0
231 236 -1 0
230 236 -1 0
151 236 -1 1
150 236 -1 1
149 236 -1 1
148 236 -1 1
147 236 -1 1
146 236 -1 1
145 236 -1 1
144 236 -1 1
143 236 -1 1
142 236 -1 1
141 236 -1 1
140 236 -1 1
139 236 -1 1
138 236 -1 1
137 236 -1 1
136 236 -1 1
135 236 -1 1
134 236 -1 1
133 236 -1 1
132 236 -1 1
249 235 -1 0
248 235 -1 0
247 235 -1 0
246 235 -1 0
245 235 -1 0
244 235 -1 0
243 235 -1 0
242 235 -1 0
241 235 -1 0
240 235 -1 0
239 235 -1 0
238 235 -1 0
237 235 -1 0
236 235 -1 0
235 235 -1 0
234 235 -1 0
233 235 -1 0
152 235 -1 1
151 235 -1 1
150 235 -1 1
149 235 -1 1
148 235 -1 1
147 235 -1 1
146 235 -1 1
145 235 -1 1
144 235 -1 1
143 235 -1 1
142 235 -1 1
141 235 -1 1
140 235 -1 1
139 235 -1 1
138 235 -1 1
137 235 -1 1
136 235 -1 1
135 235 -1 1
250 234 -1 0
249 234 -1 0
248 234 -1 0
247 234 -1 0
246 234 -1 0
245 234 -1 0
244 234 -1 0
243 234 -1 0
242 234 -1 0
241 234 -1 0
240 234 -1 0
239 234 -1 0
238 234 -1 0
237 234 -1 0
236 234 -1 0
235 234 -1 0
234 234 -1 0
154 234 -1 1
153 234 -1 1
152 234 -1 1
151 234 -1 1
150 234 -1 1
149 234 -1 1
148 234 -1 1
147 234 -1 1
146 234 -1 1
145 234 -1 1
144 234 -1 1
143 234 -1 1
142 234 -1 1
141 234 -1 1
140 234 -1 1
139 234 -1 1
138 234 -1 1
137 234 -1 1
250 233 -1 0
249 233 -1 0
248 233 -1 0
247 233 -1 0
246 233 -1 0
245 233 -1 0
244 233 -1 0
243 233 -1 0
242 233 -1 0
241 233 -1 0
240 233 -1 0
239 233 -1 0
238 233 -1 0
237 233 -1 0
236 233 -1 0
235 233 -1 0
155 233 -1 1
154 233 -1 1
153 233 -1 1
152 233 -1 1
151 233 -1 1
150 233 -1 1
149 233 -1 1
148 233 -1 1
147 233 -1 1
146 233 -1 1
145 233 -1 1
144 233 -1 1
143 233 -1 1
142 233 -1 1
141 233 -1 1
140 233 -1 1
139 233 -1 1
138 233 -1 1
250 232 -1 0
249 232 -1 0
248 232 -1 0
247 232 -1 0
246 232 -1 0
245 232 -1 0
244 232 -1 0
243 232 -1 0
242 232 -1 0
241 232 -1 0
240 232 -1 0
239 232 -1 0
238 232 -1 0
237 232 -1 0
236 232 -1 0
156 232 -1 1
155 232 -1 1
154 232 -1 1
153 232 -1 1
152 232 -1 1
151 232 -1 1
150 232 -1 1
149 232 -1 1
148 232 -1 1
147 232 -1 1
146 232 -1 1
145 232 -1 1
144 232 -1 1
143 232 -1 1
142 232 -1 1
141 232 -1 1
140 232 -1 1
139 232 -1 1
138 232 -1 1
253 231 -1 0
252 231 -1 0
251 231 -1 0
250 231 -1 0
249 231 -1 0
248 231 -1 0
247 231 -1 0
246 231 -1 0
245 231 -1 0
244 231 -1 0
243 231 -1 0
242 231 -1 0
241 231 -1 0
240 231 -1 0
239 231 -1 0
238 231 -1 0
237 231 -1 0
156 231 -1 1
155 231 -1 1
154 231 -1 1
153 231 -1 1
152 231 -1 1
151 231 -1 1
150 231 -1 1
149 231 -1 1
148 231 -1 1
147 231 -1 1
146 231 -1 1
145 231 -1 1
144 231 -1 1
143 231 -1 1
142 231 -1 1
141 231 -1 1
140 231 -1 1
139 231 -1 1
254 230 -1 0
253 230 -1 0
252 230 -1 0
251 230 -1 0
250 230 -1 0
249 230 -1 0
248 230 -1 0
247 230 -1 0
246 230 -1 0
245 230 -1 0
244 230 -1 0
243 230 -1 0
242 230 -1 0
241 230 -1 0
240 230 -1 0
157 230 -1 1
156 230 -1 1
155 230 -1 1
154 230 -1 1
153 230 -1 1
152 230 -1 1
151 230 -1 1
150 230 -1 1
149 230 -1 1
148 230 -1 1
147 230 -1 1
146 230 -1 1
145 230 -1 1
144 230 -1 1
143 230 -1 1
142 230 -1 1
141 230 -1 1
140 230 -1 1
254 229 -1 0
253 229 -1 0
252 229 -1 0
251 229 -1 0
250 229 -1 0
249 229 -1 0
248 229 -1 0
247 229 -1 0
246 229 -1 0
245 229 -1 0
244 229 -1 0
243 229 -1 0
242 229 -1 0
241 229 -1 0
158 229 -1 1
157 229 -1 1
156 229 -1 1
155 229 -1 1
154 229 -1 1
153 229 -1 1
152 229 -1 1
151 229 -1 1
150 229 -1 1
149 229 -1 1
148 229 -1 1
147 229 -1 1
146 229 -1 1
145 229 -1 1
144 229 -1 1
143 229 -1 1
255 228 -1 0
254 228 -1 0
253 228 -1 0
252 228 -1 0
251 228 -1 0
250 228 -1 0
249 228 -1 0
248 228 -1 0
247 228 -1 0
246 228 -1 0
245 228 -1 0
244 228 -1 0
243 228 -1 0
242 228 -1 0
241 228 -1 0
159 228 -1 1
158 228 -1 1
157 228 -1 1
156 228 -1 1
155 228 -1 1
154 228 -1 1
153 228 -1 1
152 228 -1 1
151 228 -1 1
150 228 -1 1
149 228 -1 1
148 228 -1 1
147 228 -1 1
146 228 -1 1
145 228 -1 1
256 227 -1 0
255 227 -1 0
254 227 -1 0
253 227 -1 0
252 227 -1 0
251 227 -1 0
250 227 -1 0
249 227 -1 0
248 227 -1 0
247 227 -1 0
246 227 -1 0
245 227 -1 0
244 227 -1 0
243 227 -1 0
242 227 -1 0
160 227 -1 1
159 227 -1 1
158 227 -1 1
157 227 -1 1
156 227 -1 1
155 227 -1 1
154 227 -1 1
153 227 -1 1
152 227 -1 1
151 227 -1 1
150 227 -1 1
149 227 -1 1
148 227 -1 1
147 227 -1 1
146 227 -1 1
256 226 -1 0
255 226 -1 0
254 226 -1 0
253 226 -1 0
252 226 -1 0
251 226 -1 0
250 226 -1 0
249 226 -1 0
248 226 -1 0
247 226 -1 0
246 226 -1 0
245 226 -1 0
161 226 -1 1
160 226 -1 1
159 226 -1 1
158 226 -1 1
157 226 -1 1
156 226 -1 1
155 226 -1 1
154 226 -1 1
153 226 -1 1
152 226 -1 1
151 226 -1 1
150 226 -1 1
149 226 -1 1
148 226 -1 1
147 226 -1 1
257 225 -1 0
256 225 -1 0
255 225 -1 0
254 225 -1 0
253 225 -1 0
252 225 -1 0
251 225 -1 0
250 225 -1 0
249 225 -1 0
248 225 -1 0
247 225 -1 0
246 225 -1 0
245 225 -1 0
163 225 -1 1
162 225 -1 1
161 225 -1 1
160 225 -1 1
159 225 -1 1
158 225 -1 1
157 225 -1 1
156 225 -1 1
155 225 -1 1
154 225 -1 1
153 225 -1 1
152 225 -1 1
151 225 -1 1
150 225 -1 1
149 225 -1 1
148 225 -1 1
257 224 -1 0
256 224 -1 0
255 224 -1 0
254 224 -1 0
253 224 -1 0
252 224 -1 0
251 224 -1 0
250 224 -1 0
249 224 -1 0
248 224 -1 0
247 224 -1 0
246 224 -1 0
245 224 -1 0
164 224 -1 1
163 224 -1 1
162 224 -1 1
161 224 -1 1
160 224 -1 1
159 224 -1 1
158 224 -1 1
157 224 -1 1
156 224 -1 1
155 224 -1 1
154 224 -1 1
153 224 -1 1
152 224 -1 1
151 224 -1 1
150 224 -1 1
149 224 -1 1
258 223 -1 0
257 223 -1 0
256 223 -1 0
255 223 -1 0
254 223 -1 0
253 223 -1 0
252 223 -1 0
251 223 -1 0
250 223 -1 0
249 223 -1 0
248 223 -1 0
247 223 -1 0
246 223 -1 0
165 223 -1 1
164 223 -1 1
163 223 -1 1
162 223 -1 1
161 223 -1 1
160 223 -1 1
159 223 -1 1
158 223 -1 1
157 223 -1 1
156 223 -1 1
155 223 -1 1
154 223 -1 1
153 223 -1 1
152 223 -1 1
151 223 -1 1
150 223 -1 1
258 222 -1 0
257 222 -1 0
256 222 -1 0
255 222 -1 0
254 222 -1 0
253 222 -1 0
252 222 -1 0
251 222 -1 0
250 222 -1 0
249 222 -1 0
248 222 -1 0
247 222 -1 0
166 222 -1 1
165 222 -1 1
164 222 -1 1
163 222 -1 1
162 222 -1 1
161 222 -1 1
160 222 -1 1
159 222 -1 1
158 222 -1 1
157 222 -1 1
156 222 -1 1
155 222 -1 1
154 222 -1 1
153 222 -1 1
152 222 -1 1
151 222 -1 1
259 221 -1 0
258 221 -1 0
257 221 -1 0
256 221 -1 0
255 221 -1 0
254 221 -1 0
253 221 -1 0
252 221 -1 0
251 221 -1 0
250 221 -1 0
249 221 -1 0
248 221 -1 0
247 221 -1 0
167 221 -1 1
166 221 -1 1
165 221 -1 1
164 221 -1 1
163 221 -1 1
162 221 -1 1
161 221 -1 1
160 221 -1 1
159 221 -1 1
158 221 -1 1
157 221 -1 1
156 221 -1 1
155 221 -1 1
154 221 -1 1
153 221 -1 1
152 221 -1 1
259 220 -1 0
258 220 -1 0
257 220 -1 0
256 220 -1 0
255 220 -1 0
254 220 -1 0
253 220 -1 0
252 220 -1 0
251 220 -1 0
250 220 -1 0
249 220 -1 0
248 220 -1 0
170 220 -1 1
169 220 -1 1
168 220 -1 1
167 220 -1 1
166 220 -1 1
165 220 -1 1
164 220 -1 1
163 220 -1 1
162 220 -1 1
161 220 -1 1
160 220 -1 1
159 220 -1 1
158 220 -1 1
157 220 -1 1
156 220 -1 1
155 220 -1 1
154 220 -1 1
153 220 -1 1
260 219 -1 0
259 219 -1 0
258 219 -1 0
257 219 -1 0
256 219 -1 0
255 219 -1 0
254 219 -1 0
253 219 -1 0
252 219 -1 0
251 219 -1 0
250 219 -1 0
249 219 -1 0
173 219 -1 1
172 219 -1 1
171 219 -1 1
170 219 -1 1
169 219 -1 1
168 219 -1 1
167 219 -1 1
166 219 -1 1
165 219 -1 1
164 219 -1 1
163 219 -1 1
162 219 -1 1
161 219 -1 1
160 219 -1 1
159 219 -1 1
158 219 -1 1
157 219 -1 1
156 219 -1 1
155 219 -1 1
154 219 -1 1
260 218 -1 0
259 218 -1 0
258 218 -1 0
257 218 -1 0
256 218 -1 0
255 218 -1 0
254 218 -1 0
253 218 -1 0
252 218 -1 0
251 218 -1 0
250 218 -1 0
174 218 -1 1
173 218 -1 1
172 218 -1 1
171 218 -1 1
170 218 -1 1
169 218 -1 1
168 218 -1 1
167 218 -1 1
166 218 -1 1
165 218 -1 1
164 218 -1 1
163 218 -1 1
162 218 -1 1
161 218 -1 1
160 218 -1 1
159 218 -1 1
158 218 -1 1
157 218 -1 1
156 218 -1 1
155 218 -1 1
260 217 -1 0
259 217 -1 0
258 217 -1 0
257 217 -1 0
256 217 -1 0
255 217 -1 0
254 217 -1 0
253 217 -1 0
252 217 -1 0
251 217 -1 0
250 217 -1 0
174 217 -1 1
173 217 -1 1
172 217 -1 1
171 217 -1 1
170 217 -1 1
169 217 -1 1
168 217 -1 1
167 217 -1 1
166 217 -1 1
165 217 -1 1
164 217 -1 1
163 217 -1 1
162 217 -1 1
161 217 -1 1
160 217 -1 1
159 217 -1 1
158 217 -1 1
157 217 -1 1
156 217 -1 1
261 216 -1 0
260 216 -1 0
259 216 -1 0
258 216 -1 0
257 216 -1 0
256 216 -1 0
255 216 -1 0
254 216 -1 0
253 216 -1 0
252 216 -1 0
251 216 -1 0
250 216 -1 0
174 216 -1 1
173 216 -1 1
172 216 -1 1
171 216 -1 1
170 216 -1 1
169 216 -1 1
168 216 -1 1
167 216 -1 1
166 216 -1 1
165 216 -1 1
164 216 -1 1
163 216 -1 1
162 216 -1 1
161 216 -1 1
160 216 -1 1
159 216 -1 1
158 216 -1 1
157 216 -1 1
260 215 -1 0
259 215 -1 0
258 215 -1 0
257 215 -1 0
256 215 -1 0
255 215 -1 0
254 215 -1 0
253 215 -1 0
252 215 -1 0
251 215 -1 0
175 215 -1 1
174 215 -1 1
173 215 -1 1
172 215 -1 1
171 215 -1 1
170 215 -1 1
169 215 -1 1
168 215 -1 1
167 215 -1 1
166 215 -1 1
165 215 -1 1
164 215 -1 1
163 215 -1 1
162 215 -1 1
161 215 -1 1
160 215 -1 1
159 215 -1 1
158 215 -1 1
260 214 -1 0
259 214 -1 0
258 214 -1 0
257 214 -1 0
256 214 -1 0
255 214 -1 0
254 214 -1 0
253 214 -1 0
252 214 -1 0
251 214 -1 0
175 214 -1 1
174 214 -1 1
173 214 -1 1
172 214 -1 1
171 214 -1 1
170 214 -1 1
169 214 -1 1
168 214 -1 1
167 214 -1 1
166 214 -1 1
165 214 -1 1
164 214 -1 1
163 214 -1 1
162 214 -1 1
161 214 -1 1
160 214 -1 1
260 213 -1 0
259 213 -1 0
258 213 -1 0
257 213 -1 0
256 213 -1 0
255 213 -1 0
254 213 -1 0
253 213 -1 0
252 213 -1 0
251 213 -1 0
174 213 -1 1
173 213 -1 1
172 213 -1 1
171 213 -1 1
170 213 -1 1
169 213 -1 1
168 213 -1 1
167 213 -1 1
166 213 -1 1
165 213 -1 1
164 213 -1 1
163 213 -1 1
162 213 -1 1
161 213 -1 1
259 212 -1 0
258 212 -1 0
257 212 -1 0
256 212 -1 0
255 212 -1 0
254 212 -1 0
253 212 -1 0
252 212 -1 0
174 212 -1 1
173 212 -1 1
172 212 -1 1
171 212 -1 1
170 212 -1 1
169 212 -1 1
168 212 -1 1
167 212 -1 1
166 212 -1 1
165 212 -1 1
164 212 -1 1
163 212 -1 1
162 212 -1 1
256 211 -1 0
255 211 -1 0
174 211 -1 1
173 211 -1 1
172 211 -1 1
171 211 -1 1
170 211 -1 1
169 211 -1 1
168 211 -1 1
167 211 -1 1
166 211 -1 1
165 211 -1 1
173 210 -1 1
172 210 -1 1
171 210 -1 1
170 210 -1 1
169 210 -1 1
168 210 -1 1
167 210 -1 1
170 209 -1 1
113 205 -1 0
116 204 -1 0
115 204 -1 0
114 204 -1 0
113 204 -1 0
112 204 -1 0
111 204 -1 0
110 204 -1 0
117 203 -1 0
116 203 -1 0
115 203 -1 0
114 203 -1 0
113 203 -1 0
112 203 -1 0
111 203 -1 0
110 203 -1 0
109 203 -1 0
117 202 -1 0
116 202 -1 0
115 202 -1 0
114 202 -1 0
113 202 -1 0
112 202 -1 0
111 202 -1 0
110 202 -1 0
109 202 -1 0
117 201 -1 0
116 201 -1 0
115 201 -1 0
114 201 -1 0
113 201 -1 0
112 201 -1 0
111 201 -1 0
110 201 -1 0
109 201 -1 0
118 200 -1 0
117 200 -1 0
116 200 -1 0
115 200 -1 0
114 200 -1 0
113 200 -1 0
112 200 -1 0
111 200 -1 0
110 200 -1 0
109 200 -1 0
108 200 -1 0
117 199 -1 0
116 199 -1 0
115 199 -1 0
114 199 -1 0
113 199 -1 0
112 199 -1 0
111 199 -1 0
110 199 -1 0
109 199 -1 0
118 198 -1 0
117 198 -1 0
116 198 -1 0
115 198 -1 0
114 198 -1 0
113 198 -1 0
112 198 -1 0
111 198 -1 0
110 198 -1 0
109 198 -1 0
108 198 -1 0
117 197 -1 0
116 197 -1 0
115 197 -1 0
114 197 -1 0
113 197 -1 0
112 197 -1 0
111 197 -1 0
110 197 -1 0
109 197 -1 0
117 196 -1 0
116 196 -1 0
115 196 -1 0
114 196 -1 0
113 196 -1 0
112 196 -1 0
111 196 -1 0
110 196 -1 0
109 196 -1 0
117 195 -1 0
116 195 -1 0
115 195 -1 0
114 195 -1 0
113 195 -1 0
112 195 -1 0
111 195 -1 0
110 195 -1 0
109 195 -1 0
118 194 -1 0
117 194 -1 0
116 194 -1 0
115 194 -1 0
114 194 -1 0
113 194 -1 0
112 194 -1 0
111 194 -1 0
110 194 -1 0
109 194 -1 0
108 194 -1 0
118 193 -1 0
117 193 -1 0
116 193 -1 0
115 193 -1 0
114 193 -1 0
113 193 -1 0
112 193 -1 0
111 193 -1 0
110 193 -1 0
109 193 -1 0
108 193 -1 0
117 192 -1 0
116 192 -1 0
115 192 -1 0
114 192 -1 0
113 192 -1 0
112 192 -1 0
111 192 -1 0
110 192 -1 0
109 192 -1 0
117 191 -1 0
116 191 -1 0
115 191 -1 0
114 191 -1 0
113 191 -1 0
112 191 -1 0
111 191 -1 0
110 191 -1 0
109 191 -1 0
118 190 -1 0
117 190 -1 0
116 190 -1 0
115 190 -1 0
114 190 -1 0
113 190 -1 0
112 190 -1 0
111 190 -1 0
110 190 -1 0
109 190 -1 0
108 190 -1 0
117 189 -1 0
116 189 -1 0
115 189 -1 0
114 189 -1 0
113 189 -1 0
112 189 -1 0
111 189 -1 0
110 189 -1 0
109 189 -1 0
117 188 -1 0
116 188 -1 0
115 188 -1 0
114 188 -1 0
113 188 -1 0
112 188 -1 0
111 188 -1 0
110 188 -1 0
109 188 -1 0
117 187 -1 0
116 187 -1 0
115 187 -1 0
114 187 -1 0
113 187 -1 0
112 187 -1 0
111 187 -1 0
110 187 -1 0
109 187 -1 0
117 186 -1 0
116 186 -1 0
115 186 -1 0
114 186 -1 0
113 186 -1 0
112 186 -1 0
111 186 -1 0
110 186 -1 0
109 186 -1 0
118 185 -1 0
117 185 -1 0
116 185 -1 0
115 185 -1 0
114 185 -1 0
113 185 -1 0
112 185 -1 0
111 185 -1 0
110 185 -1 0
109 185 -1 0
108 185 -1 0
118 184 -1 0
117 184 -1 0
116 184 -1 0
115 184 -1 0
114 184 -1 0
113 184 -1 0
112 184 -1 0
111 184 -1 0
110 184 -1 0
109 184 -1 0
108 184 -1 0
117 183 -1 0
116 183 -1 0
115 183 -1 0
114 183 -1 0
113 183 -1 0
112 183 -1 0
111 183 -1 0
110 183 -1 0
109 183 -1 0
118 182 -1 0
117 182 -1 0
116 182 -1 0
115 182 -1 0
114 182 -1 0
113 182 -1 0
112 182 -1 0
111 182 -1 0
110 182 -1 0
109 182 -1 0
119 181 -1 0
118 181 -1 0
117 181 -1 0
116 181 -1 0
115 181 -1 0
114 181 -1 0
113 181 -1 0
112 181 -1 0
111 181 -1 0
110 181 -1 0
109 181 -1 0
119 180 -1 0
118 180 -1 0
117 180 -1 0
116 180 -1 0
115 180 -1 0
114 180 -1 0
113 180 -1 0
112 180 -1 0
111 180 -1 0
110 180 -1 0
119 179 -1 0
118 179 -1 0
117 179 -1 0
116 179 -1 0
115 179 -1 0
114 179 -1 0
113 179 -1 0
112 179 -1 0
111 179 -1 0
120 178 -1 0
119 178 -1 0
118 178 -1 0
117 178 -1 0
116 178 -1 0
115 178 -1 0
114 178 -1 0
113 178 -1 0
112 178 -1 0
111 178 -1 0
110 178 -1 0
121 177 -1 0
120 177 -1 0
119 177 -1 0
118 177 -1 0
117 177 -1 0
116 177 -1 0
115 177 -1 0
114 177 -1 0
113 177 -1 0
112 177 -1 0
111 177 -1 0
121 176 -1 0
120 176 -1 0
119 176 -1 0
118 176 -1 0
117 176 -1 0
116 176 -1 0
115 176 -1 0
114 176 -1 0
113 176 -1 0
112 176 -1 0
111 176 -1 0
121 175 -1 0
120 175 -1 0
119 175 -1 0
118 175 -1 0
117 175 -1 0
116 175 -1 0
115 175 -1 0
114 175 -1 0
113 175 -1 0
112 175 -1 0
111 175 -1 0
122 174 -1 0
121 174 -1 0
120 174 -1 0
119 174 -1 0
118 174 -1 0
117 174 -1 0
116 174 -1 0
115 174 -1 0
114 174 -1 0
113 174 -1 0
112 174 -1 0
121 173 -1 0
120 173 -1 0
119 173 -1 0
118 173 -1 0
117 173 -1 0
116 173 -1 0
115 173 -1 0
114 173 -1 0
113 173 -1 0
121 172 -1 0
120 172 -1 0
119 172 -1 0
118 172 -1 0
117 172 -1 0
116 172 -1 0
115 172 -1 0
114 172 -1 0
113 172 -1 0
123 171 -1 0
122 171 -1 0
121 171 -1 0
120 171 -1 0
119 171 -1 0
118 171 -1 0
117 171 -1 0
116 171 -1 0
115 171 -1 0
114 171 -1 0
113 171 -1 0
124 170 -1 0
123 170 -1 0
122 170 -1 0
121 170 -1 0
120 170 -1 0
119 170 -1 0
118 170 -1 0
117 170 -1 0
116 170 -1 0
115 170 -1 0
114 170 -1 0
124 169 -1 0
123 169 -1 0
122 169 -1 0
121 169 -1 0
120 169 -1 0
119 169 -1 0
118 169 -1 0
117 169 -1 0
116 169 -1 0
124 168 -1 0
123 168 -1 0
122 168 -1 0
121 168 -1 0
120 168 -1 0
119 168 -1 0
118 168 -1 0
117 168 -1 0
116 168 -1 0
125 167 -1 0
124 167 -1 0
123 167 -1 0
122 167 -1 0
121 167 -1 0
120 167 -1 0
119 167 -1 0
118 167 -1 0
117 167 -1 0
116 167 -1 0
115 167 -1 0
124 166 -1 0
123 166 -1 0
122 166 -1 0
121 166 -1 0
120 166 -1 0
119 166 -1 0
118 166 -1 0
117 166 -1 0
116 166 -1 0
124 165 -1 0
123 165 -1 0
122 165 -1 0
121 165 -1 0
120 165 -1 0
119 165 -1 0
118 165 -1 0
117 165 -1 0
116 165 -1 0
125 164 -1 0
124 164 -1 0
123 164 -1 0
122 164 -1 0
121 164 -1 0
120 164 -1 0
119 164 -1 0
118 164 -1 0
117 164 -1 0
116 164 -1 0
128 163 -1 0
127 163 -1 0
126 163 -1 0
125 163 -1 0
124 163 -1 0
123 163 -1 0
122 163 -1 0
121 163 -1 0
120 163 -1 0
119 163 -1 0
118 163 -1 0
117 163 -1 0
129 162 -1 0
128 162 -1 0
127 162 -1 0
126 162 -1 0
125 162 -1 0
124 162 -1 0
123 162 -1 0
122 162 -1 0
121 162 -1 0
120 162 -1 0
129 161 -1 0
128 161 -1 0
127 161 -1 0
126 161 -1 0
125 161 -1 0
124 161 -1 0
123 161 -1 0
122 161 -1 0
121 161 -1 0
129 160 -1 0
128 160 -1 0
127 160 -1 0
126 160 -1 0
125 160 -1 0
124 160 -1 0
123 160 -1 0
122 160 -1 0
121 160 -1 0
130 159 -1 0
129 159 -1 0
128 159 -1 0
127 159 -1 0
126 159 -1 0
125 159 -1 0
124 159 -1 0
123 159 -1 0
122 159 -1 0
121 159 -1 0
120 159 -1 0
129 158 -1 0
128 158 -1 0
127 158 -1 0
126 158 -1 0
125 158 -1 0
124 158 -1 0
123 158 -1 0
122 158 -1 0
121 158 -1 0
132 157 -1 0
131 157 -1 0
130 157 -1 0
129 157 -1 0
128 157 -1 0
127 157 -1 0
126 157 -1 0
125 157 -1 0
124 157 -1 0
123 157 -1 0
122 157 -1 0
121 157 -1 0
133 156 -1 0
132 156 -1 0
131 156 -1 0
130 156 -1 0
129 156 -1 0
128 156 -1 0
127 156 -1 0
126 156 -1 0
125 156 -1 0
124 156 -1 0
123 156 -1 0
122 156 -1 0
121 156 -1 0
135 155 -1 0
134 155 -1 0
133 155 -1 0
132 155 -1 0
131 155 -1 0
130 155 -1 0
129 155 -1 0
128 155 -1 0
127 155 -1 0
126 155 -1 0
125 155 -1 0
124 155 -1 0
123 155 -1 0
122 155 -1 0
136 154 -1 0
135 154 -1 0
134 154 -1 0
133 154 -1 0
132 154 -1 0
131 154 -1 0
130 154 -1 0
129 154 -1 0
128 154 -1 0
127 154 -1 0
126 154 -1 0
125 154 -1 0
137 153 -1 0
136 153 -1 0
135 153 -1 0
134 153 -1 0
133 153 -1 0
132 153 -1 0
131 153 -1 0
130 153 -1 0
129 153 -1 0
128 153 -1 0
127 153 -1 0
126 153 -1 0
125 153 -1 0
124 153 -1 0
232 152 -1 0
138 152 -1 0
137 152 -1 0
136 152 -1 0
135 152 -1 0
134 152 -1 0
133 152 -1 0
132 152 -1 0
131 152 -1 0
130 152 -1 0
129 152 -1 0
128 152 -1 0
127 152 -1 0
126 152 -1 0
125 152 -1 0
235 151 -1 0
234 151 -1 0
233 151 -1 0
232 151 -1 0
231 151 -1 0
230 151 -1 0
229 151 -1 0
138 151 -1 0
137 151 -1 0
136 151 -1 0
135 151 -1 0
134 151 -1 0
133 151 -1 0
132 151 -1 0
131 151 -1 0
130 151 -1 0
129 151 -1 0
128 151 -1 0
127 151 -1 0
126 151 -1 0
125 151 -1 0
236 150 -1 0
235 150 -1 0
234 150 -1 0
233 150 -1 0
232 150 -1 0
231 150 -1 0
230 150 -1 0
229 150 -1 0
228 150 -1 0
138 150 -1 0
137 150 -1 0
136 150 -1 0
135 150 -1 0
134 150 -1 0
133 150 -1 0
132 150 -1 0
131 150 -1 0
130 150 -1 0
129 150 -1 0
128 150 -1 0
127 150 -1 0
126 150 -1 0
125 150 -1 0
236 149 -1 0
235 149 -1 0
234 149 -1 0
233 149 -1 0
232 149 -1 0
231 149 -1 0
230 149 -1 0
229 149 -1 0
228 149 -1 0
139 149 -1 0
138 149 -1 0
137 149 -1 0
136 149 -1 0
135 149 -1 0
134 149 -1 0
133 149 -1 0
132 149 -1 0
131 149 -1 0
130 149 -1 0
129 149 -1 0
128 149 -1 0
127 149 -1 0
126 149 -1 0
236 148 -1 0
235 148 -1 0
234 148 -1 0
233 148 -1 0
232 148 -1 0
231 148 -1 0
230 148 -1 0
229 148 -1 0
228 148 -1 0
227 148 -1 0
144 148 -1 0
140 148 -1 0
138 148 -1 0
137 148 -1 0
136 148 -1 0
135 148 -1 0
134 148 -1 0
133 148 -1 0
132 148 -1 0
131 148 -1 0
130 148 -1 0
129 148 -1 0
128 148 -1 0
237 147 -1 0
236 147 -1 0
235 147 -1 0
234 147 -1 0
233 147 -1 0
232 147 -1 0
231 147 -1 0
230 147 -1 0
229 147 -1 0
228 147 -1 0
227 147 -1 0
226 147 -1 0
147 147 -1 0
146 147 -1 0
145 147 -1 0
144 147 -1 0
143 147 -1 0
142 147 -1 0
141 147 -1 0
140 147 -1 0
139 147 -1 0
138 147 -1 0
137 147 -1 0
136 147 -1 0
135 147 -1 0
134 147 -1 0
133 147 -1 0
132 147 -1 0
131 147 -1 0
130 147 -1 0
129 147 -1 0
237 146 -1 0
236 146 -1 0
235 146 -1 0
234 146 -1 0
233 146 -1 0
232 146 -1 0
231 146 -1 0
230 146 -1 0
229 146 -1 0
228 146 -1 0
227 146 -1 0
226 146 -1 0
148 146 -1 0
147 146 -1 0
146 146 -1 0
145 146 -1 0
144 146 -1 0
143 146 -1 0
142 146 -1 0
141 146 -1 0
140 146 -1 0
139 146 -1 0
138 146 -1 0
137 146 -1 0
136 146 -1 0
135 146 -1 0
134 146 -1 0
133 146 -1 0
132 146 -1 0
131 146 -1 0
130 146 -1 0
236 145 -1 0
235 145 -1 0
234 145 -1 0
233 145 -1 0
232 145 -1 0
231 145 -1 0
230 145 -1 0
229 145 -1 0
228 145 -1 0
227 145 -1 0
226 145 -1 0
225 145 -1 0
148 145 -1 0
147 145 -1 0
146 145 -1 0
145 145 -1 0
144 145 -1 0
143 145 -1 0
142 145 -1 0
141 145 -1 0
140 145 -1 0
139 145 -1 0
138 145 -1 0
137 145 -1 0
136 145 -1 0
135 145 -1 0
134 145 -1 0
133 145 -1 0
132 145 -1 0
131 145 -1 0
236 144 -1 0
235 144 -1 0
234 144 -1 0
233 144 -1 0
232 144 -1 0
231 144 -1 0
230 144 -1 0
229 144 -1 0
228 144 -1 0
227 144 -1 0
226 144 -1 0
225 144 -1 0
148 144 -1 0
147 144 -1 0
146 144 -1 0
145 144 -1 0
144 144 -1 0
143 144 -1 0
142 144 -1 0
141 144 -1 0
140 144 -1 0
139 144 -1 0
138 144 -1 0
137 144 -1 0
136 144 -1 0
134 144 -1 0
236 143 -1 0
235 143 -1 0
234 143 -1 0
233 143 -1 0
232 143 -1 0
231 143 -1 0
230 143 -1 0
229 143 -1 0
228 143 -1 0
227 143 -1 0
226 143 -1 0
225 143 -1 0
224 143 -1 0
149 143 -1 0
148 143 -1 0
147 143 -1 0
146 143 -1 0
145 143 -1 0
144 143 -1 0
143 143 -1 0
142 143 -1 0
141 143 -1 0
140 143 -1 0
139 143 -1 0
138 143 -1 0
137 143 -1 0
136 143 -1 0
135 143 -1 0
235 142 -1 0
234 142 -1 0
233 142 -1 0
232 142 -1 0
231 142 -1 0
230 142 -1 0
229 142 -1 0
228 142 -1 0
227 142 -1 0
226 142 -1 0
225 142 -1 0
224 142 -1 0
148 142 -1 0
147 142 -1 0
146 142 -1 0
145 142 -1 0
144 142 -1 0
143 142 -1 0
142 142 -1 0
141 142 -1 0
140 142 -1 0
139 142 -1 0
138 142 -1 0
137 142 -1 0
136 142 -1 0
234 141 -1 0
233 141 -1 0
232 141 -1 0
231 141 -1 0
230 141 -1 0
229 141 -1 0
228 141 -1 0
227 141 -1 0
226 141 -1 0
225 141 -1 0
224 141 -1 0
223 141 -1 0
150 141 -1 0
149 141 -1 0
148 141 -1 0
147 141 -1 0
146 141 -1 0
145 141 -1 0
144 141 -1 0
143 141 -1 0
142 141 -1 0
141 141 -1 0
140 141 -1 0
139 141 -1 0
138 141 -1 0
137 141 -1 0
136 141 -1 0
234 140 -1 0
233 140 -1 0
232 140 -1 0
231 140 -1 0
230 140 -1 0
229 140 -1 0
228 140 -1 0
227 140 -1 0
226 140 -1 0
225 140 -1 0
224 140 -1 0
223 140 -1 0
222 140 -1 0
152 140 -1 0
151 140 -1 0
150 140 -1 0
149 140 -1 0
148 140 -1 0
147 140 -1 0
146 140 -1 0
145 140 -1 0
144 140 -1 0
143 140 -1 0
142 140 -1 0
141 140 -1 0
140 140 -1 0
139 140 -1 0
138 140 -1 0
137 140 -1 0
136 140 -1 0
234 139 -1 0
233 139 -1 0
232 139 -1 0
231 139 -1 0
230 139 -1 0
229 139 -1 0
228 139 -1 0
227 139 -1 0
226 139 -1 0
225 139 -1 0
224 139 -1 0
223 139 -1 0
222 139 -1 0
221 139 -1 0
153 139 -1 0
152 139 -1 0
151 139 -1 0
150 139 -1 0
149 139 -1 0
148 139 -1 0
147 139 -1 0
146 139 -1 0
145 139 -1 0
144 139 -1 0
143 139 -1 0
142 139 -1 0
141 139 -1 0
140 139 -1 0
139 139 -1 0
138 139 -1 0
137 139 -1 0
233 138 -1 0
232 138 -1 0
231 138 -1 0
230 138 -1 0
229 138 -1 0
228 138 -1 0
227 138 -1 0
226 138 -1 0
225 138 -1 0
224 138 -1 0
223 138 -1 0
222 138 -1 0
221 138 -1 0
153 138 -1 0
152 138 -1 0
151 138 -1 0
150 138 -1 0
149 138 -1 0
148 138 -1 0
147 138 -1 0
146 138 -1 0
145 138 -1 0
144 138 -1 0
143 138 -1 0
142 138 -1 0
141 138 -1 0
140 138 -1 0
139 138 -1 0
232 137 -1 0
231 137 -1 0
230 137 -1 0
229 137 -1 0
228 137 -1 0
227 137 -1 0
226 137 -1 0
225 137 -1 0
224 137 -1 0
223 137 -1 0
222 137 -1 0
221 137 -1 0
153 137 -1 0
152 137 -1 0
151 137 -1 0
150 137 -1 0
149 137 -1 0
148 137 -1 0
147 137 -1 0
146 137 -1 0
145 137 -1 0
144 137 -1 0
143 137 -1 0
142 137 -1 0
141 137 -1 0
140 137 -1 0
231 136 -1 0
230 136 -1 0
229 136 -1 0
228 136 -1 0
227 136 -1 0
226 136 -1 0
225 136 -1 0
224 136 -1 0
223 136 -1 0
222 136 -1 0
221 136 -1 0
220 136 -1 0
155 136 -1 0
154 136 -1 0
153 136 -1 0
152 136 -1 0
151 136 -1 0
150 136 -1 0
149 136 -1 0
148 136 -1 0
147 136 -1 0
146 136 -1 0
145 136 -1 0
144 136 -1 0
143 136 -1 0
142 136 -1 0
141 136 -1 0
140 136 -1 0
231 135 -1 0
230 135 -1 0
229 135 -1 0
228 135 -1 0
227 135 -1 0
226 135 -1 0
225 135 -1 0
224 135 -1 0
223 135 -1 0
222 135 -1 0
221 135 -1 0
220 135 -1 0
219 135 -1 0
158 135 -1 0
157 135 -1 0
156 135 -1 0
155 135 -1 0
154 135 -1 0
153 135 -1 0
152 135 -1 0
151 135 -1 0
150 135 -1 0
149 135 -1 0
148 135 -1 0
147 135 -1 0
146 135 -1 0
145 135 -1 0
144 135 -1 0
143 135 -1 0
142 135 -1 0
141 135 -1 0
140 135 -1 0
230 134 -1 0
229 134 -1 0
228 134 -1 0
227 134 -1 0
226 134 -1 0
225 134 -1 0
224 134 -1 0
223 134 -1 0
222 134 -1 0
221 134 -1 0
220 134 -1 0
219 134 -1 0
218 134 -1 0
159 134 -1 0
158 134 -1 0
157 134 -1 0
156 134 -1 0
155 134 -1 0
154 134 -1 0
153 134 -1 0
152 134 -1 0
151 134 -1 0
150 134 -1 0
149 134 -1 0
148 134 -1 0
147 134 -1 0
146 134 -1 0
145 134 -1 0
144 134 -1 0
143 134 -1 0
142 134 -1 0
141 134 -1 0
229 133 -1 0
228 133 -1 0
227 133 -1 0
226 133 -1 0
225 133 -1 0
224 133 -1 0
223 133 -1 0
222 133 -1 0
221 133 -1 0
220 133 -1 0
219 133 -1 0
218 133 -1 0
217 133 -1 0
162 133 -1 0
161 133 -1 0
160 133 -1 0
159 133 -1 0
158 133 -1 0
157 133 -1 0
156 133 -1 0
155 133 -1 0
154 133 -1 0
153 133 -1 0
152 133 -1 0
151 133 -1 0
150 133 -1 0
149 133 -1 0
148 133 -1 0
147 133 -1 0
146 133 -1 0
145 133 -1 0
144 133 -1 0
228 132 -1 0
227 132 -1 0
226 132 -1 0
225 132 -1 0
224 132 -1 0
223 132 -1 0
222 132 -1 0
221 132 -1 0
220 132 -1 0
219 132 -1 0
218 132 -1 0
217 132 -1 0
216 132 -1 0
163 132 -1 0
162 132 -1 0
161 132 -1 0
160 132 -1 0
159 132 -1 0
158 132 -1 0
157 132 -1 0
156 132 -1 0
155 132 -1 0
154 132 -1 0
153 132 -1 0
152 132 -1 0
151 132 -1 0
150 132 -1 0
149 132 -1 0
148 132 -1 0
147 132 -1 0
146 132 -1 0
228 131 -1 0
227 131 -1 0
226 131 -1 0
225 131 -1 0
224 131 -1 0
223 131 -1 0
222 131 -1 0
221 131 -1 0
220 131 -1 0
219 131 -1 0
218 131 -1 0
217 131 -1 0
216 131 -1 0
215 131 -1 0
163 131 -1 0
162 131 -1 0
161 131 -1 0
160 131 -1 0
159 131 -1 0
158 131 -1 0
157 131 -1 0
156 131 -1 0
155 131 -1 0
154 131 -1 0
153 131 -1 0
152 131 -1 0
151 131 -1 0
150 131 -1 0
149 131 -1 0
228 130 -1 0
227 130 -1 0
226 130 -1 0
225 130 -1 0
224 130 -1 0
223 130 -1 0
222 130 -1 0
221 130 -1 0
220 130 -1 0
219 130 -1 0
218 130 -1 0
217 130 -1 0
216 130 -1 0
215 130 -1 0
214 130 -1 0
163 130 -1 0
162 130 -1 0
161 130 -1 0
160 130 -1 0
159 130 -1 0
158 130 -1 0
157 130 -1 0
156 130 -1 0
155 130 -1 0
154 130 -1 0
153 130 -1 0
152 130 -1 0
151 130 -1 0
227 129 -1 0
226 129 -1 0
225 129 -1 0
224 129 -1 0
223 129 -1 0
222 129 -1 0
221 129 -1 0
220 129 -1 0
219 129 -1 0
218 129 -1 0
217 129 -1 0
216 129 -1 0
215 129 -1 0
214 129 -1 0
213 129 -1 0
212 129 -1 0
166 129 -1 0
165 129 -1 0
164 129 -1 0
163 129 -1 0
162 129 -1 0
161 129 -1 0
160 129 -1 0
159 129 -1 0
158 129 -1 0
157 129 -1 0
156 129 -1 0
155 129 -1 0
154 129 -1 0
153 129 -1 0
152 129 -1 0
151 129 -1 0
226 128 -1 0
225 128 -1 0
224 128 -1 0
223 128 -1 0
222 128 -1 0
221 128 -1 0
220 128 -1 0
219 128 -1 0
218 128 -1 0
217 128 -1 0
216 128 -1 0
215 128 -1 0
214 128 -1 0
213 128 -1 0
212 128 -1 0
211 128 -1 0
169 128 -1 0
168 128 -1 0
167 128 -1 0
166 128 -1 0
165 128 -1 0
164 128 -1 0
163 128 -1 0
162 128 -1 0
161 128 -1 0
160 128 -1 0
159 128 -1 0
158 128 -1 0
157 128 -1 0
156 128 -1 0
155 128 -1 0
154 128 -1 0
153 128 -1 0
152 128 -1 0
151 128 -1 0
225 127 -1 0
224 127 -1 0
223 127 -1 0
222 127 -1 0
221 127 -1 0
220 127 -1 0
219 127 -1 0
218 127 -1 0
217 127 -1 0
216 127 -1 0
215 127 -1 0
214 127 -1 0
213 127 -1 0
212 127 -1 0
211 127 -1 0
210 127 -1 0
170 127 -1 0
169 127 -1 0
168 127 -1 0
167 127 -1 0
166 127 -1 0
165 127 -1 0
164 127 -1 0
163 127 -1 0
162 127 -1 0
161 127 -1 0
160 127 -1 0
159 127 -1 0
158 127 -1 0
157 127 -1 0
156 127 -1 0
155 127 -1 0
154 127 -1 0
153 127 -1 0
152 127 -1 0
224 126 -1 0
223 126 -1 0
222 126 -1 0
221 126 -1 0
220 126 -1 0
219 126 -1 0
218 126 -1 0
217 126 -1 0
216 126 -1 0
215 126 -1 0
214 126 -1 0
213 126 -1 0
212 126 -1 0
211 126 -1 0
210 126 -1 0
209 126 -1 0
170 126 -1 0
169 126 -1 0
168 126 -1 0
167 126 -1 0
166 126 -1 0
165 126 -1 0
164 126 -1 0
163 126 -1 0
162 126 -1 0
161 126 -1 0
160 126 -1 0
159 126 -1 0
158 126 -1 0
157 126 -1 0
156 126 -1 0
155 126 -1 0
223 125 -1 0
222 125 -1 0
221 125 -1 0
220 125 -1 0
219 125 -1 0
218 125 -1 0
217 125 -1 0
216 125 -1 0
215 125 -1 0
214 125 -1 0
213 125 -1 0
212 125 -1 0
211 125 -1 0
210 125 -1 0
209 125 -1 0
172 125 -1 0
171 125 -1 0
170 125 -1 0
169 125 -1 0
168 125 -1 0
167 125 -1 0
166 125 -1 0
165 125 -1 0
164 125 -1 0
163 125 -1 0
162 125 -1 0
161 125 -1 0
160 125 -1 0
159 125 -1 0
158 125 -1 0
157 125 -1 0
156 125 -1 0
222 124 -1 0
221 124 -1 0
220 124 -1 0
219 124 -1 0
218 124 -1 0
217 124 -1 0
216 124 -1 0
215 124 -1 0
214 124 -1 0
213 124 -1 0
212 124 -1 0
211 124 -1 0
210 124 -1 0
209 124 -1 0
208 124 -1 0
207 124 -1 0
206 124 -1 0
175 124 -1 0
174 124 -1 0
173 124 -1 0
172 124 -1 0
171 124 -1 0
170 124 -1 0
169 124 -1 0
168 124 -1 0
167 124 -1 0
166 124 -1 0
165 124 -1 0
164 124 -1 0
163 124 -1 0
162 124 -1 0
161 124 -1 0
160 124 -1 0
159 124 -1 0
221 123 -1 0
220 123 -1 0
219 123 -1 0
218 123 -1 0
217 123 -1 0
216 123 -1 0
215 123 -1 0
214 123 -1 0
213 123 -1 0
212 123 -1 0
211 123 -1 0
210 123 -1 0
209 123 -1 0
208 123 -1 0
207 123 -1 0
206 123 -1 0
205 123 -1 0
204 123 -1 0
203 123 -1 0
202 123 -1 0
200 123 -1 0
197 123 -1 0
196 123 -1 0
192 123 -1 0
187 123 -1 0
183 123 -1 0
179 123 -1 0
176 123 -1 0
175 123 -1 0
174 123 -1 0
173 123 -1 0
172 123 -1 0
171 123 -1 0
170 123 -1 0
169 123 -1 0
168 123 -1 0
167 123 -1 0
166 123 -1 0
165 123 -1 0
164 123 -1 0
163 123 -1 0
162 123 -1 0
161 123 -1 0
160 123 -1 0
159 123 -1 0
219 122 -1 0
218 122 -1 0
217 122 -1 0
216 122 -1 0
215 122 -1 0
214 122 -1 0
213 122 -1 0
212 122 -1 0
211 122 -1 0
210 122 -1 0
209 122 -1 0
208 122 -1 0
207 122 -1 0
206 122 -1 0
205 122 -1 0
204 122 -1 0
203 122 -1 0
202 122 -1 0
201 122 -1 0
200 122 -1 0
199 122 -1 0
198 122 -1 0
197 122 -1 0
196 122 -1 0
195 122 -1 0
194 122 -1 0
193 122 -1 0
192 122 -1 0
191 122 -1 0
190 122 -1 0
189 122 -1 0
188 122 -1 0
187 122 -1 0
186 122 -1 0
185 122 -1 0
184 122 -1 0
183 122 -1 0
182 122 -1 0
181 122 -1 0
180 122 -1 0
179 122 -1 0
178 122 -1 0
177 122 -1 0
176 122 -1 0
175 122 -1 0
174 122 -1 0
173 122 -1 0
172 122 -1 0
171 122 -1 0
170 122 -1 0
169 122 -1 0
168 122 -1 0
167 122 -1 0
166 122 -1 0
165 122 -1 0
164 122 -1 0
163 122 -1 0
162 122 -1 0
161 122 -1 0
160 122 -1 0
159 122 -1 0
218 121 -1 0
217 121 -1 0
216 121 -1 0
215 121 -1 0
214 121 -1 0
213 121 -1 0
212 121 -1 0
211 121 -1 0
210 121 -1 0
209 121 -1 0
208 121 -1 0
207 121 -1 0
206 121 -1 0
205 121 -1 0
204 121 -1 0
203 121 -1 0
202 121 -1 0
201 121 -1 0
200 121 -1 0
199 121 -1 0
198 121 -1 0
197 121 -1 0
196 121 -1 0
195 121 -1 0
194 121 -1 0
193 121 -1 0
192 121 -1 0
191 121 -1 0
190 121 -1 0
189 121 -1 0
188 121 -1 0
187 121 -1 0
186 121 -1 0
185 121 -1 0
184 121 -1 0
183 121 -1 0
182 121 -1 0
181 121 -1 0
180 121 -1 0
179 121 -1 0
178 121 -1 0
177 121 -1 0
176 121 -1 0
175 121 -1 0
174 121 -1 0
173 121 -1 0
172 121 -1 0
171 121 -1 0
170 121 -1 0
169 121 -1 0
168 121 -1 0
167 121 -1 0
166 121 -1 0
165 121 -1 0
164 121 -1 0
163 121 -1 0
162 121 -1 0
161 121 -1 0
160 121 -1 0
217 120 -1 0
216 120 -1 0
215 120 -1 0
214 120 -1 0
213 120 -1 0
212 120 -1 0
211 120 -1 0
210 120 -1 0
209 120 -1 0
208 120 -1 0
207 120 -1 0
206 120 -1 0
205 120 -1 0
204 120 -1 0
203 120 -1 0
202 120 -1 0
201 120 -1 0
200 120 -1 0
199 120 -1 0
198 120 -1 0
197 120 -1 0
196 120 -1 0
195 120 -1 0
194 120 -1 0
193 120 -1 0
192 120 -1 0
191 120 -1 0
190 120 -1 0
189 120 -1 0
188 120 -1 0
187 120 -1 0
186 120 -1 0
185 120 -1 0
184 120 -1 0
183 120 -1 0
182 120 -1 0
181 120 -1 0
180 120 -1 0
179 120 -1 0
178 120 -1 0
177 120 -1 0
176 120 -1 0
175 120 -1 0
174 120 -1 0
173 120 -1 0
172 120 -1 0
171 120 -1 0
170 120 -1 0
169 120 -1 0
168 120 -1 0
167 120 -1 0
166 120 -1 0
165 120 -1 0
164 120 -1 0
163 120 -1 0
216 119 -1 0
215 119 -1 0
214 119 -1 0
213 119 -1 0
212 119 -1 0
211 119 -1 0
210 119 -1 0
209 119 -1 0
208 119 -1 0
207 119 -1 0
206 119 -1 0
205 119 -1 0
204 119 -1 0
203 119 -1 0
202 119 -1 0
201 119 -1 0
200 119 -1 0
199 119 -1 0
198 119 -1 0
197 119 -1 0
196 119 -1 0
195 119 -1 0
194 119 -1 0
193 119 -1 0
192 119 -1 0
191 119 -1 0
190 119 -1 0
189 119 -1 0
188 119 -1 0
187 119 -1 0
186 119 -1 0
185 119 -1 0
184 119 -1 0
183 119 -1 0
182 119 -1 0
181 119 -1 0
180 119 -1 0
179 119 -1 0
178 119 -1 0
177 119 -1 0
176 119 -1 0
175 119 -1 0
174 119 -1 0
173 119 -1 0
172 119 -1 0
171 119 -1 0
170 119 -1 0
169 119 -1 0
168 119 -1 0
167 119 -1 0
166 119 -1 0
165 119 -1 0
214 118 -1 0
213 118 -1 0
212 118 -1 0
211 118 -1 0
210 118 -1 0
209 118 -1 0
208 118 -1 0
207 118 -1 0
206 118 -1 0
205 118 -1 0
204 118 -1 0
203 118 -1 0
202 118 -1 0
201 118 -1 0
200 118 -1 0
199 118 -1 0
198 118 -1 0
197 118 -1 0
196 118 -1 0
195 118 -1 0
194 118 -1 0
193 118 -1 0
192 118 -1 0
191 118 -1 0
190 118 -1 0
189 118 -1 0
188 118 -1 0
187 118 -1 0
186 118 -1 0
185 118 -1 0
184 118 -1 0
183 118 -1 0
182 118 -1 0
181 118 -1 0
180 118 -1 0
179 118 -1 0
178 118 -1 0
177 118 -1 0
176 118 -1 0
175 118 -1 0
174 118 -1 0
173 118 -1 0
172 118 -1 0
171 118 -1 0
170 118 -1 0
169 118 -1 0
168 118 -1 0
167 118 -1 0
166 118 -1 0
165 118 -1 0
214 117 -1 0
213 117 -1 0
212 117 -1 0
211 117 -1 0
210 117 -1 0
209 117 -1 0
208 117 -1 0
207 117 -1 0
206 117 -1 0
205 117 -1 0
204 117 -1 0
203 117 -1 0
202 117 -1 0
201 117 -1 0
200 117 -1 0
199 117 -1 0
198 117 -1 0
197 117 -1 0
196 117 -1 0
195 117 -1 0
194 117 -1 0
193 117 -1 0
192 117 -1 0
191 117 -1 0
190 117 -1 0
189 117 -1 0
188 117 -1 0
187 117 -1 0
186 117 -1 0
185 117 -1 0
184 117 -1 0
183 117 -1 0
182 117 -1 0
181 117 -1 0
180 117 -1 0
179 117 -1 0
178 117 -1 0
177 117 -1 0
176 117 -1 0
175 117 -1 0
174 117 -1 0
173 117 -1 0
172 117 -1 0
171 117 -1 0
170 117 -1 0
169 117 -1 0
168 117 -1 0
167 117 -1 0
166 117 -1 0
213 116 -1 0
212 116 -1 0
211 116 -1 0
210 116 -1 0
209 116 -1 0
208 116 -1 0
207 116 -1 0
206 116 -1 0
205 116 -1 0
204 116 -1 0
203 116 -1 0
202 116 -1 0
201 116 -1 0
200 116 -1 0
199 116 -1 0
198 116 -1 0
197 116 -1 0
196 116 -1 0
195 116 -1 0
194 116 -1 0
193 116 -1 0
192 116 -1 0
191 116 -1 0
190 116 -1 0
189 116 -1 0
188 116 -1 0
187 116 -1 0
186 116 -1 0
185 116 -1 0
184 116 -1 0
183 116 -1 0
182 116 -1 0
181 116 -1 0
180 116 -1 0
179 116 -1 0
178 116 -1 0
177 116 -1 0
176 116 -1 0
175 116 -1 0
174 116 -1 0
173 116 -1 0
172 116 -1 0
171 116 -1 0
170 116 -1 0
169 116 -1 0
212 115 -1 0
211 115 -1 0
210 115 -1 0
209 115 -1 0
208 115 -1 0
207 115 -1 0
206 115 -1 0
205 115 -1 0
204 115 -1 0
203 115 -1 0
202 115 -1 0
201 115 -1 0
200 115 -1 0
199 115 -1 0
198 115 -1 0
197 115 -1 0
196 115 -1 0
195 115 -1 0
194 115 -1 0
193 115 -1 0
192 115 -1 0
191 115 -1 0
190 115 -1 0
189 115 -1 0
188 115 -1 0
187 115 -1 0
186 115 -1 0
185 115 -1 0
184 115 -1 0
183 115 -1 0
182 115 -1 0
181 115 -1 0
180 115 -1 0
179 115 -1 0
178 115 -1 0
177 115 -1 0
176 115 -1 0
175 115 -1 0
174 115 -1 0
173 115 -1 0
172 115 -1 0
171 115 -1 0
170 115 -1 0
169 115 -1 0
209 114 -1 0
208 114 -1 0
207 114 -1 0
206 114 -1 0
205 114 -1 0
204 114 -1 0
203 114 -1 0
202 114 -1 0
201 114 -1 0
200 114 -1 0
199 114 -1 0
198 114 -1 0
197 114 -1 0
196 114 -1 0
195 114 -1 0
194 114 -1 0
193 114 -1 0
192 114 -1 0
191 114 -1 0
190 114 -1 0
189 114 -1 0
188 114 -1 0
187 114 -1 0
186 114 -1 0
185 114 -1 0
184 114 -1 0
183 114 -1 0
182 114 -1 0
181 114 -1 0
180 114 -1 0
179 114 -1 0
178 114 -1 0
177 114 -1 0
176 114 -1 0
175 114 -1 0
174 114 -1 0
173 114 -1 0
172 114 -1 0
171 114 -1 0
170 114 -1 0
205 113 -1 0
202 113 -1 0
200 113 -1 0
197 113 -1 0
196 113 -1 0
192 113 -1 0
187 113 -1 0
183 113 -1 0
179 113 -1 0
176 113 -1 0
174 113 -1 0
173 113 -1 0
