2941 408 341
275 224 -1 0
274 224 -1 0
278 223 -1 0
277 223 -1 0
276 223 -1 0
275 223 -1 0
274 223 -1 0
273 223 -1 0
272 223 -1 0
271 223 -1 0
279 222 -1 0
278 222 -1 0
277 222 -1 0
276 222 -1 0
275 222 -1 0
274 222 -1 0
273 222 -1 0
272 222 -1 0
271 222 -1 0
270 222 -1 0
281 221 -1 0
280 221 -1 0
279 221 -1 0
278 221 -1 0
277 221 -1 0
276 221 -1 0
275 221 -1 0
274 221 -1 0
273 221 -1 0
272 221 -1 0
271 221 -1 0
270 221 -1 0
282 220 -1 0
281 220 -1 0
280 220 -1 0
279 220 -1 0
278 220 -1 0
277 220 -1 0
276 220 -1 0
275 220 -1 0
274 220 -1 0
273 220 -1 0
272 220 -1 0
271 220 -1 0
270 220 -1 0
284 219 -1 0
283 219 -1 0
282 219 -1 0
281 219 -1 0
280 219 -1 0
279 219 -1 0
278 219 -1 0
277 219 -1 0
276 219 -1 0
275 219 -1 0
274 219 -1 0
273 219 -1 0
272 219 -1 0
271 219 -1 0
270 219 -1 0
269 219 -1 0
285 218 -1 0
284 218 -1 0
283 218 -1 0
282 218 -1 0
281 218 -1 0
280 218 -1 0
279 218 -1 0
278 218 -1 0
277 218 -1 0
276 218 -1 0
275 218 -1 0
274 218 -1 0
273 218 -1 0
272 218 -1 0
271 218 -1 0
270 218 -1 0
288 217 -1 0
287 217 -1 0
286 217 -1 0
285 217 -1 0
284 217 -1 0
283 217 -1 0
282 217 -1 0
281 217 -1 0
280 217 -1 0
279 217 -1 0
278 217 -1 0
277 217 -1 0
276 217 -1 0
275 217 -1 0
274 217 -1 0
273 217 -1 0
272 217 -1 0
271 217 -1 0
270 217 -1 0
289 216 -1 0
288 216 -1 0
287 216 -1 0
286 216 -1 0
285 216 -1 0
284 216 -1 0
283 216 -1 0
282 216 -1 0
281 216 -1 0
280 216 -1 0
279 216 -1 0
278 216 -1 0
277 216 -1 0
276 216 -1 0
275 216 -1 0
274 216 -1 0
273 216 -1 0
272 216 -1 0
271 216 -1 0
270 216 -1 0
290 215 -1 0
289 215 -1 0
288 215 -1 0
287 215 -1 0
286 215 -1 0
285 215 -1 0
284 215 -1 0
283 215 -1 0
282 215 -1 0
281 215 -1 0
280 215 -1 0
279 215 -1 0
278 215 -1 0
277 215 -1 0
276 215 -1 0
275 215 -1 0
274 215 -1 0
273 215 -1 0
272 215 -1 0
271 215 -1 0
291 214 -1 0
290 214 -1 0
289 214 -1 0
288 214 -1 0
287 214 -1 0
286 214 -1 0
285 214 -1 0
284 214 -1 0
283 214 -1 0
282 214 -1 0
281 214 -1 0
280 214 -1 0
279 214 -1 0
278 214 -1 0
277 214 -1 0
276 214 -1 0
275 214 -1 0
274 214 -1 0
273 214 -1 0
272 214 -1 0
294 213 -1 0
293 213 -1 0
292 213 -1 0
291 213 -1 0
290 213 -1 0
289 213 -1 0
288 213 -1 0
287 213 -1 0
286 213 -1 0
285 213 -1 0
284 213 -1 0
283 213 -1 0
282 213 -1 0
281 213 -1 0
280 213 -1 0
279 213 -1 0
278 213 -1 0
277 213 -1 0
276 213 -1 0
275 213 -1 0
295 212 -1 0
294 212 -1 0
293 212 -1 0
292 212 -1 0
291 212 -1 0
290 212 -1 0
289 212 -1 0
288 212 -1 0
287 212 -1 0
286 212 -1 0
285 212 -1 0
284 212 -1 0
283 212 -1 0
282 212 -1 0
281 212 -1 0
280 212 -1 0
279 212 -1 0
278 212 -1 0
277 212 -1 0
276 212 -1 0
296 211 -1 0
295 211 -1 0
294 211 -1 0
293 211 -1 0
292 211 -1 0
291 211 -1 0
290 211 -1 0
289 211 -1 0
288 211 -1 0
287 211 -1 0
286 211 -1 0
285 211 -1 0
284 211 -1 0
283 211 -1 0
282 211 -1 0
281 211 -1 0
280 211 -1 0
279 211 -1 0
278 211 -1 0
296 210 -1 0
295 210 -1 0
294 210 -1 0
293 210 -1 0
292 210 -1 0
291 210 -1 0
290 210 -1 0
289 210 -1 0
288 210 -1 0
287 210 -1 0
286 210 -1 0
285 210 -1 0
284 210 -1 0
283 210 -1 0
282 210 -1 0
281 210 -1 0
280 210 -1 0
297 209 -1 0
296 209 -1 0
295 209 -1 0
294 209 -1 0
293 209 -1 0
292 209 -1 0
291 209 -1 0
290 209 -1 0
289 209 -1 0
288 209 -1 0
287 209 -1 0
286 209 -1 0
285 209 -1 0
284 209 -1 0
283 209 -1 0
282 209 -1 0
281 209 -1 0
297 208 -1 0
296 208 -1 0
295 208 -1 0
294 208 -1 0
293 208 -1 0
292 208 -1 0
291 208 -1 0
290 208 -1 0
289 208 -1 0
288 208 -1 0
287 208 -1 0
286 208 -1 0
285 208 -1 0
284 208 -1 0
283 208 -1 0
282 208 -1 0
299 207 -1 0
298 207 -1 0
297 207 -1 0
296 207 -1 0
295 207 -1 0
294 207 -1 0
293 207 -1 0
292 207 -1 0
291 207 -1 0
290 207 -1 0
289 207 -1 0
288 207 -1 0
287 207 -1 0
286 207 -1 0
285 207 -1 0
284 207 -1 0
300 206 -1 0
299 206 -1 0
298 206 -1 0
297 206 -1 0
296 206 -1 0
295 206 -1 0
294 206 -1 0
293 206 -1 0
292 206 -1 0
291 206 -1 0
290 206 -1 0
289 206 -1 0
288 206 -1 0
287 206 -1 0
286 206 -1 0
285 206 -1 0
300 205 -1 0
299 205 -1 0
298 205 -1 0
297 205 -1 0
296 205 -1 0
295 205 -1 0
294 205 -1 0
293 205 -1 0
292 205 -1 0
291 205 -1 0
290 205 -1 0
289 205 -1 0
288 205 -1 0
287 205 -1 0
286 205 -1 0
301 204 -1 0
300 204 -1 0
299 204 -1 0
298 204 -1 0
297 204 -1 0
296 204 -1 0
295 204 -1 0
294 204 -1 0
293 204 -1 0
292 204 -1 0
291 204 -1 0
290 204 -1 0
289 204 -1 0
302 203 -1 0
301 203 -1 0
300 203 -1 0
299 203 -1 0
298 203 -1 0
297 203 -1 0
296 203 -1 0
295 203 -1 0
294 203 -1 0
293 203 -1 0
292 203 -1 0
291 203 -1 0
290 203 -1 0
289 203 -1 0
303 202 -1 0
302 202 -1 0
301 202 -1 0
300 202 -1 0
299 202 -1 0
298 202 -1 0
297 202 -1 0
296 202 -1 0
295 202 -1 0
294 202 -1 0
293 202 -1 0
292 202 -1 0
291 202 -1 0
290 202 -1 0
304 201 -1 0
303 201 -1 0
302 201 -1 0
301 201 -1 0
300 201 -1 0
299 201 -1 0
298 201 -1 0
297 201 -1 0
296 201 -1 0
295 201 -1 0
294 201 -1 0
293 201 -1 0
292 201 -1 0
304 200 -1 0
303 200 -1 0
302 200 -1 0
301 200 -1 0
300 200 -1 0
299 200 -1 0
298 200 -1 0
297 200 -1 0
296 200 -1 0
295 200 -1 0
294 200 -1 0
293 200 -1 0
292 200 -1 0
305 199 -1 0
304 199 -1 0
303 199 -1 0
302 199 -1 0
301 199 -1 0
300 199 -1 0
299 199 -1 0
298 199 -1 0
297 199 -1 0
296 199 -1 0
295 199 -1 0
294 199 -1 0
293 199 -1 0
306 198 -1 0
305 198 -1 0
304 198 -1 0
303 198 -1 0
302 198 -1 0
301 198 -1 0
300 198 -1 0
299 198 -1 0
298 198 -1 0
297 198 -1 0
296 198 -1 0
295 198 -1 0
294 198 -1 0
293 198 -1 0
306 197 -1 0
305 197 -1 0
304 197 -1 0
303 197 -1 0
302 197 -1 0
301 197 -1 0
300 197 -1 0
299 197 -1 0
298 197 -1 0
297 197 -1 0
296 197 -1 0
295 197 -1 0
294 197 -1 0
307 196 -1 0
306 196 -1 0
305 196 -1 0
304 196 -1 0
303 196 -1 0
302 196 -1 0
301 196 -1 0
300 196 -1 0
299 196 -1 0
298 196 -1 0
297 196 -1 0
296 196 -1 0
295 196 -1 0
307 195 -1 0
306 195 -1 0
305 195 -1 0
304 195 -1 0
303 195 -1 0
302 195 -1 0
301 195 -1 0
300 195 -1 0
299 195 -1 0
298 195 -1 0
297 195 -1 0
296 195 -1 0
308 194 -1 0
307 194 -1 0
306 194 -1 0
305 194 -1 0
304 194 -1 0
303 194 -1 0
302 194 -1 0
301 194 -1 0
300 194 -1 0
299 194 -1 0
298 194 -1 0
297 194 -1 0
308 193 -1 0
307 193 -1 0
306 193 -1 0
305 193 -1 0
304 193 -1 0
303 193 -1 0
302 193 -1 0
301 193 -1 0
300 193 -1 0
299 193 -1 0
298 193 -1 0
310 192 -1 0
309 192 -1 0
308 192 -1 0
307 192 -1 0
306 192 -1 0
305 192 -1 0
304 192 -1 0
303 192 -1 0
302 192 -1 0
301 192 -1 0
300 192 -1 0
299 192 -1 0
298 192 -1 0
311 191 -1 0
310 191 -1 0
309 191 -1 0
308 191 -1 0
307 191 -1 0
306 191 -1 0
305 191 -1 0
304 191 -1 0
303 191 -1 0
302 191 -1 0
301 191 -1 0
300 191 -1 0
299 191 -1 0
312 190 -1 0
311 190 -1 0
310 190 -1 0
309 190 -1 0
308 190 -1 0
307 190 -1 0
306 190 -1 0
305 190 -1 0
304 190 -1 0
303 190 -1 0
302 190 -1 0
301 190 -1 0
300 190 -1 0
299 190 -1 0
313 189 -1 0
312 189 -1 0
311 189 -1 0
310 189 -1 0
309 189 -1 0
308 189 -1 0
307 189 -1 0
306 189 -1 0
305 189 -1 0
304 189 -1 0
303 189 -1 0
302 189 -1 0
301 189 -1 0
300 189 -1 0
313 188 -1 0
312 188 -1 0
311 188 -1 0
310 188 -1 0
309 188 -1 0
308 188 -1 0
307 188 -1 0
306 188 -1 0
305 188 -1 0
304 188 -1 0
303 188 -1 0
302 188 -1 0
301 188 -1 0
300 188 -1 0
314 187 -1 0
313 187 -1 0
312 187 -1 0
311 187 -1 0
310 187 -1 0
309 187 -1 0
308 187 -1 0
307 187 -1 0
306 187 -1 0
305 187 -1 0
304 187 -1 0
303 187 -1 0
302 187 -1 0
301 187 -1 0
316 186 -1 0
315 186 -1 0
314 186 -1 0
313 186 -1 0
312 186 -1 0
311 186 -1 0
310 186 -1 0
309 186 -1 0
308 186 -1 0
307 186 -1 0
306 186 -1 0
305 186 -1 0
304 186 -1 0
303 186 -1 0
317 185 -1 0
316 185 -1 0
315 185 -1 0
314 185 -1 0
313 185 -1 0
312 185 -1 0
311 185 -1 0
310 185 -1 0
309 185 -1 0
308 185 -1 0
307 185 -1 0
306 185 -1 0
305 185 -1 0
304 185 -1 0
303 185 -1 0
317 184 -1 0
316 184 -1 0
315 184 -1 0
314 184 -1 0
313 184 -1 0
312 184 -1 0
311 184 -1 0
310 184 -1 0
309 184 -1 0
308 184 -1 0
307 184 -1 0
306 184 -1 0
305 184 -1 0
304 184 -1 0
317 183 -1 0
316 183 -1 0
315 183 -1 0
314 183 -1 0
313 183 -1 0
312 183 -1 0
311 183 -1 0
310 183 -1 0
309 183 -1 0
308 183 -1 0
307 183 -1 0
306 183 -1 0
305 183 -1 0
318 182 -1 0
317 182 -1 0
316 182 -1 0
315 182 -1 0
314 182 -1 0
313 182 -1 0
312 182 -1 0
311 182 -1 0
310 182 -1 0
309 182 -1 0
308 182 -1 0
307 182 -1 0
306 182 -1 0
317 181 -1 0
316 181 -1 0
315 181 -1 0
314 181 -1 0
313 181 -1 0
312 181 -1 0
311 181 -1 0
310 181 -1 0
309 181 -1 0
308 181 -1 0
307 181 -1 0
319 180 -1 0
318 180 -1 0
317 180 -1 0
316 180 -1 0
315 180 -1 0
314 180 -1 0
313 180 -1 0
312 180 -1 0
311 180 -1 0
310 180 -1 0
309 180 -1 0
308 180 -1 0
307 180 -1 0
320 179 -1 0
319 179 -1 0
318 179 -1 0
317 179 -1 0
316 179 -1 0
315 179 -1 0
314 179 -1 0
313 179 -1 0
312 179 -1 0
311 179 -1 0
310 179 -1 0
309 179 -1 0
308 179 -1 0
320 178 -1 0
319 178 -1 0
318 178 -1 0
317 178 -1 0
316 178 -1 0
315 178 -1 0
314 178 -1 0
313 178 -1 0
312 178 -1 0
311 178 -1 0
310 178 -1 0
321 177 -1 0
320 177 -1 0
319 177 -1 0
318 177 -1 0
317 177 -1 0
316 177 -1 0
315 177 -1 0
314 177 -1 0
313 177 -1 0
312 177 -1 0
322 176 -1 0
321 176 -1 0
320 176 -1 0
319 176 -1 0
318 176 -1 0
317 176 -1 0
316 176 -1 0
315 176 -1 0
314 176 -1 0
313 176 -1 0
312 176 -1 0
311 176 -1 0
232 176 -1 1
229 176 -1 1
228 176 -1 1
226 176 -1 1
222 176 -1 1
219 176 -1 1
218 176 -1 1
217 176 -1 1
323 175 -1 0
322 175 -1 0
321 175 -1 0
320 175 -1 0
319 175 -1 0
318 175 -1 0
317 175 -1 0
316 175 -1 0
315 175 -1 0
314 175 -1 0
313 175 -1 0
312 175 -1 0
235 175 -1 1
234 175 -1 1
233 175 -1 1
232 175 -1 1
231 175 -1 1
230 175 -1 1
229 175 -1 1
228 175 -1 1
227 175 -1 1
226 175 -1 1
225 175 -1 1
224 175 -1 1
223 175 -1 1
222 175 -1 1
221 175 -1 1
220 175 -1 1
219 175 -1 1
218 175 -1 1
217 175 -1 1
216 175 -1 1
215 175 -1 1
214 175 -1 1
323 174 -1 0
322 174 -1 0
321 174 -1 0
320 174 -1 0
319 174 -1 0
318 174 -1 0
317 174 -1 0
316 174 -1 0
315 174 -1 0
314 174 -1 0
313 174 -1 0
312 174 -1 0
238 174 -1 1
237 174 -1 1
236 174 -1 1
235 174 -1 1
234 174 -1 1
233 174 -1 1
232 174 -1 1
231 174 -1 1
230 174 -1 1
229 174 -1 1
228 174 -1 1
227 174 -1 1
226 174 -1 1
225 174 -1 1
224 174 -1 1
223 174 -1 1
222 174 -1 1
221 174 -1 1
220 174 -1 1
219 174 -1 1
218 174 -1 1
217 174 -1 1
216 174 -1 1
215 174 -1 1
214 174 -1 1
213 174 -1 1
323 173 -1 0
322 173 -1 0
321 173 -1 0
320 173 -1 0
319 173 -1 0
318 173 -1 0
317 173 -1 0
316 173 -1 0
315 173 -1 0
314 173 -1 0
313 173 -1 0
312 173 -1 0
239 173 -1 1
238 173 -1 1
237 173 -1 1
236 173 -1 1
235 173 -1 1
234 173 -1 1
233 173 -1 1
232 173 -1 1
231 173 -1 1
230 173 -1 1
229 173 -1 1
228 173 -1 1
227 173 -1 1
226 173 -1 1
225 173 -1 1
224 173 -1 1
223 173 -1 1
222 173 -1 1
221 173 -1 1
220 173 -1 1
219 173 -1 1
218 173 -1 1
217 173 -1 1
216 173 -1 1
215 173 -1 1
214 173 -1 1
213 173 -1 1
324 172 -1 0
323 172 -1 0
322 172 -1 0
321 172 -1 0
320 172 -1 0
319 172 -1 0
318 172 -1 0
317 172 -1 0
316 172 -1 0
315 172 -1 0
314 172 -1 0
313 172 -1 0
239 172 -1 1
238 172 -1 1
237 172 -1 1
236 172 -1 1
235 172 -1 1
234 172 -1 1
233 172 -1 1
232 172 -1 1
231 172 -1 1
230 172 -1 1
229 172 -1 1
228 172 -1 1
227 172 -1 1
226 172 -1 1
225 172 -1 1
224 172 -1 1
223 172 -1 1
222 172 -1 1
221 172 -1 1
220 172 -1 1
219 172 -1 1
218 172 -1 1
217 172 -1 1
216 172 -1 1
215 172 -1 1
214 172 -1 1
213 172 -1 1
323 171 -1 0
322 171 -1 0
321 171 -1 0
320 171 -1 0
319 171 -1 0
318 171 -1 0
317 171 -1 0
316 171 -1 0
315 171 -1 0
314 171 -1 0
313 171 -1 0
241 171 -1 1
240 171 -1 1
239 171 -1 1
238 171 -1 1
237 171 -1 1
236 171 -1 1
235 171 -1 1
234 171 -1 1
233 171 -1 1
232 171 -1 1
231 171 -1 1
230 171 -1 1
229 171 -1 1
228 171 -1 1
227 171 -1 1
226 171 -1 1
225 171 -1 1
224 171 -1 1
223 171 -1 1
222 171 -1 1
221 171 -1 1
220 171 -1 1
219 171 -1 1
218 171 -1 1
217 171 -1 1
216 171 -1 1
215 171 -1 1
214 171 -1 1
213 171 -1 1
212 171 -1 1
324 170 -1 0
323 170 -1 0
322 170 -1 0
321 170 -1 0
320 170 -1 0
319 170 -1 0
318 170 -1 0
317 170 -1 0
316 170 -1 0
315 170 -1 0
314 170 -1 0
242 170 -1 1
241 170 -1 1
240 170 -1 1
239 170 -1 1
238 170 -1 1
237 170 -1 1
236 170 -1 1
235 170 -1 1
234 170 -1 1
233 170 -1 1
232 170 -1 1
231 170 -1 1
230 170 -1 1
229 170 -1 1
228 170 -1 1
227 170 -1 1
226 170 -1 1
225 170 -1 1
224 170 -1 1
223 170 -1 1
222 170 -1 1
221 170 -1 1
220 170 -1 1
219 170 -1 1
218 170 -1 1
217 170 -1 1
216 170 -1 1
215 170 -1 1
214 170 -1 1
213 170 -1 1
212 170 -1 1
159 170 -1 0
324 169 -1 0
323 169 -1 0
322 169 -1 0
321 169 -1 0
320 169 -1 0
319 169 -1 0
318 169 -1 0
317 169 -1 0
316 169 -1 0
315 169 -1 0
245 169 -1 1
244 169 -1 1
243 169 -1 1
242 169 -1 1
241 169 -1 1
240 169 -1 1
239 169 -1 1
238 169 -1 1
237 169 -1 1
236 169 -1 1
235 169 -1 1
234 169 -1 1
233 169 -1 1
232 169 -1 1
231 169 -1 1
230 169 -1 1
229 169 -1 1
228 169 -1 1
227 169 -1 1
226 169 -1 1
225 169 -1 1
224 169 -1 1
223 169 -1 1
222 169 -1 1
221 169 -1 1
220 169 -1 1
219 169 -1 1
218 169 -1 1
217 169 -1 1
216 169 -1 1
215 169 -1 1
214 169 -1 1
213 169 -1 1
162 169 -1 0
161 169 -1 0
160 169 -1 0
159 169 -1 0
158 169 -1 0
157 169 -1 0
156 169 -1 0
324 168 -1 0
323 168 -1 0
322 168 -1 0
321 168 -1 0
320 168 -1 0
319 168 -1 0
318 168 -1 0
317 168 -1 0
316 168 -1 0
315 168 -1 0
246 168 -1 1
245 168 -1 1
244 168 -1 1
243 168 -1 1
242 168 -1 1
241 168 -1 1
240 168 -1 1
239 168 -1 1
238 168 -1 1
237 168 -1 1
236 168 -1 1
235 168 -1 1
234 168 -1 1
233 168 -1 1
232 168 -1 1
231 168 -1 1
230 168 -1 1
229 168 -1 1
228 168 -1 1
227 168 -1 1
226 168 -1 1
225 168 -1 1
224 168 -1 1
223 168 -1 1
222 168 -1 1
221 168 -1 1
220 168 -1 1
219 168 -1 1
218 168 -1 1
217 168 -1 1
216 168 -1 1
215 168 -1 1
214 168 -1 1
213 168 -1 1
163 168 -1 0
162 168 -1 0
161 168 -1 0
160 168 -1 0
159 168 -1 0
158 168 -1 0
157 168 -1 0
156 168 -1 0
155 168 -1 0
325 167 -1 0
324 167 -1 0
323 167 -1 0
322 167 -1 0
321 167 -1 0
320 167 -1 0
319 167 -1 0
318 167 -1 0
317 167 -1 0
316 167 -1 0
315 167 -1 0
246 167 -1 1
245 167 -1 1
244 167 -1 1
243 167 -1 1
242 167 -1 1
241 167 -1 1
240 167 -1 1
239 167 -1 1
238 167 -1 1
237 167 -1 1
236 167 -1 1
235 167 -1 1
234 167 -1 1
233 167 -1 1
232 167 -1 1
231 167 -1 1
230 167 -1 1
229 167 -1 1
228 167 -1 1
227 167 -1 1
226 167 -1 1
225 167 -1 1
224 167 -1 1
223 167 -1 1
222 167 -1 1
221 167 -1 1
220 167 -1 1
219 167 -1 1
218 167 -1 1
217 167 -1 1
216 167 -1 1
215 167 -1 1
214 167 -1 1
213 167 -1 1
163 167 -1 0
162 167 -1 0
161 167 -1 0
160 167 -1 0
159 167 -1 0
158 167 -1 0
157 167 -1 0
156 167 -1 0
155 167 -1 0
325 166 -1 0
324 166 -1 0
323 166 -1 0
322 166 -1 0
321 166 -1 0
320 166 -1 0
319 166 -1 0
318 166 -1 0
317 166 -1 0
316 166 -1 0
315 166 -1 0
249 166 -1 1
247 166 -1 1
246 166 -1 1
245 166 -1 1
244 166 -1 1
243 166 -1 1
242 166 -1 1
241 166 -1 1
240 166 -1 1
239 166 -1 1
238 166 -1 1
237 166 -1 1
236 166 -1 1
235 166 -1 1
234 166 -1 1
233 166 -1 1
232 166 -1 1
229 166 -1 1
228 166 -1 1
226 166 -1 1
222 166 -1 1
220 166 -1 1
219 166 -1 1
218 166 -1 1
217 166 -1 1
216 166 -1 1
215 166 -1 1
214 166 -1 1
164 166 -1 0
163 166 -1 0
162 166 -1 0
161 166 -1 0
160 166 -1 0
159 166 -1 0
158 166 -1 0
157 166 -1 0
156 166 -1 0
155 166 -1 0
324 165 -1 0
323 165 -1 0
322 165 -1 0
321 165 -1 0
320 165 -1 0
319 165 -1 0
318 165 -1 0
317 165 -1 0
316 165 -1 0
253 165 -1 1
252 165 -1 1
251 165 -1 1
250 165 -1 1
249 165 -1 1
248 165 -1 1
247 165 -1 1
246 165 -1 1
245 165 -1 1
244 165 -1 1
243 165 -1 1
242 165 -1 1
241 165 -1 1
240 165 -1 1
239 165 -1 1
238 165 -1 1
237 165 -1 1
236 165 -1 1
235 165 -1 1
234 165 -1 1
217 165 -1 1
164 165 -1 0
163 165 -1 0
162 165 -1 0
161 165 -1 0
160 165 -1 0
159 165 -1 0
158 165 -1 0
157 165 -1 0
156 165 -1 0
155 165 -1 0
154 165 -1 0
324 164 -1 0
323 164 -1 0
322 164 -1 0
321 164 -1 0
320 164 -1 0
319 164 -1 0
318 164 -1 0
317 164 -1 0
316 164 -1 0
256 164 -1 1
255 164 -1 1
254 164 -1 1
253 164 -1 1
252 164 -1 1
251 164 -1 1
250 164 -1 1
249 164 -1 1
248 164 -1 1
247 164 -1 1
246 164 -1 1
245 164 -1 1
244 164 -1 1
243 164 -1 1
242 164 -1 1
241 164 -1 1
240 164 -1 1
239 164 -1 1
238 164 -1 1
237 164 -1 1
236 164 -1 1
235 164 -1 1
234 164 -1 1
165 164 -1 0
164 164 -1 0
163 164 -1 0
162 164 -1 0
161 164 -1 0
160 164 -1 0
159 164 -1 0
158 164 -1 0
157 164 -1 0
156 164 -1 0
155 164 -1 0
325 163 -1 0
324 163 -1 0
323 163 -1 0
322 163 -1 0
321 163 -1 0
320 163 -1 0
319 163 -1 0
318 163 -1 0
317 163 -1 0
316 163 -1 0
315 163 -1 0
257 163 -1 1
256 163 -1 1
255 163 -1 1
254 163 -1 1
253 163 -1 1
252 163 -1 1
251 163 -1 1
250 163 -1 1
249 163 -1 1
248 163 -1 1
247 163 -1 1
246 163 -1 1
245 163 -1 1
244 163 -1 1
243 163 -1 1
242 163 -1 1
241 163 -1 1
240 163 -1 1
239 163 -1 1
238 163 -1 1
237 163 -1 1
236 163 -1 1
235 163 -1 1
166 163 -1 0
165 163 -1 0
164 163 -1 0
163 163 -1 0
162 163 -1 0
161 163 -1 0
160 163 -1 0
159 163 -1 0
158 163 -1 0
157 163 -1 0
156 163 -1 0
155 163 -1 0
325 162 -1 0
324 162 -1 0
323 162 -1 0
322 162 -1 0
321 162 -1 0
320 162 -1 0
319 162 -1 0
318 162 -1 0
317 162 -1 0
316 162 -1 0
258 162 -1 1
257 162 -1 1
256 162 -1 1
255 162 -1 1
254 162 -1 1
253 162 -1 1
252 162 -1 1
251 162 -1 1
250 162 -1 1
249 162 -1 1
248 162 -1 1
247 162 -1 1
246 162 -1 1
245 162 -1 1
244 162 -1 1
243 162 -1 1
242 162 -1 1
241 162 -1 1
240 162 -1 1
239 162 -1 1
238 162 -1 1
237 162 -1 1
236 162 -1 1
167 162 -1 0
166 162 -1 0
165 162 -1 0
164 162 -1 0
163 162 -1 0
162 162 -1 0
161 162 -1 0
160 162 -1 0
159 162 -1 0
158 162 -1 0
157 162 -1 0
156 162 -1 0
155 162 -1 0
326 161 -1 0
325 161 -1 0
324 161 -1 0
323 161 -1 0
322 161 -1 0
321 161 -1 0
320 161 -1 0
319 161 -1 0
318 161 -1 0
317 161 -1 0
316 161 -1 0
259 161 -1 1
258 161 -1 1
257 161 -1 1
256 161 -1 1
255 161 -1 1
254 161 -1 1
253 161 -1 1
252 161 -1 1
251 161 -1 1
250 161 -1 1
249 161 -1 1
248 161 -1 1
247 161 -1 1
246 161 -1 1
245 161 -1 1
244 161 -1 1
243 161 -1 1
242 161 -1 1
241 161 -1 1
240 161 -1 1
239 161 -1 1
238 161 -1 1
237 161 -1 1
167 161 -1 0
166 161 -1 0
165 161 -1 0
164 161 -1 0
163 161 -1 0
162 161 -1 0
161 161 -1 0
160 161 -1 0
159 161 -1 0
158 161 -1 0
157 161 -1 0
156 161 -1 0
326 160 -1 0
325 160 -1 0
324 160 -1 0
323 160 -1 0
322 160 -1 0
321 160 -1 0
320 160 -1 0
319 160 -1 0
318 160 -1 0
317 160 -1 0
316 160 -1 0
261 160 -1 1
260 160 -1 1
259 160 -1 1
258 160 -1 1
257 160 -1 1
256 160 -1 1
255 160 -1 1
254 160 -1 1
253 160 -1 1
252 160 -1 1
251 160 -1 1
250 160 -1 1
249 160 -1 1
248 160 -1 1
247 160 -1 1
246 160 -1 1
245 160 -1 1
244 160 -1 1
243 160 -1 1
242 160 -1 1
240 160 -1 1
168 160 -1 0
167 160 -1 0
166 160 -1 0
165 160 -1 0
164 160 -1 0
163 160 -1 0
162 160 -1 0
161 160 -1 0
160 160 -1 0
159 160 -1 0
158 160 -1 0
157 160 -1 0
156 160 -1 0
326 159 -1 0
325 159 -1 0
324 159 -1 0
323 159 -1 0
322 159 -1 0
321 159 -1 0
320 159 -1 0
319 159 -1 0
318 159 -1 0
317 159 -1 0
316 159 -1 0
262 159 -1 1
261 159 -1 1
260 159 -1 1
259 159 -1 1
258 159 -1 1
257 159 -1 1
256 159 -1 1
255 159 -1 1
254 159 -1 1
253 159 -1 1
252 159 -1 1
251 159 -1 1
250 159 -1 1
249 159 -1 1
248 159 -1 1
247 159 -1 1
246 159 -1 1
245 159 -1 1
244 159 -1 1
243 159 -1 1
168 159 -1 0
167 159 -1 0
166 159 -1 0
165 159 -1 0
164 159 -1 0
163 159 -1 0
162 159 -1 0
161 159 -1 0
160 159 -1 0
159 159 -1 0
158 159 -1 0
157 159 -1 0
327 158 -1 0
326 158 -1 0
325 158 -1 0
324 158 -1 0
323 158 -1 0
322 158 -1 0
321 158 -1 0
320 158 -1 0
319 158 -1 0
318 158 -1 0
317 158 -1 0
262 158 -1 1
261 158 -1 1
260 158 -1 1
259 158 -1 1
258 158 -1 1
257 158 -1 1
256 158 -1 1
255 158 -1 1
254 158 -1 1
253 158 -1 1
252 158 -1 1
251 158 -1 1
250 158 -1 1
249 158 -1 1
248 158 -1 1
247 158 -1 1
246 158 -1 1
245 158 -1 1
244 158 -1 1
243 158 -1 1
168 158 -1 0
167 158 -1 0
166 158 -1 0
165 158 -1 0
164 158 -1 0
163 158 -1 0
162 158 -1 0
161 158 -1 0
160 158 -1 0
159 158 -1 0
158 158 -1 0
326 157 -1 0
325 157 -1 0
324 157 -1 0
323 157 -1 0
322 157 -1 0
321 157 -1 0
320 157 -1 0
319 157 -1 0
318 157 -1 0
317 157 -1 0
265 157 -1 1
264 157 -1 1
263 157 -1 1
262 157 -1 1
261 157 -1 1
260 157 -1 1
259 157 -1 1
258 157 -1 1
257 157 -1 1
256 157 -1 1
255 157 -1 1
254 157 -1 1
253 157 -1 1
252 157 -1 1
251 157 -1 1
250 157 -1 1
249 157 -1 1
248 157 -1 1
247 157 -1 1
246 157 -1 1
245 157 -1 1
244 157 -1 1
169 157 -1 0
168 157 -1 0
167 157 -1 0
166 157 -1 0
165 157 -1 0
164 157 -1 0
163 157 -1 0
162 157 -1 0
161 157 -1 0
160 157 -1 0
159 157 -1 0
158 157 -1 0
327 156 -1 0
326 156 -1 0
325 156 -1 0
324 156 -1 0
323 156 -1 0
322 156 -1 0
321 156 -1 0
320 156 -1 0
319 156 -1 0
318 156 -1 0
317 156 -1 0
267 156 -1 1
266 156 -1 1
265 156 -1 1
264 156 -1 1
263 156 -1 1
262 156 -1 1
261 156 -1 1
260 156 -1 1
259 156 -1 1
258 156 -1 1
257 156 -1 1
256 156 -1 1
255 156 -1 1
254 156 -1 1
253 156 -1 1
252 156 -1 1
251 156 -1 1
250 156 -1 1
249 156 -1 1
247 156 -1 1
169 156 -1 0
168 156 -1 0
167 156 -1 0
166 156 -1 0
165 156 -1 0
164 156 -1 0
163 156 -1 0
162 156 -1 0
161 156 -1 0
160 156 -1 0
159 156 -1 0
327 155 -1 0
326 155 -1 0
325 155 -1 0
324 155 -1 0
323 155 -1 0
322 155 -1 0
321 155 -1 0
320 155 -1 0
319 155 -1 0
318 155 -1 0
268 155 -1 1
267 155 -1 1
266 155 -1 1
265 155 -1 1
264 155 -1 1
263 155 -1 1
262 155 -1 1
261 155 -1 1
260 155 -1 1
259 155 -1 1
258 155 -1 1
257 155 -1 1
256 155 -1 1
255 155 -1 1
254 155 -1 1
253 155 -1 1
252 155 -1 1
251 155 -1 1
170 155 -1 0
169 155 -1 0
168 155 -1 0
167 155 -1 0
166 155 -1 0
165 155 -1 0
164 155 -1 0
163 155 -1 0
162 155 -1 0
161 155 -1 0
160 155 -1 0
159 155 -1 0
328 154 -1 0
327 154 -1 0
326 154 -1 0
325 154 -1 0
324 154 -1 0
323 154 -1 0
322 154 -1 0
321 154 -1 0
320 154 -1 0
319 154 -1 0
318 154 -1 0
317 154 -1 0
269 154 -1 1
268 154 -1 1
267 154 -1 1
266 154 -1 1
265 154 -1 1
264 154 -1 1
263 154 -1 1
262 154 -1 1
261 154 -1 1
260 154 -1 1
259 154 -1 1
258 154 -1 1
257 154 -1 1
256 154 -1 1
255 154 -1 1
254 154 -1 1
253 154 -1 1
252 154 -1 1
170 154 -1 0
169 154 -1 0
168 154 -1 0
167 154 -1 0
166 154 -1 0
165 154 -1 0
164 154 -1 0
163 154 -1 0
162 154 -1 0
161 154 -1 0
160 154 -1 0
159 154 -1 0
328 153 -1 0
327 153 -1 0
326 153 -1 0
325 153 -1 0
324 153 -1 0
323 153 -1 0
322 153 -1 0
321 153 -1 0
320 153 -1 0
319 153 -1 0
318 153 -1 0
270 153 -1 1
269 153 -1 1
268 153 -1 1
267 153 -1 1
266 153 -1 1
265 153 -1 1
264 153 -1 1
263 153 -1 1
262 153 -1 1
261 153 -1 1
260 153 -1 1
259 153 -1 1
258 153 -1 1
257 153 -1 1
256 153 -1 1
255 153 -1 1
254 153 -1 1
170 153 -1 0
169 153 -1 0
168 153 -1 0
167 153 -1 0
166 153 -1 0
165 153 -1 0
164 153 -1 0
163 153 -1 0
162 153 -1 0
161 153 -1 0
160 153 -1 0
328 152 -1 0
327 152 -1 0
326 152 -1 0
325 152 -1 0
324 152 -1 0
323 152 -1 0
322 152 -1 0
321 152 -1 0
320 152 -1 0
319 152 -1 0
318 152 -1 0
272 152 -1 1
271 152 -1 1
270 152 -1 1
269 152 -1 1
268 152 -1 1
267 152 -1 1
266 152 -1 1
265 152 -1 1
264 152 -1 1
263 152 -1 1
262 152 -1 1
261 152 -1 1
260 152 -1 1
259 152 -1 1
258 152 -1 1
257 152 -1 1
256 152 -1 1
255 152 -1 1
254 152 -1 1
171 152 -1 0
170 152 -1 0
169 152 -1 0
168 152 -1 0
167 152 -1 0
166 152 -1 0
165 152 -1 0
164 152 -1 0
163 152 -1 0
162 152 -1 0
161 152 -1 0
160 152 -1 0
329 151 -1 0
328 151 -1 0
327 151 -1 0
326 151 -1 0
325 151 -1 0
324 151 -1 0
323 151 -1 0
322 151 -1 0
321 151 -1 0
320 151 -1 0
319 151 -1 0
318 151 -1 0
273 151 -1 1
272 151 -1 1
271 151 -1 1
270 151 -1 1
269 151 -1 1
268 151 -1 1
267 151 -1 1
266 151 -1 1
265 151 -1 1
264 151 -1 1
263 151 -1 1
262 151 -1 1
261 151 -1 1
260 151 -1 1
259 151 -1 1
258 151 -1 1
257 151 -1 1
256 151 -1 1
255 151 -1 1
171 151 -1 0
170 151 -1 0
169 151 -1 0
168 151 -1 0
167 151 -1 0
166 151 -1 0
165 151 -1 0
164 151 -1 0
163 151 -1 0
162 151 -1 0
161 151 -1 0
160 151 -1 0
328 150 -1 0
327 150 -1 0
326 150 -1 0
325 150 -1 0
324 150 -1 0
323 150 -1 0
322 150 -1 0
321 150 -1 0
320 150 -1 0
319 150 -1 0
274 150 -1 1
273 150 -1 1
272 150 -1 1
271 150 -1 1
270 150 -1 1
269 150 -1 1
268 150 -1 1
267 150 -1 1
266 150 -1 1
265 150 -1 1
264 150 -1 1
263 150 -1 1
262 150 -1 1
261 150 -1 1
260 150 -1 1
259 150 -1 1
258 150 -1 1
172 150 -1 0
171 150 -1 0
170 150 -1 0
169 150 -1 0
168 150 -1 0
167 150 -1 0
166 150 -1 0
165 150 -1 0
164 150 -1 0
163 150 -1 0
162 150 -1 0
161 150 -1 0
328 149 -1 0
327 149 -1 0
326 149 -1 0
325 149 -1 0
324 149 -1 0
323 149 -1 0
322 149 -1 0
321 149 -1 0
320 149 -1 0
274 149 -1 1
273 149 -1 1
272 149 -1 1
271 149 -1 1
270 149 -1 1
269 149 -1 1
268 149 -1 1
267 149 -1 1
266 149 -1 1
265 149 -1 1
264 149 -1 1
263 149 -1 1
262 149 -1 1
261 149 -1 1
260 149 -1 1
259 149 -1 1
172 149 -1 0
171 149 -1 0
170 149 -1 0
169 149 -1 0
168 149 -1 0
167 149 -1 0
166 149 -1 0
165 149 -1 0
164 149 -1 0
163 149 -1 0
162 149 -1 0
329 148 -1 0
328 148 -1 0
327 148 -1 0
326 148 -1 0
325 148 -1 0
324 148 -1 0
323 148 -1 0
322 148 -1 0
321 148 -1 0
320 148 -1 0
319 148 -1 0
274 148 -1 1
273 148 -1 1
272 148 -1 1
271 148 -1 1
270 148 -1 1
269 148 -1 1
268 148 -1 1
267 148 -1 1
266 148 -1 1
265 148 -1 1
264 148 -1 1
263 148 -1 1
262 148 -1 1
261 148 -1 1
174 148 -1 0
173 148 -1 0
172 148 -1 0
171 148 -1 0
170 148 -1 0
169 148 -1 0
168 148 -1 0
167 148 -1 0
166 148 -1 0
165 148 -1 0
164 148 -1 0
163 148 -1 0
162 148 -1 0
328 147 -1 0
327 147 -1 0
326 147 -1 0
325 147 -1 0
324 147 -1 0
323 147 -1 0
322 147 -1 0
321 147 -1 0
320 147 -1 0
275 147 -1 1
274 147 -1 1
273 147 -1 1
272 147 -1 1
271 147 -1 1
270 147 -1 1
269 147 -1 1
268 147 -1 1
267 147 -1 1
266 147 -1 1
265 147 -1 1
264 147 -1 1
263 147 -1 1
262 147 -1 1
175 147 -1 0
174 147 -1 0
173 147 -1 0
172 147 -1 0
171 147 -1 0
170 147 -1 0
169 147 -1 0
168 147 -1 0
167 147 -1 0
166 147 -1 0
165 147 -1 0
164 147 -1 0
163 147 -1 0
329 146 -1 0
328 146 -1 0
327 146 -1 0
326 146 -1 0
325 146 -1 0
324 146 -1 0
323 146 -1 0
322 146 -1 0
321 146 -1 0
320 146 -1 0
274 146 -1 1
273 146 -1 1
272 146 -1 1
271 146 -1 1
270 146 -1 1
269 146 -1 1
268 146 -1 1
267 146 -1 1
266 146 -1 1
265 146 -1 1
264 146 -1 1
263 146 -1 1
175 146 -1 0
174 146 -1 0
173 146 -1 0
172 146 -1 0
171 146 -1 0
170 146 -1 0
169 146 -1 0
168 146 -1 0
167 146 -1 0
166 146 -1 0
165 146 -1 0
164 146 -1 0
329 145 -1 0
328 145 -1 0
327 145 -1 0
326 145 -1 0
325 145 -1 0
324 145 -1 0
323 145 -1 0
322 145 -1 0
321 145 -1 0
320 145 -1 0
274 145 -1 1
273 145 -1 1
272 145 -1 1
271 145 -1 1
270 145 -1 1
269 145 -1 1
268 145 -1 1
267 145 -1 1
266 145 -1 1
265 145 -1 1
264 145 -1 1
176 145 -1 0
175 145 -1 0
174 145 -1 0
173 145 -1 0
172 145 -1 0
171 145 -1 0
170 145 -1 0
169 145 -1 0
168 145 -1 0
167 145 -1 0
166 145 -1 0
165 145 -1 0
164 145 -1 0
329 144 -1 0
328 144 -1 0
327 144 -1 0
326 144 -1 0
325 144 -1 0
324 144 -1 0
323 144 -1 0
322 144 -1 0
321 144 -1 0
320 144 -1 0
274 144 -1 1
273 144 -1 1
272 144 -1 1
271 144 -1 1
270 144 -1 1
269 144 -1 1
268 144 -1 1
267 144 -1 1
266 144 -1 1
265 144 -1 1
177 144 -1 0
176 144 -1 0
175 144 -1 0
174 144 -1 0
173 144 -1 0
172 144 -1 0
171 144 -1 0
170 144 -1 0
169 144 -1 0
168 144 -1 0
167 144 -1 0
166 144 -1 0
165 144 -1 0
164 144 -1 0
330 143 -1 0
329 143 -1 0
328 143 -1 0
327 143 -1 0
326 143 -1 0
325 143 -1 0
324 143 -1 0
323 143 -1 0
322 143 -1 0
321 143 -1 0
320 143 -1 0
319 143 -1 0
273 143 -1 1
272 143 -1 1
271 143 -1 1
270 143 -1 1
269 143 -1 1
268 143 -1 1
267 143 -1 1
178 143 -1 0
177 143 -1 0
176 143 -1 0
175 143 -1 0
174 143 -1 0
173 143 -1 0
172 143 -1 0
171 143 -1 0
170 143 -1 0
169 143 -1 0
168 143 -1 0
167 143 -1 0
166 143 -1 0
165 143 -1 0
329 142 -1 0
328 142 -1 0
327 142 -1 0
326 142 -1 0
325 142 -1 0
324 142 -1 0
323 142 -1 0
322 142 -1 0
321 142 -1 0
320 142 -1 0
270 142 -1 1
179 142 -1 0
178 142 -1 0
177 142 -1 0
176 142 -1 0
175 142 -1 0
174 142 -1 0
173 142 -1 0
172 142 -1 0
171 142 -1 0
170 142 -1 0
169 142 -1 0
168 142 -1 0
167 142 -1 0
329 141 -1 0
328 141 -1 0
327 141 -1 0
326 141 -1 0
325 141 -1 0
324 141 -1 0
323 141 -1 0
322 141 -1 0
321 141 -1 0
320 141 -1 0
180 141 -1 0
179 141 -1 0
178 141 -1 0
177 141 -1 0
176 141 -1 0
175 141 -1 0
174 141 -1 0
173 141 -1 0
172 141 -1 0
171 141 -1 0
170 141 -1 0
169 141 -1 0
168 141 -1 0
167 141 -1 0
329 140 -1 0
328 140 -1 0
327 140 -1 0
326 140 -1 0
325 140 -1 0
324 140 -1 0
323 140 -1 0
322 140 -1 0
321 140 -1 0
320 140 -1 0
180 140 -1 0
179 140 -1 0
178 140 -1 0
177 140 -1 0
176 140 -1 0
175 140 -1 0
174 140 -1 0
173 140 -1 0
172 140 -1 0
171 140 -1 0
170 140 -1 0
169 140 -1 0
168 140 -1 0
328 139 -1 0
327 139 -1 0
326 139 -1 0
325 139 -1 0
324 139 -1 0
323 139 -1 0
322 139 -1 0
321 139 -1 0
180 139 -1 0
179 139 -1 0
178 139 -1 0
177 139 -1 0
176 139 -1 0
175 139 -1 0
174 139 -1 0
173 139 -1 0
172 139 -1 0
171 139 -1 0
170 139 -1 0
169 139 -1 0
168 139 -1 0
325 138 -1 0
324 138 -1 0
181 138 -1 0
180 138 -1 0
179 138 -1 0
178 138 -1 0
177 138 -1 0
176 138 -1 0
175 138 -1 0
174 138 -1 0
173 138 -1 0
172 138 -1 0
171 138 -1 0
170 138 -1 0
169 138 -1 0
183 137 -1 0
180 137 -1 0
179 137 -1 0
178 137 -1 0
177 137 -1 0
176 137 -1 0
175 137 -1 0
174 137 -1 0
173 137 -1 0
172 137 -1 0
171 137 -1 0
170 137 -1 0
186 136 -1 0
185 136 -1 0
184 136 -1 0
183 136 -1 0
182 136 -1 0
181 136 -1 0
180 136 -1 0
179 136 -1 0
178 136 -1 0
177 136 -1 0
176 136 -1 0
175 136 -1 0
174 136 -1 0
173 136 -1 0
172 136 -1 0
171 136 -1 0
187 135 -1 0
186 135 -1 0
185 135 -1 0
184 135 -1 0
183 135 -1 0
182 135 -1 0
181 135 -1 0
180 135 -1 0
179 135 -1 0
178 135 -1 0
177 135 -1 0
176 135 -1 0
175 135 -1 0
174 135 -1 0
173 135 -1 0
172 135 -1 0
187 134 -1 0
186 134 -1 0
185 134 -1 0
184 134 -1 0
183 134 -1 0
182 134 -1 0
181 134 -1 0
180 134 -1 0
179 134 -1 0
178 134 -1 0
177 134 -1 0
176 134 -1 0
175 134 -1 0
174 134 -1 0
173 134 -1 0
188 133 -1 0
187 133 -1 0
186 133 -1 0
185 133 -1 0
184 133 -1 0
183 133 -1 0
182 133 -1 0
181 133 -1 0
180 133 -1 0
179 133 -1 0
176 133 -1 0
190 132 -1 0
189 132 -1 0
188 132 -1 0
187 132 -1 0
186 132 -1 0
185 132 -1 0
184 132 -1 0
183 132 -1 0
182 132 -1 0
181 132 -1 0
180 132 -1 0
179 132 -1 0
178 132 -1 0
193 131 -1 0
192 131 -1 0
191 131 -1 0
190 131 -1 0
189 131 -1 0
188 131 -1 0
187 131 -1 0
186 131 -1 0
185 131 -1 0
184 131 -1 0
183 131 -1 0
182 131 -1 0
181 131 -1 0
180 131 -1 0
179 131 -1 0
194 130 -1 0
193 130 -1 0
192 130 -1 0
191 130 -1 0
190 130 -1 0
189 130 -1 0
188 130 -1 0
187 130 -1 0
186 130 -1 0
185 130 -1 0
184 130 -1 0
183 130 -1 0
182 130 -1 0
181 130 -1 0
180 130 -1 0
179 130 -1 0
194 129 -1 0
193 129 -1 0
192 129 -1 0
191 129 -1 0
190 129 -1 0
189 129 -1 0
188 129 -1 0
187 129 -1 0
186 129 -1 0
185 129 -1 0
184 129 -1 0
183 129 -1 0
182 129 -1 0
181 129 -1 0
180 129 -1 0
179 129 -1 0
197 128 -1 0
196 128 -1 0
195 128 -1 0
194 128 -1 0
193 128 -1 0
192 128 -1 0
191 128 -1 0
190 128 -1 0
189 128 -1 0
188 128 -1 0
187 128 -1 0
186 128 -1 0
185 128 -1 0
184 128 -1 0
183 128 -1 0
182 128 -1 0
181 128 -1 0
180 128 -1 0
198 127 -1 0
197 127 -1 0
196 127 -1 0
195 127 -1 0
194 127 -1 0
193 127 -1 0
192 127 -1 0
191 127 -1 0
190 127 -1 0
189 127 -1 0
188 127 -1 0
187 127 -1 0
186 127 -1 0
185 127 -1 0
184 127 -1 0
183 127 -1 0
182 127 -1 0
181 127 -1 0
198 126 -1 0
197 126 -1 0
196 126 -1 0
195 126 -1 0
194 126 -1 0
193 126 -1 0
192 126 -1 0
191 126 -1 0
190 126 -1 0
189 126 -1 0
188 126 -1 0
187 126 -1 0
186 126 -1 0
185 126 -1 0
184 126 -1 0
183 126 -1 0
182 126 -1 0
181 126 -1 0
200 125 -1 0
199 125 -1 0
198 125 -1 0
197 125 -1 0
196 125 -1 0
195 125 -1 0
194 125 -1 0
193 125 -1 0
192 125 -1 0
191 125 -1 0
190 125 -1 0
189 125 -1 0
188 125 -1 0
187 125 -1 0
186 125 -1 0
185 125 -1 0
184 125 -1 0
183 125 -1 0
182 125 -1 0
202 124 -1 0
201 124 -1 0
200 124 -1 0
199 124 -1 0
198 124 -1 0
197 124 -1 0
196 124 -1 0
195 124 -1 0
194 124 -1 0
193 124 -1 0
192 124 -1 0
191 124 -1 0
190 124 -1 0
189 124 -1 0
188 124 -1 0
187 124 -1 0
186 124 -1 0
185 124 -1 0
203 123 -1 0
202 123 -1 0
201 123 -1 0
200 123 -1 0
199 123 -1 0
198 123 -1 0
197 123 -1 0
196 123 -1 0
195 123 -1 0
194 123 -1 0
193 123 -1 0
192 123 -1 0
191 123 -1 0
190 123 -1 0
189 123 -1 0
188 123 -1 0
187 123 -1 0
206 122 -1 0
205 122 -1 0
204 122 -1 0
203 122 -1 0
202 122 -1 0
201 122 -1 0
200 122 -1 0
199 122 -1 0
198 122 -1 0
197 122 -1 0
196 122 -1 0
195 122 -1 0
194 122 -1 0
193 122 -1 0
192 122 -1 0
191 122 -1 0
190 122 -1 0
207 121 -1 0
206 121 -1 0
205 121 -1 0
204 121 -1 0
203 121 -1 0
202 121 -1 0
201 121 -1 0
200 121 -1 0
199 121 -1 0
198 121 -1 0
197 121 -1 0
196 121 -1 0
195 121 -1 0
194 121 -1 0
193 121 -1 0
192 121 -1 0
191 121 -1 0
190 121 -1 0
207 120 -1 0
206 120 -1 0
205 120 -1 0
204 120 -1 0
203 120 -1 0
202 120 -1 0
201 120 -1 0
200 120 -1 0
199 120 -1 0
198 120 -1 0
197 120 -1 0
196 120 -1 0
195 120 -1 0
194 120 -1 0
193 120 -1 0
192 120 -1 0
191 120 -1 0
207 119 -1 0
206 119 -1 0
205 119 -1 0
204 119 -1 0
203 119 -1 0
202 119 -1 0
201 119 -1 0
200 119 -1 0
199 119 -1 0
198 119 -1 0
197 119 -1 0
196 119 -1 0
195 119 -1 0
194 119 -1 0
193 119 -1 0
192 119 -1 0
191 119 -1 0
212 118 -1 0
211 118 -1 0
208 118 -1 0
207 118 -1 0
206 118 -1 0
205 118 -1 0
204 118 -1 0
203 118 -1 0
202 118 -1 0
201 118 -1 0
200 118 -1 0
199 118 -1 0
198 118 -1 0
197 118 -1 0
196 118 -1 0
195 118 -1 0
194 118 -1 0
193 118 -1 0
192 118 -1 0
219 117 -1 0
215 117 -1 0
214 117 -1 0
213 117 -1 0
212 117 -1 0
211 117 -1 0
210 117 -1 0
209 117 -1 0
208 117 -1 0
207 117 -1 0
206 117 -1 0
205 117 -1 0
204 117 -1 0
203 117 -1 0
202 117 -1 0
201 117 -1 0
200 117 -1 0
199 117 -1 0
198 117 -1 0
197 117 -1 0
196 117 -1 0
195 117 -1 0
194 117 -1 0
193 117 -1 0
222 116 -1 0
221 116 -1 0
220 116 -1 0
219 116 -1 0
218 116 -1 0
217 116 -1 0
216 116 -1 0
215 116 -1 0
214 116 -1 0
213 116 -1 0
212 116 -1 0
211 116 -1 0
210 116 -1 0
209 116 -1 0
208 116 -1 0
207 116 -1 0
206 116 -1 0
205 116 -1 0
204 116 -1 0
203 116 -1 0
202 116 -1 0
201 116 -1 0
200 116 -1 0
199 116 -1 0
198 116 -1 0
197 116 -1 0
196 116 -1 0
223 115 -1 0
222 115 -1 0
221 115 -1 0
220 115 -1 0
219 115 -1 0
218 115 -1 0
217 115 -1 0
216 115 -1 0
215 115 -1 0
214 115 -1 0
213 115 -1 0
212 115 -1 0
211 115 -1 0
210 115 -1 0
209 115 -1 0
208 115 -1 0
207 115 -1 0
206 115 -1 0
205 115 -1 0
204 115 -1 0
203 115 -1 0
202 115 -1 0
201 115 -1 0
200 115 -1 0
199 115 -1 0
224 114 -1 0
223 114 -1 0
222 114 -1 0
221 114 -1 0
220 114 -1 0
219 114 -1 0
218 114 -1 0
217 114 -1 0
216 114 -1 0
215 114 -1 0
214 114 -1 0
213 114 -1 0
212 114 -1 0
211 114 -1 0
210 114 -1 0
209 114 -1 0
208 114 -1 0
207 114 -1 0
206 114 -1 0
205 114 -1 0
204 114 -1 0
203 114 -1 0
202 114 -1 0
201 114 -1 0
200 114 -1 0
225 113 -1 0
224 113 -1 0
223 113 -1 0
222 113 -1 0
221 113 -1 0
220 113 -1 0
219 113 -1 0
218 113 -1 0
217 113 -1 0
216 113 -1 0
215 113 -1 0
214 113 -1 0
213 113 -1 0
212 113 -1 0
211 113 -1 0
210 113 -1 0
209 113 -1 0
208 113 -1 0
207 113 -1 0
206 113 -1 0
203 113 -1 0
226 112 -1 0
225 112 -1 0
224 112 -1 0
223 112 -1 0
222 112 -1 0
221 112 -1 0
220 112 -1 0
219 112 -1 0
218 112 -1 0
217 112 -1 0
216 112 -1 0
215 112 -1 0
214 112 -1 0
213 112 -1 0
212 112 -1 0
211 112 -1 0
210 112 -1 0
209 112 -1 0
208 112 -1 0
207 112 -1 0
226 111 -1 0
225 111 -1 0
224 111 -1 0
223 111 -1 0
222 111 -1 0
221 111 -1 0
220 111 -1 0
219 111 -1 0
218 111 -1 0
217 111 -1 0
216 111 -1 0
215 111 -1 0
214 111 -1 0
213 111 -1 0
212 111 -1 0
211 111 -1 0
210 111 -1 0
209 111 -1 0
208 111 -1 0
207 111 -1 0
227 110 -1 0
226 110 -1 0
225 110 -1 0
224 110 -1 0
223 110 -1 0
222 110 -1 0
221 110 -1 0
220 110 -1 0
219 110 -1 0
218 110 -1 0
217 110 -1 0
216 110 -1 0
215 110 -1 0
214 110 -1 0
213 110 -1 0
212 110 -1 0
211 110 -1 0
210 110 -1 0
209 110 -1 0
208 110 -1 0
207 110 -1 0
227 109 -1 0
226 109 -1 0
225 109 -1 0
224 109 -1 0
223 109 -1 0
222 109 -1 0
221 109 -1 0
220 109 -1 0
219 109 -1 0
218 109 -1 0
217 109 -1 0
216 109 -1 0
215 109 -1 0
214 109 -1 0
213 109 -1 0
212 109 -1 0
211 109 -1 0
210 109 -1 0
209 109 -1 0
208 109 -1 0
228 108 -1 0
227 108 -1 0
226 108 -1 0
225 108 -1 0
224 108 -1 0
223 108 -1 0
222 108 -1 0
221 108 -1 0
220 108 -1 0
219 108 -1 0
218 108 -1 0
217 108 -1 0
216 108 -1 0
215 108 -1 0
214 108 -1 0
213 108 -1 0
212 108 -1 0
211 108 -1 0
210 108 -1 0
209 108 -1 0
231 107 -1 0
230 107 -1 0
229 107 -1 0
228 107 -1 0
227 107 -1 0
226 107 -1 0
225 107 -1 0
224 107 -1 0
223 107 -1 0
222 107 -1 0
221 107 -1 0
220 107 -1 0
219 107 -1 0
218 107 -1 0
217 107 -1 0
216 107 -1 0
215 107 -1 0
214 107 -1 0
212 107 -1 0
232 106 -1 0
231 106 -1 0
230 106 -1 0
229 106 -1 0
228 106 -1 0
227 106 -1 0
226 106 -1 0
225 106 -1 0
224 106 -1 0
223 106 -1 0
222 106 -1 0
221 106 -1 0
220 106 -1 0
219 106 -1 0
218 106 -1 0
217 106 -1 0
216 106 -1 0
235 105 -1 0
234 105 -1 0
233 105 -1 0
232 105 -1 0
231 105 -1 0
230 105 -1 0
229 105 -1 0
228 105 -1 0
227 105 -1 0
226 105 -1 0
225 105 -1 0
224 105 -1 0
223 105 -1 0
222 105 -1 0
221 105 -1 0
220 105 -1 0
219 105 -1 0
218 105 -1 0
217 105 -1 0
236 104 -1 0
235 104 -1 0
234 104 -1 0
233 104 -1 0
232 104 -1 0
231 104 -1 0
230 104 -1 0
229 104 -1 0
228 104 -1 0
227 104 -1 0
226 104 -1 0
225 104 -1 0
224 104 -1 0
223 104 -1 0
222 104 -1 0
221 104 -1 0
220 104 -1 0
219 104 -1 0
218 104 -1 0
217 104 -1 0
236 103 -1 0
235 103 -1 0
234 103 -1 0
233 103 -1 0
232 103 -1 0
231 103 -1 0
230 103 -1 0
229 103 -1 0
228 103 -1 0
227 103 -1 0
226 103 -1 0
225 103 -1 0
224 103 -1 0
223 103 -1 0
222 103 -1 0
221 103 -1 0
220 103 -1 0
219 103 -1 0
218 103 -1 0
217 103 -1 0
239 102 -1 0
238 102 -1 0
237 102 -1 0
236 102 -1 0
235 102 -1 0
234 102 -1 0
233 102 -1 0
232 102 -1 0
231 102 -1 0
230 102 -1 0
229 102 -1 0
228 102 -1 0
227 102 -1 0
226 102 -1 0
225 102 -1 0
224 102 -1 0
223 102 -1 0
222 102 -1 0
221 102 -1 0
220 102 -1 0
219 102 -1 0
218 102 -1 0
240 101 -1 0
239 101 -1 0
238 101 -1 0
237 101 -1 0
236 101 -1 0
235 101 -1 0
234 101 -1 0
233 101 -1 0
232 101 -1 0
231 101 -1 0
230 101 -1 0
229 101 -1 0
228 101 -1 0
227 101 -1 0
226 101 -1 0
225 101 -1 0
224 101 -1 0
222 101 -1 0
221 101 -1 0
240 100 -1 0
239 100 -1 0
238 100 -1 0
237 100 -1 0
236 100 -1 0
235 100 -1 0
234 100 -1 0
233 100 -1 0
232 100 -1 0
231 100 -1 0
230 100 -1 0
229 100 -1 0
228 100 -1 0
227 100 -1 0
226 100 -1 0
225 100 -1 0
224 100 -1 0
240 99 -1 0
239 99 -1 0
238 99 -1 0
237 99 -1 0
236 99 -1 0
235 99 -1 0
234 99 -1 0
233 99 -1 0
232 99 -1 0
231 99 -1 0
230 99 -1 0
229 99 -1 0
228 99 -1 0
227 99 -1 0
226 99 -1 0
225 99 -1 0
241 98 -1 0
240 98 -1 0
239 98 -1 0
238 98 -1 0
237 98 -1 0
236 98 -1 0
235 98 -1 0
234 98 -1 0
233 98 -1 0
232 98 -1 0
231 98 -1 0
230 98 -1 0
229 98 -1 0
228 98 -1 0
240 97 -1 0
239 97 -1 0
238 97 -1 0
237 97 -1 0
236 97 -1 0
235 97 -1 0
234 97 -1 0
233 97 -1 0
232 97 -1 0
231 97 -1 0
230 97 -1 0
229 97 -1 0
240 96 -1 0
239 96 -1 0
238 96 -1 0
237 96 -1 0
236 96 -1 0
235 96 -1 0
234 96 -1 0
233 96 -1 0
232 96 -1 0
240 95 -1 0
239 95 -1 0
238 95 -1 0
237 95 -1 0
236 95 -1 0
235 95 -1 0
234 95 -1 0
233 95 -1 0
232 95 -1 0
239 94 -1 0
238 94 -1 0
237 94 -1 0
236 94 -1 0
235 94 -1 0
234 94 -1 0
233 94 -1 0
236 93 -1 0
