3048 408 341
250 263 -1 0
247 263 -1 0
246 263 -1 0
245 263 -1 0
253 262 -1 0
252 262 -1 0
251 262 -1 0
250 262 -1 0
249 262 -1 0
248 262 -1 0
247 262 -1 0
246 262 -1 0
245 262 -1 0
244 262 -1 0
243 262 -1 0
242 262 -1 0
254 261 -1 0
253 261 -1 0
252 261 -1 0
251 261 -1 0
250 261 -1 0
249 261 -1 0
248 261 -1 0
247 261 -1 0
246 261 -1 0
245 261 -1 0
244 261 -1 0
243 261 -1 0
242 261 -1 0
241 261 -1 0
254 260 -1 0
253 260 -1 0
252 260 -1 0
251 260 -1 0
250 260 -1 0
249 260 -1 0
248 260 -1 0
247 260 -1 0
246 260 -1 0
245 260 -1 0
244 260 -1 0
243 260 -1 0
242 260 -1 0
241 260 -1 0
240 260 -1 0
254 259 -1 0
253 259 -1 0
252 259 -1 0
251 259 -1 0
250 259 -1 0
249 259 -1 0
248 259 -1 0
247 259 -1 0
246 259 -1 0
245 259 -1 0
244 259 -1 0
243 259 -1 0
242 259 -1 0
241 259 -1 0
240 259 -1 0
255 258 -1 0
254 258 -1 0
253 258 -1 0
252 258 -1 0
251 258 -1 0
250 258 -1 0
249 258 -1 0
248 258 -1 0
247 258 -1 0
246 258 -1 0
245 258 -1 0
244 258 -1 0
243 258 -1 0
242 258 -1 0
241 258 -1 0
240 258 -1 0
239 258 -1 0
254 257 -1 0
253 257 -1 0
252 257 -1 0
251 257 -1 0
250 257 -1 0
249 257 -1 0
248 257 -1 0
247 257 -1 0
246 257 -1 0
245 257 -1 0
244 257 -1 0
243 257 -1 0
242 257 -1 0
241 257 -1 0
240 257 -1 0
239 257 -1 0
238 257 -1 0
254 256 -1 0
253 256 -1 0
252 256 -1 0
251 256 -1 0
250 256 -1 0
249 256 -1 0
248 256 -1 0
247 256 -1 0
246 256 -1 0
245 256 -1 0
244 256 -1 0
243 256 -1 0
242 256 -1 0
241 256 -1 0
240 256 -1 0
239 256 -1 0
238 256 -1 0
254 255 -1 0
253 255 -1 0
252 255 -1 0
251 255 -1 0
250 255 -1 0
249 255 -1 0
248 255 -1 0
247 255 -1 0
246 255 -1 0
245 255 -1 0
244 255 -1 0
243 255 -1 0
242 255 -1 0
241 255 -1 0
240 255 -1 0
239 255 -1 0
238 255 -1 0
237 255 -1 0
253 254 -1 0
252 254 -1 0
251 254 -1 0
250 254 -1 0
249 254 -1 0
248 254 -1 0
247 254 -1 0
246 254 -1 0
245 254 -1 0
244 254 -1 0
243 254 -1 0
242 254 -1 0
241 254 -1 0
240 254 -1 0
239 254 -1 0
238 254 -1 0
237 254 -1 0
236 254 -1 0
250 253 -1 0
248 253 -1 0
247 253 -1 0
246 253 -1 0
245 253 -1 0
244 253 -1 0
243 253 -1 0
242 253 -1 0
241 253 -1 0
240 253 -1 0
239 253 -1 0
238 253 -1 0
237 253 -1 0
236 253 -1 0
235 253 -1 0
247 252 -1 0
246 252 -1 0
245 252 -1 0
244 252 -1 0
243 252 -1 0
242 252 -1 0
241 252 -1 0
240 252 -1 0
239 252 -1 0
238 252 -1 0
237 252 -1 0
236 252 -1 0
235 252 -1 0
247 251 -1 0
246 251 -1 0
245 251 -1 0
244 251 -1 0
243 251 -1 0
242 251 -1 0
241 251 -1 0
240 251 -1 0
239 251 -1 0
238 251 -1 0
237 251 -1 0
236 251 -1 0
235 251 -1 0
246 250 -1 0
245 250 -1 0
244 250 -1 0
243 250 -1 0
242 250 -1 0
241 250 -1 0
240 250 -1 0
239 250 -1 0
238 250 -1 0
237 250 -1 0
236 250 -1 0
235 250 -1 0
234 250 -1 0
245 249 -1 0
244 249 -1 0
243 249 -1 0
242 249 -1 0
241 249 -1 0
240 249 -1 0
239 249 -1 0
238 249 -1 0
237 249 -1 0
236 249 -1 0
235 249 -1 0
234 249 -1 0
233 249 -1 0
244 248 -1 0
243 248 -1 0
242 248 -1 0
241 248 -1 0
240 248 -1 0
239 248 -1 0
238 248 -1 0
237 248 -1 0
236 248 -1 0
235 248 -1 0
234 248 -1 0
233 248 -1 0
232 248 -1 0
243 247 -1 0
242 247 -1 0
241 247 -1 0
240 247 -1 0
239 247 -1 0
238 247 -1 0
237 247 -1 0
236 247 -1 0
235 247 -1 0
234 247 -1 0
233 247 -1 0
232 247 -1 0
231 247 -1 0
242 246 -1 0
241 246 -1 0
240 246 -1 0
239 246 -1 0
238 246 -1 0
237 246 -1 0
236 246 -1 0
235 246 -1 0
234 246 -1 0
233 246 -1 0
232 246 -1 0
231 246 -1 0
230 246 -1 0
242 245 -1 0
241 245 -1 0
240 245 -1 0
239 245 -1 0
238 245 -1 0
237 245 -1 0
236 245 -1 0
235 245 -1 0
234 245 -1 0
233 245 -1 0
232 245 -1 0
231 245 -1 0
230 245 -1 0
229 245 -1 0
242 244 -1 0
241 244 -1 0
240 244 -1 0
239 244 -1 0
238 244 -1 0
237 244 -1 0
236 244 -1 0
235 244 -1 0
234 244 -1 0
233 244 -1 0
232 244 -1 0
231 244 -1 0
230 244 -1 0
229 244 -1 0
228 244 -1 0
241 243 -1 0
240 243 -1 0
239 243 -1 0
238 243 -1 0
237 243 -1 0
236 243 -1 0
235 243 -1 0
234 243 -1 0
233 243 -1 0
232 243 -1 0
231 243 -1 0
230 243 -1 0
229 243 -1 0
228 243 -1 0
227 243 -1 0
240 242 -1 0
239 242 -1 0
238 242 -1 0
237 242 -1 0
236 242 -1 0
235 242 -1 0
234 242 -1 0
233 242 -1 0
232 242 -1 0
231 242 -1 0
230 242 -1 0
229 242 -1 0
228 242 -1 0
227 242 -1 0
226 242 -1 0
239 241 -1 0
238 241 -1 0
237 241 -1 0
236 241 -1 0
235 241 -1 0
234 241 -1 0
233 241 -1 0
232 241 -1 0
231 241 -1 0
230 241 -1 0
229 241 -1 0
228 241 -1 0
227 241 -1 0
226 241 -1 0
225 241 -1 0
238 240 -1 0
237 240 -1 0
236 240 -1 0
235 240 -1 0
234 240 -1 0
233 240 -1 0
232 240 -1 0
231 240 -1 0
230 240 -1 0
229 240 -1 0
228 240 -1 0
227 240 -1 0
226 240 -1 0
225 240 -1 0
224 240 -1 0
237 239 -1 0
236 239 -1 0
235 239 -1 0
234 239 -1 0
233 239 -1 0
232 239 -1 0
231 239 -1 0
230 239 -1 0
229 239 -1 0
228 239 -1 0
227 239 -1 0
226 239 -1 0
225 239 -1 0
224 239 -1 0
236 238 -1 0
235 238 -1 0
234 238 -1 0
233 238 -1 0
232 238 -1 0
231 238 -1 0
230 238 -1 0
229 238 -1 0
228 238 -1 0
227 238 -1 0
226 238 -1 0
225 238 -1 0
224 238 -1 0
235 237 -1 0
234 237 -1 0
233 237 -1 0
232 237 -1 0
231 237 -1 0
230 237 -1 0
229 237 -1 0
228 237 -1 0
227 237 -1 0
226 237 -1 0
225 237 -1 0
224 237 -1 0
223 237 -1 0
234 236 -1 0
233 236 -1 0
232 236 -1 0
231 236 -1 0
230 236 -1 0
229 236 -1 0
228 236 -1 0
227 236 -1 0
226 236 -1 0
225 236 -1 0
224 236 -1 0
223 236 -1 0
233 235 -1 0
232 235 -1 0
231 235 -1 0
230 235 -1 0
229 235 -1 0
228 235 -1 0
227 235 -1 0
226 235 -1 0
225 235 -1 0
224 235 -1 0
223 235 -1 0
222 235 -1 0
221 235 -1 0
220 235 -1 0
232 234 -1 0
231 234 -1 0
230 234 -1 0
229 234 -1 0
228 234 -1 0
227 234 -1 0
226 234 -1 0
225 234 -1 0
224 234 -1 0
223 234 -1 0
222 234 -1 0
221 234 -1 0
220 234 -1 0
219 234 -1 0
231 233 -1 0
230 233 -1 0
229 233 -1 0
228 233 -1 0
227 233 -1 0
226 233 -1 0
225 233 -1 0
224 233 -1 0
223 233 -1 0
222 233 -1 0
221 233 -1 0
220 233 -1 0
219 233 -1 0
228 232 -1 0
227 232 -1 0
226 232 -1 0
225 232 -1 0
224 232 -1 0
223 232 -1 0
222 232 -1 0
221 232 -1 0
220 232 -1 0
219 232 -1 0
218 232 -1 0
228 231 -1 0
227 231 -1 0
226 231 -1 0
225 231 -1 0
224 231 -1 0
223 231 -1 0
222 231 -1 0
221 231 -1 0
220 231 -1 0
219 231 -1 0
218 231 -1 0
217 231 -1 0
227 230 -1 0
226 230 -1 0
225 230 -1 0
224 230 -1 0
223 230 -1 0
222 230 -1 0
221 230 -1 0
220 230 -1 0
219 230 -1 0
218 230 -1 0
217 230 -1 0
216 230 -1 0
215 230 -1 0
227 229 -1 0
226 229 -1 0
225 229 -1 0
224 229 -1 0
223 229 -1 0
222 229 -1 0
221 229 -1 0
220 229 -1 0
219 229 -1 0
218 229 -1 0
217 229 -1 0
216 229 -1 0
215 229 -1 0
214 229 -1 0
227 228 -1 0
226 228 -1 0
225 228 -1 0
224 228 -1 0
223 228 -1 0
222 228 -1 0
221 228 -1 0
220 228 -1 0
219 228 -1 0
218 228 -1 0
217 228 -1 0
216 228 -1 0
215 228 -1 0
214 228 -1 0
213 228 -1 0
212 228 -1 0
226 227 -1 0
225 227 -1 0
224 227 -1 0
223 227 -1 0
222 227 -1 0
221 227 -1 0
220 227 -1 0
219 227 -1 0
218 227 -1 0
217 227 -1 0
216 227 -1 0
215 227 -1 0
214 227 -1 0
213 227 -1 0
212 227 -1 0
211 227 -1 0
210 227 -1 0
226 226 -1 0
225 226 -1 0
224 226 -1 0
223 226 -1 0
222 226 -1 0
221 226 -1 0
220 226 -1 0
219 226 -1 0
218 226 -1 0
217 226 -1 0
216 226 -1 0
215 226 -1 0
214 226 -1 0
213 226 -1 0
212 226 -1 0
211 226 -1 0
210 226 -1 0
209 226 -1 0
225 225 -1 0
224 225 -1 0
223 225 -1 0
222 225 -1 0
221 225 -1 0
220 225 -1 0
219 225 -1 0
218 225 -1 0
217 225 -1 0
216 225 -1 0
215 225 -1 0
214 225 -1 0
213 225 -1 0
212 225 -1 0
211 225 -1 0
210 225 -1 0
209 225 -1 0
208 225 -1 0
207 225 -1 0
224 224 -1 0
223 224 -1 0
222 224 -1 0
221 224 -1 0
220 224 -1 0
219 224 -1 0
218 224 -1 0
217 224 -1 0
216 224 -1 0
215 224 -1 0
214 224 -1 0
213 224 -1 0
212 224 -1 0
211 224 -1 0
210 224 -1 0
209 224 -1 0
208 224 -1 0
207 224 -1 0
206 224 -1 0
205 224 -1 0
223 223 -1 0
222 223 -1 0
221 223 -1 0
220 223 -1 0
219 223 -1 0
218 223 -1 0
217 223 -1 0
216 223 -1 0
215 223 -1 0
214 223 -1 0
213 223 -1 0
212 223 -1 0
211 223 -1 0
210 223 -1 0
209 223 -1 0
208 223 -1 0
207 223 -1 0
206 223 -1 0
205 223 -1 0
204 223 -1 0
203 223 -1 0
202 223 -1 0
221 222 -1 0
220 222 -1 0
219 222 -1 0
218 222 -1 0
217 222 -1 0
216 222 -1 0
215 222 -1 0
214 222 -1 0
213 222 -1 0
212 222 -1 0
211 222 -1 0
210 222 -1 0
209 222 -1 0
208 222 -1 0
207 222 -1 0
206 222 -1 0
205 222 -1 0
204 222 -1 0
203 222 -1 0
202 222 -1 0
201 222 -1 0
220 221 -1 0
219 221 -1 0
218 221 -1 0
217 221 -1 0
216 221 -1 0
215 221 -1 0
214 221 -1 0
213 221 -1 0
212 221 -1 0
211 221 -1 0
210 221 -1 0
209 221 -1 0
208 221 -1 0
207 221 -1 0
206 221 -1 0
205 221 -1 0
204 221 -1 0
203 221 -1 0
202 221 -1 0
201 221 -1 0
218 220 -1 0
217 220 -1 0
216 220 -1 0
215 220 -1 0
214 220 -1 0
213 220 -1 0
212 220 -1 0
211 220 -1 0
210 220 -1 0
209 220 -1 0
208 220 -1 0
207 220 -1 0
206 220 -1 0
205 220 -1 0
204 220 -1 0
203 220 -1 0
202 220 -1 0
201 220 -1 0
200 220 -1 0
199 220 -1 0
216 219 -1 0
215 219 -1 0
214 219 -1 0
213 219 -1 0
212 219 -1 0
211 219 -1 0
210 219 -1 0
209 219 -1 0
208 219 -1 0
207 219 -1 0
206 219 -1 0
205 219 -1 0
204 219 -1 0
203 219 -1 0
202 219 -1 0
201 219 -1 0
200 219 -1 0
199 219 -1 0
198 219 -1 0
197 219 -1 0
196 219 -1 0
215 218 -1 0
214 218 -1 0
213 218 -1 0
212 218 -1 0
211 218 -1 0
210 218 -1 0
209 218 -1 0
208 218 -1 0
207 218 -1 0
206 218 -1 0
205 218 -1 0
204 218 -1 0
203 218 -1 0
202 218 -1 0
201 218 -1 0
200 218 -1 0
199 218 -1 0
198 218 -1 0
197 218 -1 0
196 218 -1 0
195 218 -1 0
213 217 -1 0
212 217 -1 0
211 217 -1 0
210 217 -1 0
209 217 -1 0
208 217 -1 0
207 217 -1 0
206 217 -1 0
205 217 -1 0
204 217 -1 0
203 217 -1 0
202 217 -1 0
201 217 -1 0
200 217 -1 0
199 217 -1 0
198 217 -1 0
197 217 -1 0
196 217 -1 0
195 217 -1 0
194 217 -1 0
211 216 -1 0
210 216 -1 0
209 216 -1 0
208 216 -1 0
207 216 -1 0
206 216 -1 0
205 216 -1 0
204 216 -1 0
203 216 -1 0
202 216 -1 0
201 216 -1 0
200 216 -1 0
199 216 -1 0
198 216 -1 0
197 216 -1 0
196 216 -1 0
195 216 -1 0
194 216 -1 0
193 216 -1 0
209 215 -1 0
208 215 -1 0
207 215 -1 0
206 215 -1 0
205 215 -1 0
204 215 -1 0
203 215 -1 0
202 215 -1 0
201 215 -1 0
200 215 -1 0
199 215 -1 0
198 215 -1 0
197 215 -1 0
196 215 -1 0
195 215 -1 0
194 215 -1 0
193 215 -1 0
192 215 -1 0
191 215 -1 0
208 214 -1 0
207 214 -1 0
206 214 -1 0
205 214 -1 0
204 214 -1 0
203 214 -1 0
202 214 -1 0
201 214 -1 0
200 214 -1 0
199 214 -1 0
198 214 -1 0
197 214 -1 0
196 214 -1 0
195 214 -1 0
194 214 -1 0
193 214 -1 0
192 214 -1 0
191 214 -1 0
190 214 -1 0
189 214 -1 0
188 214 -1 0
206 213 -1 0
205 213 -1 0
204 213 -1 0
203 213 -1 0
202 213 -1 0
201 213 -1 0
200 213 -1 0
199 213 -1 0
198 213 -1 0
197 213 -1 0
196 213 -1 0
195 213 -1 0
194 213 -1 0
193 213 -1 0
192 213 -1 0
191 213 -1 0
190 213 -1 0
189 213 -1 0
188 213 -1 0
187 213 -1 0
205 212 -1 0
204 212 -1 0
203 212 -1 0
202 212 -1 0
201 212 -1 0
200 212 -1 0
199 212 -1 0
198 212 -1 0
197 212 -1 0
196 212 -1 0
195 212 -1 0
194 212 -1 0
193 212 -1 0
192 212 -1 0
191 212 -1 0
190 212 -1 0
189 212 -1 0
188 212 -1 0
187 212 -1 0
203 211 -1 0
202 211 -1 0
201 211 -1 0
200 211 -1 0
199 211 -1 0
198 211 -1 0
197 211 -1 0
196 211 -1 0
195 211 -1 0
194 211 -1 0
193 211 -1 0
192 211 -1 0
191 211 -1 0
190 211 -1 0
189 211 -1 0
188 211 -1 0
187 211 -1 0
186 211 -1 0
202 210 -1 0
201 210 -1 0
200 210 -1 0
199 210 -1 0
198 210 -1 0
197 210 -1 0
196 210 -1 0
195 210 -1 0
194 210 -1 0
193 210 -1 0
192 210 -1 0
191 210 -1 0
190 210 -1 0
189 210 -1 0
188 210 -1 0
187 210 -1 0
186 210 -1 0
185 210 -1 0
200 209 -1 0
199 209 -1 0
198 209 -1 0
197 209 -1 0
196 209 -1 0
195 209 -1 0
194 209 -1 0
193 209 -1 0
192 209 -1 0
191 209 -1 0
190 209 -1 0
189 209 -1 0
188 209 -1 0
187 209 -1 0
186 209 -1 0
185 209 -1 0
198 208 -1 0
197 208 -1 0
196 208 -1 0
195 208 -1 0
194 208 -1 0
193 208 -1 0
192 208 -1 0
191 208 -1 0
190 208 -1 0
189 208 -1 0
188 208 -1 0
187 208 -1 0
186 208 -1 0
185 208 -1 0
184 208 -1 0
197 207 -1 0
196 207 -1 0
195 207 -1 0
194 207 -1 0
193 207 -1 0
192 207 -1 0
191 207 -1 0
190 207 -1 0
189 207 -1 0
188 207 -1 0
187 207 -1 0
186 207 -1 0
185 207 -1 0
184 207 -1 0
196 206 -1 0
195 206 -1 0
194 206 -1 0
193 206 -1 0
192 206 -1 0
191 206 -1 0
190 206 -1 0
189 206 -1 0
188 206 -1 0
187 206 -1 0
186 206 -1 0
185 206 -1 0
184 206 -1 0
183 206 -1 0
193 205 -1 0
192 205 -1 0
191 205 -1 0
190 205 -1 0
189 205 -1 0
188 205 -1 0
187 205 -1 0
186 205 -1 0
185 205 -1 0
184 205 -1 0
183 205 -1 0
182 205 -1 0
193 204 -1 0
192 204 -1 0
191 204 -1 0
190 204 -1 0
189 204 -1 0
188 204 -1 0
187 204 -1 0
186 204 -1 0
185 204 -1 0
184 204 -1 0
183 204 -1 0
182 204 -1 0
181 204 -1 0
192 203 -1 0
191 203 -1 0
190 203 -1 0
189 203 -1 0
188 203 -1 0
187 203 -1 0
186 203 -1 0
185 203 -1 0
184 203 -1 0
183 203 -1 0
182 203 -1 0
181 203 -1 0
180 203 -1 0
192 202 -1 0
191 202 -1 0
190 202 -1 0
189 202 -1 0
188 202 -1 0
187 202 -1 0
186 202 -1 0
185 202 -1 0
184 202 -1 0
183 202 -1 0
182 202 -1 0
181 202 -1 0
180 202 -1 0
191 201 -1 0
190 201 -1 0
189 201 -1 0
188 201 -1 0
187 201 -1 0
186 201 -1 0
185 201 -1 0
184 201 -1 0
183 201 -1 0
182 201 -1 0
181 201 -1 0
180 201 -1 0
190 200 -1 0
189 200 -1 0
188 200 -1 0
187 200 -1 0
186 200 -1 0
185 200 -1 0
184 200 -1 0
183 200 -1 0
182 200 -1 0
181 200 -1 0
180 200 -1 0
179 200 -1 0
190 199 -1 0
189 199 -1 0
188 199 -1 0
187 199 -1 0
186 199 -1 0
185 199 -1 0
184 199 -1 0
183 199 -1 0
182 199 -1 0
181 199 -1 0
180 199 -1 0
179 199 -1 0
189 198 -1 0
188 198 -1 0
187 198 -1 0
186 198 -1 0
185 198 -1 0
184 198 -1 0
183 198 -1 0
182 198 -1 0
181 198 -1 0
180 198 -1 0
179 198 -1 0
178 198 -1 0
188 197 -1 0
187 197 -1 0
186 197 -1 0
185 197 -1 0
184 197 -1 0
183 197 -1 0
182 197 -1 0
181 197 -1 0
180 197 -1 0
179 197 -1 0
178 197 -1 0
177 197 -1 0
187 196 -1 0
186 196 -1 0
185 196 -1 0
184 196 -1 0
183 196 -1 0
182 196 -1 0
181 196 -1 0
180 196 -1 0
179 196 -1 0
178 196 -1 0
177 196 -1 0
187 195 -1 0
186 195 -1 0
185 195 -1 0
184 195 -1 0
183 195 -1 0
182 195 -1 0
181 195 -1 0
180 195 -1 0
179 195 -1 0
178 195 -1 0
177 195 -1 0
288 194 -1 1
187 194 -1 0
186 194 -1 0
185 194 -1 0
184 194 -1 0
183 194 -1 0
182 194 -1 0
181 194 -1 0
180 194 -1 0
179 194 -1 0
178 194 -1 0
177 194 -1 0
176 194 -1 0
291 193 -1 1
290 193 -1 1
289 193 -1 1
288 193 -1 1
287 193 -1 1
286 193 -1 1
285 193 -1 1
186 193 -1 0
185 193 -1 0
184 193 -1 0
183 193 -1 0
182 193 -1 0
181 193 -1 0
180 193 -1 0
179 193 -1 0
178 193 -1 0
177 193 -1 0
176 193 -1 0
175 193 -1 0
292 192 -1 1
291 192 -1 1
290 192 -1 1
289 192 -1 1
288 192 -1 1
287 192 -1 1
286 192 -1 1
285 192 -1 1
284 192 -1 1
185 192 -1 0
184 192 -1 0
183 192 -1 0
182 192 -1 0
181 192 -1 0
180 192 -1 0
179 192 -1 0
178 192 -1 0
177 192 -1 0
176 192 -1 0
175 192 -1 0
292 191 -1 1
291 191 -1 1
290 191 -1 1
289 191 -1 1
288 191 -1 1
287 191 -1 1
286 191 -1 1
285 191 -1 1
284 191 -1 1
283 191 -1 1
185 191 -1 0
184 191 -1 0
183 191 -1 0
182 191 -1 0
181 191 -1 0
180 191 -1 0
179 191 -1 0
178 191 -1 0
177 191 -1 0
176 191 -1 0
175 191 -1 0
292 190 -1 1
291 190 -1 1
290 190 -1 1
289 190 -1 1
288 190 -1 1
287 190 -1 1
286 190 -1 1
285 190 -1 1
284 190 -1 1
283 190 -1 1
282 190 -1 1
184 190 -1 0
183 190 -1 0
182 190 -1 0
181 190 -1 0
180 190 -1 0
179 190 -1 0
178 190 -1 0
177 190 -1 0
176 190 -1 0
175 190 -1 0
174 190 -1 0
293 189 -1 1
292 189 -1 1
291 189 -1 1
290 189 -1 1
289 189 -1 1
288 189 -1 1
287 189 -1 1
286 189 -1 1
285 189 -1 1
284 189 -1 1
283 189 -1 1
282 189 -1 1
281 189 -1 1
183 189 -1 0
182 189 -1 0
181 189 -1 0
180 189 -1 0
179 189 -1 0
178 189 -1 0
177 189 -1 0
176 189 -1 0
175 189 -1 0
174 189 -1 0
292 188 -1 1
291 188 -1 1
290 188 -1 1
289 188 -1 1
288 188 -1 1
287 188 -1 1
286 188 -1 1
285 188 -1 1
284 188 -1 1
283 188 -1 1
282 188 -1 1
281 188 -1 1
184 188 -1 0
183 188 -1 0
182 188 -1 0
181 188 -1 0
180 188 -1 0
179 188 -1 0
178 188 -1 0
177 188 -1 0
176 188 -1 0
175 188 -1 0
174 188 -1 0
292 187 -1 1
291 187 -1 1
290 187 -1 1
289 187 -1 1
288 187 -1 1
287 187 -1 1
286 187 -1 1
285 187 -1 1
284 187 -1 1
283 187 -1 1
282 187 -1 1
281 187 -1 1
280 187 -1 1
183 187 -1 0
182 187 -1 0
181 187 -1 0
180 187 -1 0
179 187 -1 0
178 187 -1 0
177 187 -1 0
176 187 -1 0
175 187 -1 0
174 187 -1 0
173 187 -1 0
292 186 -1 1
291 186 -1 1
290 186 -1 1
289 186 -1 1
288 186 -1 1
287 186 -1 1
286 186 -1 1
285 186 -1 1
284 186 -1 1
283 186 -1 1
282 186 -1 1
281 186 -1 1
280 186 -1 1
279 186 -1 1
183 186 -1 0
182 186 -1 0
181 186 -1 0
180 186 -1 0
179 186 -1 0
178 186 -1 0
177 186 -1 0
176 186 -1 0
175 186 -1 0
174 186 -1 0
173 186 -1 0
291 185 -1 1
290 185 -1 1
289 185 -1 1
288 185 -1 1
287 185 -1 1
286 185 -1 1
285 185 -1 1
284 185 -1 1
283 185 -1 1
282 185 -1 1
281 185 -1 1
280 185 -1 1
279 185 -1 1
278 185 -1 1
183 185 -1 0
182 185 -1 0
181 185 -1 0
180 185 -1 0
179 185 -1 0
178 185 -1 0
177 185 -1 0
176 185 -1 0
175 185 -1 0
174 185 -1 0
173 185 -1 0
290 184 -1 1
289 184 -1 1
288 184 -1 1
287 184 -1 1
286 184 -1 1
285 184 -1 1
284 184 -1 1
283 184 -1 1
282 184 -1 1
281 184 -1 1
280 184 -1 1
279 184 -1 1
278 184 -1 1
277 184 -1 1
182 184 -1 0
181 184 -1 0
180 184 -1 0
179 184 -1 0
178 184 -1 0
177 184 -1 0
176 184 -1 0
175 184 -1 0
174 184 -1 0
173 184 -1 0
172 184 -1 0
289 183 -1 1
288 183 -1 1
287 183 -1 1
286 183 -1 1
285 183 -1 1
284 183 -1 1
283 183 -1 1
282 183 -1 1
281 183 -1 1
280 183 -1 1
279 183 -1 1
278 183 -1 1
277 183 -1 1
182 183 -1 0
181 183 -1 0
180 183 -1 0
179 183 -1 0
178 183 -1 0
177 183 -1 0
176 183 -1 0
175 183 -1 0
174 183 -1 0
173 183 -1 0
289 182 -1 1
288 182 -1 1
287 182 -1 1
286 182 -1 1
285 182 -1 1
284 182 -1 1
283 182 -1 1
282 182 -1 1
281 182 -1 1
280 182 -1 1
279 182 -1 1
278 182 -1 1
277 182 -1 1
276 182 -1 1
181 182 -1 0
180 182 -1 0
179 182 -1 0
178 182 -1 0
177 182 -1 0
176 182 -1 0
175 182 -1 0
174 182 -1 0
173 182 -1 0
288 181 -1 1
287 181 -1 1
286 181 -1 1
285 181 -1 1
284 181 -1 1
283 181 -1 1
282 181 -1 1
281 181 -1 1
280 181 -1 1
279 181 -1 1
278 181 -1 1
277 181 -1 1
276 181 -1 1
275 181 -1 1
181 181 -1 0
180 181 -1 0
179 181 -1 0
178 181 -1 0
177 181 -1 0
176 181 -1 0
175 181 -1 0
174 181 -1 0
173 181 -1 0
287 180 -1 1
286 180 -1 1
285 180 -1 1
284 180 -1 1
283 180 -1 1
282 180 -1 1
281 180 -1 1
280 180 -1 1
279 180 -1 1
278 180 -1 1
277 180 -1 1
276 180 -1 1
275 180 -1 1
180 180 -1 0
179 180 -1 0
178 180 -1 0
177 180 -1 0
176 180 -1 0
175 180 -1 0
174 180 -1 0
286 179 -1 1
285 179 -1 1
284 179 -1 1
283 179 -1 1
282 179 -1 1
281 179 -1 1
280 179 -1 1
279 179 -1 1
278 179 -1 1
277 179 -1 1
276 179 -1 1
275 179 -1 1
274 179 -1 1
177 179 -1 0
285 178 -1 1
284 178 -1 1
283 178 -1 1
282 178 -1 1
281 178 -1 1
280 178 -1 1
279 178 -1 1
278 178 -1 1
277 178 -1 1
276 178 -1 1
275 178 -1 1
274 178 -1 1
273 178 -1 1
285 177 -1 1
284 177 -1 1
283 177 -1 1
282 177 -1 1
281 177 -1 1
280 177 -1 1
279 177 -1 1
278 177 -1 1
277 177 -1 1
276 177 -1 1
275 177 -1 1
274 177 -1 1
273 177 -1 1
285 176 -1 1
284 176 -1 1
283 176 -1 1
282 176 -1 1
281 176 -1 1
280 176 -1 1
279 176 -1 1
278 176 -1 1
277 176 -1 1
276 176 -1 1
275 176 -1 1
274 176 -1 1
273 176 -1 1
284 175 -1 1
283 175 -1 1
282 175 -1 1
281 175 -1 1
280 175 -1 1
279 175 -1 1
278 175 -1 1
277 175 -1 1
276 175 -1 1
275 175 -1 1
274 175 -1 1
273 175 -1 1
272 175 -1 1
283 174 -1 1
282 174 -1 1
281 174 -1 1
280 174 -1 1
279 174 -1 1
278 174 -1 1
277 174 -1 1
276 174 -1 1
275 174 -1 1
274 174 -1 1
273 174 -1 1
272 174 -1 1
271 174 -1 1
270 174 -1 1
283 173 -1 1
282 173 -1 1
281 173 -1 1
280 173 -1 1
279 173 -1 1
278 173 -1 1
277 173 -1 1
276 173 -1 1
275 173 -1 1
274 173 -1 1
273 173 -1 1
272 173 -1 1
271 173 -1 1
270 173 -1 1
269 173 -1 1
282 172 -1 1
281 172 -1 1
280 172 -1 1
279 172 -1 1
278 172 -1 1
277 172 -1 1
276 172 -1 1
275 172 -1 1
274 172 -1 1
273 172 -1 1
272 172 -1 1
271 172 -1 1
270 172 -1 1
269 172 -1 1
281 171 -1 1
280 171 -1 1
279 171 -1 1
278 171 -1 1
277 171 -1 1
276 171 -1 1
275 171 -1 1
274 171 -1 1
273 171 -1 1
272 171 -1 1
271 171 -1 1
270 171 -1 1
269 171 -1 1
280 170 -1 1
279 170 -1 1
278 170 -1 1
277 170 -1 1
276 170 -1 1
275 170 -1 1
274 170 -1 1
273 170 -1 1
272 170 -1 1
271 170 -1 1
270 170 -1 1
269 170 -1 1
268 170 -1 1
279 169 -1 1
278 169 -1 1
277 169 -1 1
276 169 -1 1
275 169 -1 1
274 169 -1 1
273 169 -1 1
272 169 -1 1
271 169 -1 1
270 169 -1 1
269 169 -1 1
268 169 -1 1
267 169 -1 1
279 168 -1 1
278 168 -1 1
277 168 -1 1
276 168 -1 1
275 168 -1 1
274 168 -1 1
273 168 -1 1
272 168 -1 1
271 168 -1 1
270 168 -1 1
269 168 -1 1
268 168 -1 1
267 168 -1 1
278 167 -1 1
277 167 -1 1
276 167 -1 1
275 167 -1 1
274 167 -1 1
273 167 -1 1
272 167 -1 1
271 167 -1 1
270 167 -1 1
269 167 -1 1
268 167 -1 1
267 167 -1 1
266 167 -1 1
277 166 -1 1
276 166 -1 1
275 166 -1 1
274 166 -1 1
273 166 -1 1
272 166 -1 1
271 166 -1 1
270 166 -1 1
269 166 -1 1
268 166 -1 1
267 166 -1 1
266 166 -1 1
265 166 -1 1
277 165 -1 1
276 165 -1 1
275 165 -1 1
274 165 -1 1
273 165 -1 1
272 165 -1 1
271 165 -1 1
270 165 -1 1
269 165 -1 1
268 165 -1 1
267 165 -1 1
266 165 -1 1
265 165 -1 1
264 165 -1 1
277 164 -1 1
276 164 -1 1
275 164 -1 1
274 164 -1 1
273 164 -1 1
272 164 -1 1
271 164 -1 1
270 164 -1 1
269 164 -1 1
268 164 -1 1
267 164 -1 1
266 164 -1 1
265 164 -1 1
264 164 -1 1
276 163 -1 1
275 163 -1 1
274 163 -1 1
273 163 -1 1
272 163 -1 1
271 163 -1 1
270 163 -1 1
269 163 -1 1
268 163 -1 1
267 163 -1 1
266 163 -1 1
265 163 -1 1
264 163 -1 1
263 163 -1 1
262 163 -1 1
275 162 -1 1
274 162 -1 1
273 162 -1 1
272 162 -1 1
271 162 -1 1
270 162 -1 1
269 162 -1 1
268 162 -1 1
267 162 -1 1
266 162 -1 1
265 162 -1 1
264 162 -1 1
263 162 -1 1
262 162 -1 1
261 162 -1 1
274 161 -1 1
273 161 -1 1
272 161 -1 1
271 161 -1 1
270 161 -1 1
269 161 -1 1
268 161 -1 1
267 161 -1 1
266 161 -1 1
265 161 -1 1
264 161 -1 1
263 161 -1 1
262 161 -1 1
261 161 -1 1
260 161 -1 1
274 160 -1 1
273 160 -1 1
272 160 -1 1
271 160 -1 1
270 160 -1 1
269 160 -1 1
268 160 -1 1
267 160 -1 1
266 160 -1 1
265 160 -1 1
264 160 -1 1
263 160 -1 1
262 160 -1 1
261 160 -1 1
260 160 -1 1
259 160 -1 1
273 159 -1 1
272 159 -1 1
271 159 -1 1
270 159 -1 1
269 159 -1 1
268 159 -1 1
267 159 -1 1
266 159 -1 1
265 159 -1 1
264 159 -1 1
263 159 -1 1
262 159 -1 1
261 159 -1 1
260 159 -1 1
259 159 -1 1
258 159 -1 1
271 158 -1 1
270 158 -1 1
269 158 -1 1
268 158 -1 1
267 158 -1 1
266 158 -1 1
265 158 -1 1
264 158 -1 1
263 158 -1 1
262 158 -1 1
261 158 -1 1
260 158 -1 1
259 158 -1 1
258 158 -1 1
257 158 -1 1
271 157 -1 1
270 157 -1 1
269 157 -1 1
268 157 -1 1
267 157 -1 1
266 157 -1 1
265 157 -1 1
264 157 -1 1
263 157 -1 1
262 157 -1 1
261 157 -1 1
260 157 -1 1
259 157 -1 1
258 157 -1 1
257 157 -1 1
256 157 -1 1
255 157 -1 1
270 156 -1 1
269 156 -1 1
268 156 -1 1
267 156 -1 1
266 156 -1 1
265 156 -1 1
264 156 -1 1
263 156 -1 1
262 156 -1 1
261 156 -1 1
260 156 -1 1
259 156 -1 1
258 156 -1 1
257 156 -1 1
256 156 -1 1
255 156 -1 1
254 156 -1 1
268 155 -1 1
267 155 -1 1
266 155 -1 1
265 155 -1 1
264 155 -1 1
263 155 -1 1
262 155 -1 1
261 155 -1 1
260 155 -1 1
259 155 -1 1
258 155 -1 1
257 155 -1 1
256 155 -1 1
255 155 -1 1
254 155 -1 1
268 154 -1 1
267 154 -1 1
266 154 -1 1
265 154 -1 1
264 154 -1 1
263 154 -1 1
262 154 -1 1
261 154 -1 1
260 154 -1 1
259 154 -1 1
258 154 -1 1
257 154 -1 1
256 154 -1 1
255 154 -1 1
254 154 -1 1
253 154 -1 1
267 153 -1 1
266 153 -1 1
265 153 -1 1
264 153 -1 1
263 153 -1 1
262 153 -1 1
261 153 -1 1
260 153 -1 1
259 153 -1 1
258 153 -1 1
257 153 -1 1
256 153 -1 1
255 153 -1 1
254 153 -1 1
253 153 -1 1
252 153 -1 1
266 152 -1 1
265 152 -1 1
264 152 -1 1
263 152 -1 1
262 152 -1 1
261 152 -1 1
260 152 -1 1
259 152 -1 1
258 152 -1 1
257 152 -1 1
256 152 -1 1
255 152 -1 1
254 152 -1 1
253 152 -1 1
252 152 -1 1
251 152 -1 1
265 151 -1 1
264 151 -1 1
263 151 -1 1
262 151 -1 1
261 151 -1 1
260 151 -1 1
259 151 -1 1
258 151 -1 1
257 151 -1 1
256 151 -1 1
255 151 -1 1
254 151 -1 1
253 151 -1 1
252 151 -1 1
251 151 -1 1
250 151 -1 1
249 151 -1 1
264 150 -1 1
263 150 -1 1
262 150 -1 1
261 150 -1 1
260 150 -1 1
259 150 -1 1
258 150 -1 1
257 150 -1 1
256 150 -1 1
255 150 -1 1
254 150 -1 1
253 150 -1 1
252 150 -1 1
251 150 -1 1
250 150 -1 1
249 150 -1 1
248 150 -1 1
262 149 -1 1
261 149 -1 1
260 149 -1 1
259 149 -1 1
258 149 -1 1
257 149 -1 1
256 149 -1 1
255 149 -1 1
254 149 -1 1
253 149 -1 1
252 149 -1 1
251 149 -1 1
250 149 -1 1
249 149 -1 1
248 149 -1 1
262 148 -1 1
261 148 -1 1
260 148 -1 1
259 148 -1 1
258 148 -1 1
257 148 -1 1
256 148 -1 1
255 148 -1 1
254 148 -1 1
253 148 -1 1
252 148 -1 1
251 148 -1 1
250 148 -1 1
249 148 -1 1
248 148 -1 1
261 147 -1 1
260 147 -1 1
259 147 -1 1
258 147 -1 1
257 147 -1 1
256 147 -1 1
255 147 -1 1
254 147 -1 1
253 147 -1 1
252 147 -1 1
251 147 -1 1
250 147 -1 1
249 147 -1 1
248 147 -1 1
247 147 -1 1
259 146 -1 1
258 146 -1 1
257 146 -1 1
256 146 -1 1
255 146 -1 1
254 146 -1 1
253 146 -1 1
252 146 -1 1
251 146 -1 1
250 146 -1 1
249 146 -1 1
248 146 -1 1
259 145 -1 1
258 145 -1 1
257 145 -1 1
256 145 -1 1
255 145 -1 1
254 145 -1 1
253 145 -1 1
252 145 -1 1
251 145 -1 1
250 145 -1 1
249 145 -1 1
248 145 -1 1
258 144 -1 1
257 144 -1 1
256 144 -1 1
255 144 -1 1
254 144 -1 1
253 144 -1 1
252 144 -1 1
251 144 -1 1
250 144 -1 1
249 144 -1 1
248 144 -1 1
256 143 -1 1
255 143 -1 1
254 143 -1 1
253 143 -1 1
252 143 -1 1
251 143 -1 1
250 143 -1 1
249 143 -1 1
332 142 -1 0
253 142 -1 1
252 142 -1 1
335 141 -1 0
334 141 -1 0
333 141 -1 0
332 141 -1 0
331 141 -1 0
330 141 -1 0
329 141 -1 0
336 140 -1 0
335 140 -1 0
334 140 -1 0
333 140 -1 0
332 140 -1 0
331 140 -1 0
330 140 -1 0
329 140 -1 0
328 140 -1 0
336 139 -1 0
335 139 -1 0
334 139 -1 0
333 139 -1 0
332 139 -1 0
331 139 -1 0
330 139 -1 0
329 139 -1 0
328 139 -1 0
336 138 -1 0
335 138 -1 0
334 138 -1 0
333 138 -1 0
332 138 -1 0
331 138 -1 0
330 138 -1 0
329 138 -1 0
328 138 -1 0
337 137 -1 0
336 137 -1 0
335 137 -1 0
334 137 -1 0
333 137 -1 0
332 137 -1 0
331 137 -1 0
330 137 -1 0
329 137 -1 0
328 137 -1 0
327 137 -1 0
337 136 -1 0
336 136 -1 0
335 136 -1 0
334 136 -1 0
333 136 -1 0
332 136 -1 0
331 136 -1 0
330 136 -1 0
329 136 -1 0
328 136 -1 0
327 136 -1 0
326 136 -1 0
337 135 -1 0
336 135 -1 0
335 135 -1 0
334 135 -1 0
333 135 -1 0
332 135 -1 0
331 135 -1 0
330 135 -1 0
329 135 -1 0
328 135 -1 0
327 135 -1 0
326 135 -1 0
325 135 -1 0
337 134 -1 0
336 134 -1 0
335 134 -1 0
334 134 -1 0
333 134 -1 0
332 134 -1 0
331 134 -1 0
330 134 -1 0
329 134 -1 0
328 134 -1 0
327 134 -1 0
326 134 -1 0
325 134 -1 0
336 133 -1 0
335 133 -1 0
334 133 -1 0
333 133 -1 0
332 133 -1 0
331 133 -1 0
330 133 -1 0
329 133 -1 0
328 133 -1 0
327 133 -1 0
326 133 -1 0
325 133 -1 0
336 132 -1 0
335 132 -1 0
334 132 -1 0
333 132 -1 0
332 132 -1 0
331 132 -1 0
330 132 -1 0
329 132 -1 0
328 132 -1 0
327 132 -1 0
326 132 -1 0
325 132 -1 0
324 132 -1 0
336 131 -1 0
335 131 -1 0
334 131 -1 0
333 131 -1 0
332 131 -1 0
331 131 -1 0
330 131 -1 0
329 131 -1 0
328 131 -1 0
327 131 -1 0
326 131 -1 0
325 131 -1 0
324 131 -1 0
335 130 -1 0
334 130 -1 0
333 130 -1 0
332 130 -1 0
331 130 -1 0
330 130 -1 0
329 130 -1 0
328 130 -1 0
327 130 -1 0
326 130 -1 0
325 130 -1 0
324 130 -1 0
323 130 -1 0
333 129 -1 0
332 129 -1 0
331 129 -1 0
330 129 -1 0
329 129 -1 0
328 129 -1 0
327 129 -1 0
326 129 -1 0
325 129 -1 0
324 129 -1 0
323 129 -1 0
322 129 -1 0
333 128 -1 0
332 128 -1 0
331 128 -1 0
330 128 -1 0
329 128 -1 0
328 128 -1 0
327 128 -1 0
326 128 -1 0
325 128 -1 0
324 128 -1 0
323 128 -1 0
322 128 -1 0
321 128 -1 0
332 127 -1 0
331 127 -1 0
330 127 -1 0
329 127 -1 0
328 127 -1 0
327 127 -1 0
326 127 -1 0
325 127 -1 0
324 127 -1 0
323 127 -1 0
322 127 -1 0
321 127 -1 0
320 127 -1 0
332 126 -1 0
331 126 -1 0
330 126 -1 0
329 126 -1 0
328 126 -1 0
327 126 -1 0
326 126 -1 0
325 126 -1 0
324 126 -1 0
323 126 -1 0
322 126 -1 0
321 126 -1 0
320 126 -1 0
331 125 -1 0
330 125 -1 0
329 125 -1 0
328 125 -1 0
327 125 -1 0
326 125 -1 0
325 125 -1 0
324 125 -1 0
323 125 -1 0
322 125 -1 0
321 125 -1 0
320 125 -1 0
319 125 -1 0
330 124 -1 0
329 124 -1 0
328 124 -1 0
327 124 -1 0
326 124 -1 0
325 124 -1 0
324 124 -1 0
323 124 -1 0
322 124 -1 0
321 124 -1 0
320 124 -1 0
319 124 -1 0
330 123 -1 0
329 123 -1 0
328 123 -1 0
327 123 -1 0
326 123 -1 0
325 123 -1 0
324 123 -1 0
323 123 -1 0
322 123 -1 0
321 123 -1 0
320 123 -1 0
319 123 -1 0
329 122 -1 0
328 122 -1 0
327 122 -1 0
326 122 -1 0
325 122 -1 0
324 122 -1 0
323 122 -1 0
322 122 -1 0
321 122 -1 0
320 122 -1 0
319 122 -1 0
318 122 -1 0
329 121 -1 0
328 121 -1 0
327 121 -1 0
326 121 -1 0
325 121 -1 0
324 121 -1 0
323 121 -1 0
322 121 -1 0
321 121 -1 0
320 121 -1 0
319 121 -1 0
318 121 -1 0
317 121 -1 0
316 121 -1 0
328 120 -1 0
327 120 -1 0
326 120 -1 0
325 120 -1 0
324 120 -1 0
323 120 -1 0
322 120 -1 0
321 120 -1 0
320 120 -1 0
319 120 -1 0
318 120 -1 0
317 120 -1 0
316 120 -1 0
315 120 -1 0
327 119 -1 0
326 119 -1 0
325 119 -1 0
324 119 -1 0
323 119 -1 0
322 119 -1 0
321 119 -1 0
320 119 -1 0
319 119 -1 0
318 119 -1 0
317 119 -1 0
316 119 -1 0
315 119 -1 0
314 119 -1 0
327 118 -1 0
326 118 -1 0
325 118 -1 0
324 118 -1 0
323 118 -1 0
322 118 -1 0
321 118 -1 0
320 118 -1 0
319 118 -1 0
318 118 -1 0
317 118 -1 0
316 118 -1 0
315 118 -1 0
314 118 -1 0
313 118 -1 0
327 117 -1 0
326 117 -1 0
325 117 -1 0
324 117 -1 0
323 117 -1 0
322 117 -1 0
321 117 -1 0
320 117 -1 0
319 117 -1 0
318 117 -1 0
317 117 -1 0
316 117 -1 0
315 117 -1 0
314 117 -1 0
313 117 -1 0
312 117 -1 0
326 116 -1 0
325 116 -1 0
324 116 -1 0
323 116 -1 0
322 116 -1 0
321 116 -1 0
320 116 -1 0
319 116 -1 0
318 116 -1 0
317 116 -1 0
316 116 -1 0
315 116 -1 0
314 116 -1 0
313 116 -1 0
312 116 -1 0
311 116 -1 0
325 115 -1 0
324 115 -1 0
323 115 -1 0
322 115 -1 0
321 115 -1 0
320 115 -1 0
319 115 -1 0
318 115 -1 0
317 115 -1 0
316 115 -1 0
315 115 -1 0
314 115 -1 0
313 115 -1 0
312 115 -1 0
311 115 -1 0
324 114 -1 0
323 114 -1 0
322 114 -1 0
321 114 -1 0
320 114 -1 0
319 114 -1 0
318 114 -1 0
317 114 -1 0
316 114 -1 0
315 114 -1 0
314 114 -1 0
313 114 -1 0
312 114 -1 0
311 114 -1 0
310 114 -1 0
309 114 -1 0
322 113 -1 0
321 113 -1 0
320 113 -1 0
319 113 -1 0
318 113 -1 0
317 113 -1 0
316 113 -1 0
315 113 -1 0
314 113 -1 0
313 113 -1 0
312 113 -1 0
311 113 -1 0
310 113 -1 0
309 113 -1 0
308 113 -1 0
307 113 -1 0
306 113 -1 0
321 112 -1 0
320 112 -1 0
319 112 -1 0
318 112 -1 0
317 112 -1 0
316 112 -1 0
315 112 -1 0
314 112 -1 0
313 112 -1 0
312 112 -1 0
311 112 -1 0
310 112 -1 0
309 112 -1 0
308 112 -1 0
307 112 -1 0
306 112 -1 0
305 112 -1 0
320 111 -1 0
319 111 -1 0
318 111 -1 0
317 111 -1 0
316 111 -1 0
315 111 -1 0
314 111 -1 0
313 111 -1 0
312 111 -1 0
311 111 -1 0
310 111 -1 0
309 111 -1 0
308 111 -1 0
307 111 -1 0
306 111 -1 0
305 111 -1 0
319 110 -1 0
318 110 -1 0
317 110 -1 0
316 110 -1 0
315 110 -1 0
314 110 -1 0
313 110 -1 0
312 110 -1 0
311 110 -1 0
310 110 -1 0
309 110 -1 0
308 110 -1 0
307 110 -1 0
306 110 -1 0
305 110 -1 0
318 109 -1 0
317 109 -1 0
316 109 -1 0
315 109 -1 0
314 109 -1 0
313 109 -1 0
312 109 -1 0
311 109 -1 0
310 109 -1 0
309 109 -1 0
308 109 -1 0
307 109 -1 0
306 109 -1 0
305 109 -1 0
304 109 -1 0
318 108 -1 0
317 108 -1 0
316 108 -1 0
315 108 -1 0
314 108 -1 0
313 108 -1 0
312 108 -1 0
311 108 -1 0
310 108 -1 0
309 108 -1 0
308 108 -1 0
307 108 -1 0
306 108 -1 0
305 108 -1 0
304 108 -1 0
303 108 -1 0
302 108 -1 0
317 107 -1 0
316 107 -1 0
315 107 -1 0
314 107 -1 0
313 107 -1 0
312 107 -1 0
311 107 -1 0
310 107 -1 0
309 107 -1 0
308 107 -1 0
307 107 -1 0
306 107 -1 0
305 107 -1 0
304 107 -1 0
303 107 -1 0
302 107 -1 0
301 107 -1 0
315 106 -1 0
314 106 -1 0
313 106 -1 0
312 106 -1 0
311 106 -1 0
310 106 -1 0
309 106 -1 0
308 106 -1 0
307 106 -1 0
306 106 -1 0
305 106 -1 0
304 106 -1 0
303 106 -1 0
302 106 -1 0
301 106 -1 0
300 106 -1 0
299 106 -1 0
312 105 -1 0
311 105 -1 0
310 105 -1 0
309 105 -1 0
308 105 -1 0
307 105 -1 0
306 105 -1 0
305 105 -1 0
304 105 -1 0
303 105 -1 0
302 105 -1 0
301 105 -1 0
300 105 -1 0
299 105 -1 0
298 105 -1 0
310 104 -1 0
309 104 -1 0
308 104 -1 0
307 104 -1 0
306 104 -1 0
305 104 -1 0
304 104 -1 0
303 104 -1 0
302 104 -1 0
301 104 -1 0
300 104 -1 0
299 104 -1 0
298 104 -1 0
309 103 -1 0
308 103 -1 0
307 103 -1 0
306 103 -1 0
305 103 -1 0
304 103 -1 0
303 103 -1 0
302 103 -1 0
301 103 -1 0
300 103 -1 0
299 103 -1 0
298 103 -1 0
309 102 -1 0
308 102 -1 0
307 102 -1 0
306 102 -1 0
305 102 -1 0
304 102 -1 0
303 102 -1 0
302 102 -1 0
301 102 -1 0
300 102 -1 0
299 102 -1 0
298 102 -1 0
297 102 -1 0
296 102 -1 0
309 101 -1 0
308 101 -1 0
307 101 -1 0
306 101 -1 0
305 101 -1 0
304 101 -1 0
303 101 -1 0
302 101 -1 0
301 101 -1 0
300 101 -1 0
299 101 -1 0
298 101 -1 0
297 101 -1 0
296 101 -1 0
295 101 -1 0
294 101 -1 0
293 101 -1 0
308 100 -1 0
307 100 -1 0
306 100 -1 0
305 100 -1 0
304 100 -1 0
303 100 -1 0
302 100 -1 0
301 100 -1 0
300 100 -1 0
299 100 -1 0
298 100 -1 0
297 100 -1 0
296 100 -1 0
295 100 -1 0
294 100 -1 0
293 100 -1 0
292 100 -1 0
306 99 -1 0
305 99 -1 0
304 99 -1 0
303 99 -1 0
302 99 -1 0
301 99 -1 0
300 99 -1 0
299 99 -1 0
298 99 -1 0
297 99 -1 0
296 99 -1 0
295 99 -1 0
294 99 -1 0
293 99 -1 0
292 99 -1 0
305 98 -1 0
304 98 -1 0
303 98 -1 0
302 98 -1 0
301 98 -1 0
300 98 -1 0
299 98 -1 0
298 98 -1 0
297 98 -1 0
296 98 -1 0
295 98 -1 0
294 98 -1 0
293 98 -1 0
292 98 -1 0
291 98 -1 0
290 98 -1 0
289 98 -1 0
302 97 -1 0
301 97 -1 0
300 97 -1 0
299 97 -1 0
298 97 -1 0
297 97 -1 0
296 97 -1 0
295 97 -1 0
294 97 -1 0
293 97 -1 0
292 97 -1 0
291 97 -1 0
290 97 -1 0
289 97 -1 0
288 97 -1 0
287 97 -1 0
286 97 -1 0
300 96 -1 0
299 96 -1 0
298 96 -1 0
297 96 -1 0
296 96 -1 0
295 96 -1 0
294 96 -1 0
293 96 -1 0
292 96 -1 0
291 96 -1 0
290 96 -1 0
289 96 -1 0
288 96 -1 0
287 96 -1 0
286 96 -1 0
285 96 -1 0
300 95 -1 0
299 95 -1 0
298 95 -1 0
297 95 -1 0
296 95 -1 0
295 95 -1 0
294 95 -1 0
293 95 -1 0
292 95 -1 0
291 95 -1 0
290 95 -1 0
289 95 -1 0
288 95 -1 0
287 95 -1 0
286 95 -1 0
285 95 -1 0
284 95 -1 0
300 94 -1 0
299 94 -1 0
298 94 -1 0
297 94 -1 0
296 94 -1 0
295 94 -1 0
294 94 -1 0
293 94 -1 0
292 94 -1 0
291 94 -1 0
290 94 -1 0
289 94 -1 0
288 94 -1 0
287 94 -1 0
286 94 -1 0
285 94 -1 0
284 94 -1 0
283 94 -1 0
282 94 -1 0
281 94 -1 0
300 93 -1 0
299 93 -1 0
298 93 -1 0
297 93 -1 0
296 93 -1 0
295 93 -1 0
294 93 -1 0
293 93 -1 0
292 93 -1 0
291 93 -1 0
290 93 -1 0
289 93 -1 0
288 93 -1 0
287 93 -1 0
286 93 -1 0
285 93 -1 0
284 93 -1 0
283 93 -1 0
282 93 -1 0
281 93 -1 0
280 93 -1 0
299 92 -1 0
298 92 -1 0
297 92 -1 0
296 92 -1 0
295 92 -1 0
294 92 -1 0
293 92 -1 0
292 92 -1 0
291 92 -1 0
290 92 -1 0
289 92 -1 0
288 92 -1 0
287 92 -1 0
286 92 -1 0
285 92 -1 0
284 92 -1 0
283 92 -1 0
282 92 -1 0
281 92 -1 0
280 92 -1 0
279 92 -1 0
299 91 -1 0
298 91 -1 0
297 91 -1 0
296 91 -1 0
295 91 -1 0
294 91 -1 0
293 91 -1 0
292 91 -1 0
291 91 -1 0
290 91 -1 0
289 91 -1 0
288 91 -1 0
287 91 -1 0
286 91 -1 0
285 91 -1 0
284 91 -1 0
283 91 -1 0
282 91 -1 0
281 91 -1 0
280 91 -1 0
279 91 -1 0
278 91 -1 0
277 91 -1 0
276 91 -1 0
299 90 -1 0
298 90 -1 0
297 90 -1 0
296 90 -1 0
295 90 -1 0
294 90 -1 0
293 90 -1 0
292 90 -1 0
291 90 -1 0
290 90 -1 0
289 90 -1 0
288 90 -1 0
287 90 -1 0
286 90 -1 0
285 90 -1 0
284 90 -1 0
283 90 -1 0
282 90 -1 0
281 90 -1 0
280 90 -1 0
279 90 -1 0
278 90 -1 0
277 90 -1 0
276 90 -1 0
275 90 -1 0
298 89 -1 0
297 89 -1 0
296 89 -1 0
295 89 -1 0
294 89 -1 0
293 89 -1 0
292 89 -1 0
291 89 -1 0
290 89 -1 0
289 89 -1 0
288 89 -1 0
287 89 -1 0
286 89 -1 0
285 89 -1 0
284 89 -1 0
283 89 -1 0
282 89 -1 0
281 89 -1 0
280 89 -1 0
279 89 -1 0
278 89 -1 0
277 89 -1 0
276 89 -1 0
275 89 -1 0
274 89 -1 0
273 89 -1 0
272 89 -1 0
295 88 -1 0
294 88 -1 0
292 88 -1 0
291 88 -1 0
290 88 -1 0
289 88 -1 0
288 88 -1 0
287 88 -1 0
286 88 -1 0
285 88 -1 0
284 88 -1 0
283 88 -1 0
282 88 -1 0
281 88 -1 0
280 88 -1 0
279 88 -1 0
278 88 -1 0
277 88 -1 0
276 88 -1 0
275 88 -1 0
274 88 -1 0
273 88 -1 0
272 88 -1 0
271 88 -1 0
270 88 -1 0
266 88 -1 0
263 88 -1 0
260 88 -1 0
257 88 -1 0
255 88 -1 0
254 88 -1 0
252 88 -1 0
288 87 -1 0
287 87 -1 0
286 87 -1 0
285 87 -1 0
284 87 -1 0
283 87 -1 0
282 87 -1 0
281 87 -1 0
280 87 -1 0
279 87 -1 0
278 87 -1 0
277 87 -1 0
276 87 -1 0
275 87 -1 0
274 87 -1 0
273 87 -1 0
272 87 -1 0
271 87 -1 0
270 87 -1 0
269 87 -1 0
268 87 -1 0
267 87 -1 0
266 87 -1 0
265 87 -1 0
264 87 -1 0
263 87 -1 0
262 87 -1 0
261 87 -1 0
260 87 -1 0
259 87 -1 0
258 87 -1 0
257 87 -1 0
256 87 -1 0
255 87 -1 0
254 87 -1 0
253 87 -1 0
252 87 -1 0
251 87 -1 0
250 87 -1 0
249 87 -1 0
287 86 -1 0
286 86 -1 0
285 86 -1 0
284 86 -1 0
283 86 -1 0
282 86 -1 0
281 86 -1 0
280 86 -1 0
279 86 -1 0
278 86 -1 0
277 86 -1 0
276 86 -1 0
275 86 -1 0
274 86 -1 0
273 86 -1 0
272 86 -1 0
271 86 -1 0
270 86 -1 0
269 86 -1 0
268 86 -1 0
267 86 -1 0
266 86 -1 0
265 86 -1 0
264 86 -1 0
263 86 -1 0
262 86 -1 0
261 86 -1 0
260 86 -1 0
259 86 -1 0
258 86 -1 0
257 86 -1 0
256 86 -1 0
255 86 -1 0
254 86 -1 0
253 86 -1 0
252 86 -1 0
251 86 -1 0
250 86 -1 0
249 86 -1 0
248 86 -1 0
284 85 -1 0
283 85 -1 0
282 85 -1 0
281 85 -1 0
280 85 -1 0
279 85 -1 0
278 85 -1 0
277 85 -1 0
276 85 -1 0
275 85 -1 0
274 85 -1 0
273 85 -1 0
272 85 -1 0
271 85 -1 0
270 85 -1 0
269 85 -1 0
268 85 -1 0
267 85 -1 0
266 85 -1 0
265 85 -1 0
264 85 -1 0
263 85 -1 0
262 85 -1 0
261 85 -1 0
260 85 -1 0
259 85 -1 0
258 85 -1 0
257 85 -1 0
256 85 -1 0
255 85 -1 0
254 85 -1 0
253 85 -1 0
252 85 -1 0
251 85 -1 0
250 85 -1 0
249 85 -1 0
248 85 -1 0
284 84 -1 0
283 84 -1 0
282 84 -1 0
281 84 -1 0
280 84 -1 0
279 84 -1 0
278 84 -1 0
277 84 -1 0
276 84 -1 0
275 84 -1 0
274 84 -1 0
273 84 -1 0
272 84 -1 0
271 84 -1 0
270 84 -1 0
269 84 -1 0
268 84 -1 0
267 84 -1 0
266 84 -1 0
265 84 -1 0
264 84 -1 0
263 84 -1 0
262 84 -1 0
261 84 -1 0
260 84 -1 0
259 84 -1 0
258 84 -1 0
257 84 -1 0
256 84 -1 0
255 84 -1 0
254 84 -1 0
253 84 -1 0
252 84 -1 0
251 84 -1 0
250 84 -1 0
249 84 -1 0
248 84 -1 0
283 83 -1 0
282 83 -1 0
281 83 -1 0
280 83 -1 0
279 83 -1 0
278 83 -1 0
277 83 -1 0
276 83 -1 0
275 83 -1 0
274 83 -1 0
273 83 -1 0
272 83 -1 0
271 83 -1 0
270 83 -1 0
269 83 -1 0
268 83 -1 0
267 83 -1 0
266 83 -1 0
265 83 -1 0
264 83 -1 0
263 83 -1 0
262 83 -1 0
261 83 -1 0
260 83 -1 0
259 83 -1 0
258 83 -1 0
257 83 -1 0
256 83 -1 0
255 83 -1 0
254 83 -1 0
253 83 -1 0
252 83 -1 0
251 83 -1 0
250 83 -1 0
249 83 -1 0
248 83 -1 0
247 83 -1 0
280 82 -1 0
279 82 -1 0
278 82 -1 0
277 82 -1 0
276 82 -1 0
275 82 -1 0
274 82 -1 0
273 82 -1 0
272 82 -1 0
271 82 -1 0
270 82 -1 0
269 82 -1 0
268 82 -1 0
267 82 -1 0
266 82 -1 0
265 82 -1 0
264 82 -1 0
263 82 -1 0
262 82 -1 0
261 82 -1 0
260 82 -1 0
259 82 -1 0
258 82 -1 0
257 82 -1 0
256 82 -1 0
255 82 -1 0
254 82 -1 0
253 82 -1 0
252 82 -1 0
251 82 -1 0
250 82 -1 0
249 82 -1 0
248 82 -1 0
278 81 -1 0
277 81 -1 0
276 81 -1 0
275 81 -1 0
274 81 -1 0
273 81 -1 0
272 81 -1 0
271 81 -1 0
270 81 -1 0
269 81 -1 0
268 81 -1 0
267 81 -1 0
266 81 -1 0
265 81 -1 0
264 81 -1 0
263 81 -1 0
262 81 -1 0
261 81 -1 0
260 81 -1 0
259 81 -1 0
258 81 -1 0
257 81 -1 0
256 81 -1 0
255 81 -1 0
254 81 -1 0
253 81 -1 0
252 81 -1 0
251 81 -1 0
250 81 -1 0
249 81 -1 0
248 81 -1 0
276 80 -1 0
275 80 -1 0
274 80 -1 0
273 80 -1 0
272 80 -1 0
271 80 -1 0
270 80 -1 0
269 80 -1 0
268 80 -1 0
267 80 -1 0
266 80 -1 0
265 80 -1 0
264 80 -1 0
263 80 -1 0
262 80 -1 0
261 80 -1 0
260 80 -1 0
259 80 -1 0
258 80 -1 0
257 80 -1 0
256 80 -1 0
255 80 -1 0
254 80 -1 0
253 80 -1 0
252 80 -1 0
251 80 -1 0
250 80 -1 0
249 80 -1 0
248 80 -1 0
274 79 -1 0
273 79 -1 0
272 79 -1 0
271 79 -1 0
270 79 -1 0
269 79 -1 0
268 79 -1 0
267 79 -1 0
266 79 -1 0
265 79 -1 0
264 79 -1 0
263 79 -1 0
262 79 -1 0
261 79 -1 0
260 79 -1 0
259 79 -1 0
258 79 -1 0
257 79 -1 0
256 79 -1 0
255 79 -1 0
254 79 -1 0
253 79 -1 0
252 79 -1 0
251 79 -1 0
250 79 -1 0
249 79 -1 0
271 78 -1 0
270 78 -1 0
266 78 -1 0
263 78 -1 0
260 78 -1 0
257 78 -1 0
255 78 -1 0
254 78 -1 0
252 78 -1 0
