2884 408 341
379 210 -1 0
382 209 -1 0
381 209 -1 0
380 209 -1 0
379 209 -1 0
378 209 -1 0
377 209 -1 0
376 209 -1 0
384 208 -1 0
383 208 -1 0
382 208 -1 0
381 208 -1 0
380 208 -1 0
379 208 -1 0
378 208 -1 0
377 208 -1 0
376 208 -1 0
375 208 -1 0
385 207 -1 0
384 207 -1 0
383 207 -1 0
382 207 -1 0
381 207 -1 0
380 207 -1 0
379 207 -1 0
378 207 -1 0
377 207 -1 0
376 207 -1 0
375 207 -1 0
387 206 -1 0
386 206 -1 0
385 206 -1 0
384 206 -1 0
383 206 -1 0
382 206 -1 0
381 206 -1 0
380 206 -1 0
379 206 -1 0
378 206 -1 0
377 206 -1 0
376 206 -1 0
375 206 -1 0
389 205 -1 0
388 205 -1 0
387 205 -1 0
386 205 -1 0
385 205 -1 0
384 205 -1 0
383 205 -1 0
382 205 -1 0
381 205 -1 0
380 205 -1 0
379 205 -1 0
378 205 -1 0
377 205 -1 0
376 205 -1 0
375 205 -1 0
374 205 -1 0
390 204 -1 0
389 204 -1 0
388 204 -1 0
387 204 -1 0
386 204 -1 0
385 204 -1 0
384 204 -1 0
383 204 -1 0
382 204 -1 0
381 204 -1 0
380 204 -1 0
379 204 -1 0
378 204 -1 0
377 204 -1 0
376 204 -1 0
375 204 -1 0
390 203 -1 0
389 203 -1 0
388 203 -1 0
387 203 -1 0
386 203 -1 0
385 203 -1 0
384 203 -1 0
383 203 -1 0
382 203 -1 0
381 203 -1 0
380 203 -1 0
379 203 -1 0
378 203 -1 0
377 203 -1 0
376 203 -1 0
375 203 -1 0
390 202 -1 0
389 202 -1 0
388 202 -1 0
387 202 -1 0
386 202 -1 0
385 202 -1 0
384 202 -1 0
383 202 -1 0
382 202 -1 0
381 202 -1 0
380 202 -1 0
379 202 -1 0
378 202 -1 0
377 202 -1 0
376 202 -1 0
375 202 -1 0
391 201 -1 0
390 201 -1 0
389 201 -1 0
388 201 -1 0
387 201 -1 0
386 201 -1 0
385 201 -1 0
384 201 -1 0
383 201 -1 0
382 201 -1 0
381 201 -1 0
380 201 -1 0
379 201 -1 0
378 201 -1 0
377 201 -1 0
376 201 -1 0
391 200 -1 0
390 200 -1 0
389 200 -1 0
388 200 -1 0
387 200 -1 0
386 200 -1 0
385 200 -1 0
384 200 -1 0
383 200 -1 0
382 200 -1 0
381 200 -1 0
380 200 -1 0
379 200 -1 0
378 200 -1 0
377 200 -1 0
392 199 -1 0
391 199 -1 0
390 199 -1 0
389 199 -1 0
388 199 -1 0
387 199 -1 0
386 199 -1 0
385 199 -1 0
384 199 -1 0
383 199 -1 0
382 199 -1 0
381 199 -1 0
380 199 -1 0
379 199 -1 0
378 199 -1 0
392 198 -1 0
391 198 -1 0
390 198 -1 0
389 198 -1 0
388 198 -1 0
387 198 -1 0
386 198 -1 0
385 198 -1 0
384 198 -1 0
383 198 -1 0
382 198 -1 0
381 198 -1 0
380 198 -1 0
379 198 -1 0
392 197 -1 0
391 197 -1 0
390 197 -1 0
389 197 -1 0
388 197 -1 0
387 197 -1 0
386 197 -1 0
385 197 -1 0
384 197 -1 0
383 197 -1 0
382 197 -1 0
393 196 -1 0
392 196 -1 0
391 196 -1 0
390 196 -1 0
389 196 -1 0
388 196 -1 0
387 196 -1 0
386 196 -1 0
385 196 -1 0
384 196 -1 0
383 196 -1 0
382 196 -1 0
393 195 -1 0
392 195 -1 0
391 195 -1 0
390 195 -1 0
389 195 -1 0
388 195 -1 0
387 195 -1 0
386 195 -1 0
385 195 -1 0
384 195 -1 0
383 195 -1 0
393 194 -1 0
392 194 -1 0
391 194 -1 0
390 194 -1 0
389 194 -1 0
388 194 -1 0
387 194 -1 0
386 194 -1 0
385 194 -1 0
384 194 -1 0
383 194 -1 0
394 193 -1 0
393 193 -1 0
392 193 -1 0
391 193 -1 0
390 193 -1 0
389 193 -1 0
388 193 -1 0
387 193 -1 0
386 193 -1 0
385 193 -1 0
384 193 -1 0
383 193 -1 0
394 192 -1 0
393 192 -1 0
392 192 -1 0
391 192 -1 0
390 192 -1 0
389 192 -1 0
388 192 -1 0
387 192 -1 0
386 192 -1 0
385 192 -1 0
384 192 -1 0
212 192 -1 0
211 192 -1 0
393 191 -1 0
392 191 -1 0
391 191 -1 0
390 191 -1 0
389 191 -1 0
388 191 -1 0
387 191 -1 0
386 191 -1 0
385 191 -1 0
215 191 -1 0
214 191 -1 0
213 191 -1 0
212 191 -1 0
211 191 -1 0
210 191 -1 0
209 191 -1 0
208 191 -1 0
394 190 -1 0
393 190 -1 0
392 190 -1 0
391 190 -1 0
390 190 -1 0
389 190 -1 0
388 190 -1 0
387 190 -1 0
386 190 -1 0
385 190 -1 0
384 190 -1 0
216 190 -1 0
215 190 -1 0
214 190 -1 0
213 190 -1 0
212 190 -1 0
211 190 -1 0
210 190 -1 0
209 190 -1 0
208 190 -1 0
207 190 -1 0
394 189 -1 0
393 189 -1 0
392 189 -1 0
391 189 -1 0
390 189 -1 0
389 189 -1 0
388 189 -1 0
387 189 -1 0
386 189 -1 0
385 189 -1 0
384 189 -1 0
216 189 -1 0
215 189 -1 0
214 189 -1 0
213 189 -1 0
212 189 -1 0
211 189 -1 0
210 189 -1 0
209 189 -1 0
208 189 -1 0
207 189 -1 0
206 189 -1 0
394 188 -1 0
393 188 -1 0
392 188 -1 0
391 188 -1 0
390 188 -1 0
389 188 -1 0
388 188 -1 0
387 188 -1 0
386 188 -1 0
385 188 -1 0
384 188 -1 0
216 188 -1 0
215 188 -1 0
214 188 -1 0
213 188 -1 0
212 188 -1 0
211 188 -1 0
210 188 -1 0
209 188 -1 0
208 188 -1 0
207 188 -1 0
206 188 -1 0
205 188 -1 0
393 187 -1 0
392 187 -1 0
391 187 -1 0
390 187 -1 0
389 187 -1 0
388 187 -1 0
387 187 -1 0
386 187 -1 0
385 187 -1 0
217 187 -1 0
216 187 -1 0
215 187 -1 0
214 187 -1 0
213 187 -1 0
212 187 -1 0
211 187 -1 0
210 187 -1 0
209 187 -1 0
208 187 -1 0
207 187 -1 0
206 187 -1 0
205 187 -1 0
394 186 -1 0
393 186 -1 0
392 186 -1 0
391 186 -1 0
390 186 -1 0
389 186 -1 0
388 186 -1 0
387 186 -1 0
386 186 -1 0
385 186 -1 0
384 186 -1 0
216 186 -1 0
215 186 -1 0
214 186 -1 0
213 186 -1 0
212 186 -1 0
211 186 -1 0
210 186 -1 0
209 186 -1 0
208 186 -1 0
207 186 -1 0
206 186 -1 0
205 186 -1 0
394 185 -1 0
393 185 -1 0
392 185 -1 0
391 185 -1 0
390 185 -1 0
389 185 -1 0
388 185 -1 0
387 185 -1 0
386 185 -1 0
385 185 -1 0
384 185 -1 0
216 185 -1 0
215 185 -1 0
214 185 -1 0
213 185 -1 0
212 185 -1 0
211 185 -1 0
210 185 -1 0
209 185 -1 0
208 185 -1 0
207 185 -1 0
206 185 -1 0
205 185 -1 0
204 185 -1 0
394 184 -1 0
393 184 -1 0
392 184 -1 0
391 184 -1 0
390 184 -1 0
389 184 -1 0
388 184 -1 0
387 184 -1 0
386 184 -1 0
385 184 -1 0
384 184 -1 0
216 184 -1 0
215 184 -1 0
214 184 -1 0
213 184 -1 0
212 184 -1 0
211 184 -1 0
210 184 -1 0
209 184 -1 0
208 184 -1 0
207 184 -1 0
206 184 -1 0
205 184 -1 0
204 184 -1 0
394 183 -1 0
393 183 -1 0
392 183 -1 0
391 183 -1 0
390 183 -1 0
389 183 -1 0
388 183 -1 0
387 183 -1 0
386 183 -1 0
385 183 -1 0
384 183 -1 0
215 183 -1 0
214 183 -1 0
213 183 -1 0
212 183 -1 0
211 183 -1 0
210 183 -1 0
209 183 -1 0
208 183 -1 0
207 183 -1 0
206 183 -1 0
205 183 -1 0
393 182 -1 0
392 182 -1 0
391 182 -1 0
390 182 -1 0
389 182 -1 0
388 182 -1 0
387 182 -1 0
386 182 -1 0
385 182 -1 0
214 182 -1 0
213 182 -1 0
212 182 -1 0
211 182 -1 0
210 182 -1 0
209 182 -1 0
208 182 -1 0
207 182 -1 0
206 182 -1 0
205 182 -1 0
204 182 -1 0
394 181 -1 0
393 181 -1 0
392 181 -1 0
391 181 -1 0
390 181 -1 0
389 181 -1 0
388 181 -1 0
387 181 -1 0
386 181 -1 0
385 181 -1 0
384 181 -1 0
213 181 -1 0
212 181 -1 0
211 181 -1 0
210 181 -1 0
209 181 -1 0
208 181 -1 0
207 181 -1 0
206 181 -1 0
205 181 -1 0
394 180 -1 0
393 180 -1 0
392 180 -1 0
391 180 -1 0
390 180 -1 0
389 180 -1 0
388 180 -1 0
387 180 -1 0
386 180 -1 0
385 180 -1 0
384 180 -1 0
214 180 -1 0
213 180 -1 0
212 180 -1 0
211 180 -1 0
210 180 -1 0
209 180 -1 0
208 180 -1 0
207 180 -1 0
206 180 -1 0
205 180 -1 0
204 180 -1 0
393 179 -1 0
392 179 -1 0
391 179 -1 0
390 179 -1 0
389 179 -1 0
388 179 -1 0
387 179 -1 0
386 179 -1 0
385 179 -1 0
214 179 -1 0
213 179 -1 0
212 179 -1 0
211 179 -1 0
210 179 -1 0
209 179 -1 0
208 179 -1 0
207 179 -1 0
206 179 -1 0
205 179 -1 0
204 179 -1 0
394 178 -1 0
393 178 -1 0
392 178 -1 0
391 178 -1 0
390 178 -1 0
389 178 -1 0
388 178 -1 0
387 178 -1 0
386 178 -1 0
385 178 -1 0
384 178 -1 0
214 178 -1 0
213 178 -1 0
212 178 -1 0
211 178 -1 0
210 178 -1 0
209 178 -1 0
208 178 -1 0
207 178 -1 0
206 178 -1 0
205 178 -1 0
204 178 -1 0
394 177 -1 0
393 177 -1 0
392 177 -1 0
391 177 -1 0
390 177 -1 0
389 177 -1 0
388 177 -1 0
387 177 -1 0
386 177 -1 0
385 177 -1 0
384 177 -1 0
213 177 -1 0
212 177 -1 0
211 177 -1 0
210 177 -1 0
209 177 -1 0
208 177 -1 0
207 177 -1 0
206 177 -1 0
205 177 -1 0
393 176 -1 0
392 176 -1 0
391 176 -1 0
390 176 -1 0
389 176 -1 0
388 176 -1 0
387 176 -1 0
386 176 -1 0
385 176 -1 0
213 176 -1 0
212 176 -1 0
211 176 -1 0
210 176 -1 0
209 176 -1 0
208 176 -1 0
207 176 -1 0
206 176 -1 0
205 176 -1 0
394 175 -1 0
393 175 -1 0
392 175 -1 0
391 175 -1 0
390 175 -1 0
389 175 -1 0
388 175 -1 0
387 175 -1 0
386 175 -1 0
385 175 -1 0
384 175 -1 0
214 175 -1 0
213 175 -1 0
212 175 -1 0
211 175 -1 0
210 175 -1 0
209 175 -1 0
208 175 -1 0
207 175 -1 0
206 175 -1 0
205 175 -1 0
204 175 -1 0
394 174 -1 0
393 174 -1 0
392 174 -1 0
391 174 -1 0
390 174 -1 0
389 174 -1 0
388 174 -1 0
387 174 -1 0
386 174 -1 0
385 174 -1 0
384 174 -1 0
213 174 -1 0
212 174 -1 0
211 174 -1 0
210 174 -1 0
209 174 -1 0
208 174 -1 0
207 174 -1 0
206 174 -1 0
205 174 -1 0
394 173 -1 0
393 173 -1 0
392 173 -1 0
391 173 -1 0
390 173 -1 0
389 173 -1 0
388 173 -1 0
387 173 -1 0
386 173 -1 0
385 173 -1 0
384 173 -1 0
213 173 -1 0
212 173 -1 0
211 173 -1 0
210 173 -1 0
209 173 -1 0
208 173 -1 0
207 173 -1 0
206 173 -1 0
205 173 -1 0
393 172 -1 0
392 172 -1 0
391 172 -1 0
390 172 -1 0
389 172 -1 0
388 172 -1 0
387 172 -1 0
386 172 -1 0
385 172 -1 0
213 172 -1 0
212 172 -1 0
211 172 -1 0
210 172 -1 0
209 172 -1 0
208 172 -1 0
207 172 -1 0
206 172 -1 0
205 172 -1 0
394 171 -1 0
393 171 -1 0
392 171 -1 0
391 171 -1 0
390 171 -1 0
389 171 -1 0
388 171 -1 0
387 171 -1 0
386 171 -1 0
385 171 -1 0
384 171 -1 0
338 171 -1 1
213 171 -1 0
212 171 -1 0
211 171 -1 0
210 171 -1 0
209 171 -1 0
208 171 -1 0
207 171 -1 0
206 171 -1 0
205 171 -1 0
394 170 -1 0
393 170 -1 0
392 170 -1 0
391 170 -1 0
390 170 -1 0
389 170 -1 0
388 170 -1 0
387 170 -1 0
386 170 -1 0
385 170 -1 0
384 170 -1 0
341 170 -1 1
340 170 -1 1
339 170 -1 1
338 170 -1 1
337 170 -1 1
336 170 -1 1
335 170 -1 1
214 170 -1 0
213 170 -1 0
212 170 -1 0
211 170 -1 0
210 170 -1 0
209 170 -1 0
208 170 -1 0
207 170 -1 0
206 170 -1 0
205 170 -1 0
204 170 -1 0
393 169 -1 0
392 169 -1 0
391 169 -1 0
390 169 -1 0
389 169 -1 0
388 169 -1 0
387 169 -1 0
386 169 -1 0
385 169 -1 0
384 169 -1 0
342 169 -1 1
341 169 -1 1
340 169 -1 1
339 169 -1 1
338 169 -1 1
337 169 -1 1
336 169 -1 1
335 169 -1 1
334 169 -1 1
213 169 -1 0
212 169 -1 0
211 169 -1 0
210 169 -1 0
209 169 -1 0
208 169 -1 0
207 169 -1 0
206 169 -1 0
205 169 -1 0
394 168 -1 0
393 168 -1 0
392 168 -1 0
391 168 -1 0
390 168 -1 0
389 168 -1 0
388 168 -1 0
387 168 -1 0
386 168 -1 0
385 168 -1 0
384 168 -1 0
342 168 -1 1
341 168 -1 1
340 168 -1 1
339 168 -1 1
338 168 -1 1
337 168 -1 1
336 168 -1 1
335 168 -1 1
334 168 -1 1
214 168 -1 0
213 168 -1 0
212 168 -1 0
211 168 -1 0
210 168 -1 0
209 168 -1 0
208 168 -1 0
207 168 -1 0
206 168 -1 0
205 168 -1 0
393 167 -1 0
392 167 -1 0
391 167 -1 0
390 167 -1 0
389 167 -1 0
388 167 -1 0
387 167 -1 0
386 167 -1 0
385 167 -1 0
384 167 -1 0
342 167 -1 1
341 167 -1 1
340 167 -1 1
339 167 -1 1
338 167 -1 1
337 167 -1 1
336 167 -1 1
335 167 -1 1
334 167 -1 1
214 167 -1 0
213 167 -1 0
212 167 -1 0
211 167 -1 0
210 167 -1 0
209 167 -1 0
208 167 -1 0
207 167 -1 0
206 167 -1 0
205 167 -1 0
393 166 -1 0
392 166 -1 0
391 166 -1 0
390 166 -1 0
389 166 -1 0
388 166 -1 0
387 166 -1 0
386 166 -1 0
385 166 -1 0
384 166 -1 0
383 166 -1 0
343 166 -1 1
342 166 -1 1
341 166 -1 1
340 166 -1 1
339 166 -1 1
338 166 -1 1
337 166 -1 1
336 166 -1 1
335 166 -1 1
334 166 -1 1
333 166 -1 1
214 166 -1 0
213 166 -1 0
212 166 -1 0
211 166 -1 0
210 166 -1 0
209 166 -1 0
208 166 -1 0
207 166 -1 0
206 166 -1 0
393 165 -1 0
392 165 -1 0
391 165 -1 0
390 165 -1 0
389 165 -1 0
388 165 -1 0
387 165 -1 0
386 165 -1 0
385 165 -1 0
384 165 -1 0
383 165 -1 0
343 165 -1 1
342 165 -1 1
341 165 -1 1
340 165 -1 1
339 165 -1 1
338 165 -1 1
337 165 -1 1
336 165 -1 1
335 165 -1 1
334 165 -1 1
333 165 -1 1
215 165 -1 0
214 165 -1 0
213 165 -1 0
212 165 -1 0
211 165 -1 0
210 165 -1 0
209 165 -1 0
208 165 -1 0
207 165 -1 0
206 165 -1 0
205 165 -1 0
392 164 -1 0
391 164 -1 0
390 164 -1 0
389 164 -1 0
388 164 -1 0
387 164 -1 0
386 164 -1 0
385 164 -1 0
384 164 -1 0
343 164 -1 1
342 164 -1 1
341 164 -1 1
340 164 -1 1
339 164 -1 1
338 164 -1 1
337 164 -1 1
336 164 -1 1
335 164 -1 1
334 164 -1 1
333 164 -1 1
214 164 -1 0
213 164 -1 0
212 164 -1 0
211 164 -1 0
210 164 -1 0
209 164 -1 0
208 164 -1 0
207 164 -1 0
206 164 -1 0
393 163 -1 0
392 163 -1 0
391 163 -1 0
390 163 -1 0
389 163 -1 0
388 163 -1 0
387 163 -1 0
386 163 -1 0
385 163 -1 0
384 163 -1 0
383 163 -1 0
342 163 -1 1
341 163 -1 1
340 163 -1 1
339 163 -1 1
338 163 -1 1
337 163 -1 1
336 163 -1 1
335 163 -1 1
334 163 -1 1
333 163 -1 1
332 163 -1 1
331 163 -1 1
214 163 -1 0
213 163 -1 0
212 163 -1 0
211 163 -1 0
210 163 -1 0
209 163 -1 0
208 163 -1 0
207 163 -1 0
206 163 -1 0
393 162 -1 0
392 162 -1 0
391 162 -1 0
390 162 -1 0
389 162 -1 0
388 162 -1 0
387 162 -1 0
386 162 -1 0
385 162 -1 0
384 162 -1 0
383 162 -1 0
342 162 -1 1
341 162 -1 1
340 162 -1 1
339 162 -1 1
338 162 -1 1
337 162 -1 1
336 162 -1 1
335 162 -1 1
334 162 -1 1
333 162 -1 1
332 162 -1 1
331 162 -1 1
330 162 -1 1
214 162 -1 0
213 162 -1 0
212 162 -1 0
211 162 -1 0
210 162 -1 0
209 162 -1 0
208 162 -1 0
207 162 -1 0
206 162 -1 0
392 161 -1 0
391 161 -1 0
390 161 -1 0
389 161 -1 0
388 161 -1 0
387 161 -1 0
386 161 -1 0
385 161 -1 0
384 161 -1 0
383 161 -1 0
342 161 -1 1
341 161 -1 1
340 161 -1 1
339 161 -1 1
338 161 -1 1
337 161 -1 1
336 161 -1 1
335 161 -1 1
334 161 -1 1
333 161 -1 1
332 161 -1 1
331 161 -1 1
330 161 -1 1
329 161 -1 1
215 161 -1 0
214 161 -1 0
213 161 -1 0
212 161 -1 0
211 161 -1 0
210 161 -1 0
209 161 -1 0
208 161 -1 0
207 161 -1 0
206 161 -1 0
205 161 -1 0
392 160 -1 0
391 160 -1 0
390 160 -1 0
389 160 -1 0
388 160 -1 0
387 160 -1 0
386 160 -1 0
385 160 -1 0
384 160 -1 0
383 160 -1 0
341 160 -1 1
340 160 -1 1
339 160 -1 1
338 160 -1 1
337 160 -1 1
336 160 -1 1
335 160 -1 1
334 160 -1 1
333 160 -1 1
332 160 -1 1
331 160 -1 1
330 160 -1 1
329 160 -1 1
328 160 -1 1
214 160 -1 0
213 160 -1 0
212 160 -1 0
211 160 -1 0
210 160 -1 0
209 160 -1 0
208 160 -1 0
207 160 -1 0
206 160 -1 0
392 159 -1 0
391 159 -1 0
390 159 -1 0
389 159 -1 0
388 159 -1 0
387 159 -1 0
386 159 -1 0
385 159 -1 0
384 159 -1 0
383 159 -1 0
382 159 -1 0
341 159 -1 1
340 159 -1 1
339 159 -1 1
338 159 -1 1
337 159 -1 1
336 159 -1 1
335 159 -1 1
334 159 -1 1
333 159 -1 1
332 159 -1 1
331 159 -1 1
330 159 -1 1
329 159 -1 1
328 159 -1 1
214 159 -1 0
213 159 -1 0
212 159 -1 0
211 159 -1 0
210 159 -1 0
209 159 -1 0
208 159 -1 0
207 159 -1 0
206 159 -1 0
392 158 -1 0
391 158 -1 0
390 158 -1 0
389 158 -1 0
388 158 -1 0
387 158 -1 0
386 158 -1 0
385 158 -1 0
384 158 -1 0
383 158 -1 0
382 158 -1 0
341 158 -1 1
340 158 -1 1
339 158 -1 1
338 158 -1 1
337 158 -1 1
336 158 -1 1
335 158 -1 1
334 158 -1 1
333 158 -1 1
332 158 -1 1
331 158 -1 1
330 158 -1 1
329 158 -1 1
328 158 -1 1
327 158 -1 1
214 158 -1 0
213 158 -1 0
212 158 -1 0
211 158 -1 0
210 158 -1 0
209 158 -1 0
208 158 -1 0
207 158 -1 0
206 158 -1 0
392 157 -1 0
391 157 -1 0
390 157 -1 0
389 157 -1 0
388 157 -1 0
387 157 -1 0
386 157 -1 0
385 157 -1 0
384 157 -1 0
383 157 -1 0
382 157 -1 0
340 157 -1 1
339 157 -1 1
338 157 -1 1
337 157 -1 1
336 157 -1 1
335 157 -1 1
334 157 -1 1
333 157 -1 1
332 157 -1 1
331 157 -1 1
330 157 -1 1
329 157 -1 1
328 157 -1 1
327 157 -1 1
213 157 -1 0
212 157 -1 0
211 157 -1 0
210 157 -1 0
209 157 -1 0
208 157 -1 0
207 157 -1 0
391 156 -1 0
390 156 -1 0
389 156 -1 0
388 156 -1 0
387 156 -1 0
386 156 -1 0
385 156 -1 0
384 156 -1 0
383 156 -1 0
339 156 -1 1
338 156 -1 1
337 156 -1 1
336 156 -1 1
335 156 -1 1
334 156 -1 1
333 156 -1 1
332 156 -1 1
331 156 -1 1
330 156 -1 1
329 156 -1 1
328 156 -1 1
327 156 -1 1
326 156 -1 1
215 156 -1 0
214 156 -1 0
213 156 -1 0
212 156 -1 0
211 156 -1 0
210 156 -1 0
209 156 -1 0
392 155 -1 0
391 155 -1 0
390 155 -1 0
389 155 -1 0
388 155 -1 0
387 155 -1 0
386 155 -1 0
385 155 -1 0
384 155 -1 0
383 155 -1 0
382 155 -1 0
337 155 -1 1
336 155 -1 1
335 155 -1 1
334 155 -1 1
333 155 -1 1
332 155 -1 1
331 155 -1 1
330 155 -1 1
329 155 -1 1
328 155 -1 1
327 155 -1 1
326 155 -1 1
325 155 -1 1
216 155 -1 0
215 155 -1 0
214 155 -1 0
213 155 -1 0
212 155 -1 0
211 155 -1 0
210 155 -1 0
209 155 -1 0
208 155 -1 0
391 154 -1 0
390 154 -1 0
389 154 -1 0
388 154 -1 0
387 154 -1 0
386 154 -1 0
385 154 -1 0
384 154 -1 0
383 154 -1 0
336 154 -1 1
335 154 -1 1
334 154 -1 1
333 154 -1 1
332 154 -1 1
331 154 -1 1
330 154 -1 1
329 154 -1 1
328 154 -1 1
327 154 -1 1
326 154 -1 1
325 154 -1 1
216 154 -1 0
215 154 -1 0
214 154 -1 0
213 154 -1 0
212 154 -1 0
211 154 -1 0
210 154 -1 0
209 154 -1 0
208 154 -1 0
392 153 -1 0
391 153 -1 0
390 153 -1 0
389 153 -1 0
388 153 -1 0
387 153 -1 0
386 153 -1 0
385 153 -1 0
384 153 -1 0
383 153 -1 0
382 153 -1 0
336 153 -1 1
335 153 -1 1
334 153 -1 1
333 153 -1 1
332 153 -1 1
331 153 -1 1
330 153 -1 1
329 153 -1 1
328 153 -1 1
327 153 -1 1
326 153 -1 1
325 153 -1 1
324 153 -1 1
216 153 -1 0
215 153 -1 0
214 153 -1 0
213 153 -1 0
212 153 -1 0
211 153 -1 0
210 153 -1 0
209 153 -1 0
208 153 -1 0
391 152 -1 0
390 152 -1 0
389 152 -1 0
388 152 -1 0
387 152 -1 0
386 152 -1 0
385 152 -1 0
384 152 -1 0
383 152 -1 0
335 152 -1 1
334 152 -1 1
333 152 -1 1
332 152 -1 1
331 152 -1 1
330 152 -1 1
329 152 -1 1
328 152 -1 1
327 152 -1 1
326 152 -1 1
325 152 -1 1
324 152 -1 1
217 152 -1 0
216 152 -1 0
215 152 -1 0
214 152 -1 0
213 152 -1 0
212 152 -1 0
211 152 -1 0
210 152 -1 0
209 152 -1 0
208 152 -1 0
207 152 -1 0
391 151 -1 0
390 151 -1 0
389 151 -1 0
388 151 -1 0
387 151 -1 0
386 151 -1 0
385 151 -1 0
384 151 -1 0
383 151 -1 0
335 151 -1 1
334 151 -1 1
333 151 -1 1
332 151 -1 1
331 151 -1 1
330 151 -1 1
329 151 -1 1
328 151 -1 1
327 151 -1 1
326 151 -1 1
325 151 -1 1
324 151 -1 1
323 151 -1 1
216 151 -1 0
215 151 -1 0
214 151 -1 0
213 151 -1 0
212 151 -1 0
211 151 -1 0
210 151 -1 0
209 151 -1 0
208 151 -1 0
392 150 -1 0
391 150 -1 0
390 150 -1 0
389 150 -1 0
388 150 -1 0
387 150 -1 0
386 150 -1 0
385 150 -1 0
384 150 -1 0
383 150 -1 0
382 150 -1 0
335 150 -1 1
334 150 -1 1
333 150 -1 1
332 150 -1 1
331 150 -1 1
330 150 -1 1
329 150 -1 1
328 150 -1 1
327 150 -1 1
326 150 -1 1
325 150 -1 1
324 150 -1 1
323 150 -1 1
216 150 -1 0
215 150 -1 0
214 150 -1 0
213 150 -1 0
212 150 -1 0
211 150 -1 0
210 150 -1 0
209 150 -1 0
208 150 -1 0
391 149 -1 0
390 149 -1 0
389 149 -1 0
388 149 -1 0
387 149 -1 0
386 149 -1 0
385 149 -1 0
384 149 -1 0
383 149 -1 0
334 149 -1 1
333 149 -1 1
332 149 -1 1
331 149 -1 1
330 149 -1 1
329 149 -1 1
328 149 -1 1
327 149 -1 1
326 149 -1 1
325 149 -1 1
324 149 -1 1
323 149 -1 1
322 149 -1 1
216 149 -1 0
215 149 -1 0
214 149 -1 0
213 149 -1 0
212 149 -1 0
211 149 -1 0
210 149 -1 0
209 149 -1 0
208 149 -1 0
391 148 -1 0
390 148 -1 0
389 148 -1 0
388 148 -1 0
387 148 -1 0
386 148 -1 0
385 148 -1 0
384 148 -1 0
383 148 -1 0
332 148 -1 1
331 148 -1 1
330 148 -1 1
329 148 -1 1
328 148 -1 1
327 148 -1 1
326 148 -1 1
325 148 -1 1
324 148 -1 1
323 148 -1 1
322 148 -1 1
321 148 -1 1
217 148 -1 0
216 148 -1 0
215 148 -1 0
214 148 -1 0
213 148 -1 0
212 148 -1 0
211 148 -1 0
210 148 -1 0
209 148 -1 0
391 147 -1 0
390 147 -1 0
389 147 -1 0
388 147 -1 0
387 147 -1 0
386 147 -1 0
385 147 -1 0
384 147 -1 0
383 147 -1 0
332 147 -1 1
331 147 -1 1
330 147 -1 1
329 147 -1 1
328 147 -1 1
327 147 -1 1
326 147 -1 1
325 147 -1 1
324 147 -1 1
323 147 -1 1
322 147 -1 1
321 147 -1 1
218 147 -1 0
217 147 -1 0
216 147 -1 0
215 147 -1 0
214 147 -1 0
213 147 -1 0
212 147 -1 0
211 147 -1 0
210 147 -1 0
392 146 -1 0
391 146 -1 0
390 146 -1 0
389 146 -1 0
388 146 -1 0
387 146 -1 0
386 146 -1 0
385 146 -1 0
384 146 -1 0
383 146 -1 0
382 146 -1 0
331 146 -1 1
330 146 -1 1
329 146 -1 1
328 146 -1 1
327 146 -1 1
326 146 -1 1
325 146 -1 1
324 146 -1 1
323 146 -1 1
322 146 -1 1
321 146 -1 1
320 146 -1 1
218 146 -1 0
217 146 -1 0
216 146 -1 0
215 146 -1 0
214 146 -1 0
213 146 -1 0
212 146 -1 0
211 146 -1 0
210 146 -1 0
391 145 -1 0
390 145 -1 0
389 145 -1 0
388 145 -1 0
387 145 -1 0
386 145 -1 0
385 145 -1 0
384 145 -1 0
383 145 -1 0
331 145 -1 1
330 145 -1 1
329 145 -1 1
328 145 -1 1
327 145 -1 1
326 145 -1 1
325 145 -1 1
324 145 -1 1
323 145 -1 1
322 145 -1 1
321 145 -1 1
320 145 -1 1
218 145 -1 0
217 145 -1 0
216 145 -1 0
215 145 -1 0
214 145 -1 0
213 145 -1 0
212 145 -1 0
211 145 -1 0
210 145 -1 0
391 144 -1 0
390 144 -1 0
389 144 -1 0
388 144 -1 0
387 144 -1 0
386 144 -1 0
385 144 -1 0
384 144 -1 0
383 144 -1 0
331 144 -1 1
330 144 -1 1
329 144 -1 1
328 144 -1 1
327 144 -1 1
326 144 -1 1
325 144 -1 1
324 144 -1 1
323 144 -1 1
322 144 -1 1
321 144 -1 1
320 144 -1 1
319 144 -1 1
219 144 -1 0
218 144 -1 0
217 144 -1 0
216 144 -1 0
215 144 -1 0
214 144 -1 0
213 144 -1 0
212 144 -1 0
211 144 -1 0
210 144 -1 0
209 144 -1 0
392 143 -1 0
391 143 -1 0
390 143 -1 0
389 143 -1 0
388 143 -1 0
387 143 -1 0
386 143 -1 0
385 143 -1 0
384 143 -1 0
383 143 -1 0
382 143 -1 0
330 143 -1 1
329 143 -1 1
328 143 -1 1
327 143 -1 1
326 143 -1 1
325 143 -1 1
324 143 -1 1
323 143 -1 1
322 143 -1 1
321 143 -1 1
320 143 -1 1
319 143 -1 1
318 143 -1 1
218 143 -1 0
217 143 -1 0
216 143 -1 0
215 143 -1 0
214 143 -1 0
213 143 -1 0
212 143 -1 0
211 143 -1 0
210 143 -1 0
391 142 -1 0
390 142 -1 0
389 142 -1 0
388 142 -1 0
387 142 -1 0
386 142 -1 0
385 142 -1 0
384 142 -1 0
383 142 -1 0
382 142 -1 0
329 142 -1 1
328 142 -1 1
327 142 -1 1
326 142 -1 1
325 142 -1 1
324 142 -1 1
323 142 -1 1
322 142 -1 1
321 142 -1 1
320 142 -1 1
319 142 -1 1
318 142 -1 1
317 142 -1 1
218 142 -1 0
217 142 -1 0
216 142 -1 0
215 142 -1 0
214 142 -1 0
213 142 -1 0
212 142 -1 0
211 142 -1 0
210 142 -1 0
391 141 -1 0
390 141 -1 0
389 141 -1 0
388 141 -1 0
387 141 -1 0
386 141 -1 0
385 141 -1 0
384 141 -1 0
383 141 -1 0
382 141 -1 0
328 141 -1 1
327 141 -1 1
326 141 -1 1
325 141 -1 1
324 141 -1 1
323 141 -1 1
322 141 -1 1
321 141 -1 1
320 141 -1 1
319 141 -1 1
318 141 -1 1
317 141 -1 1
316 141 -1 1
218 141 -1 0
217 141 -1 0
216 141 -1 0
215 141 -1 0
214 141 -1 0
213 141 -1 0
212 141 -1 0
211 141 -1 0
210 141 -1 0
391 140 -1 0
390 140 -1 0
389 140 -1 0
388 140 -1 0
387 140 -1 0
386 140 -1 0
385 140 -1 0
384 140 -1 0
383 140 -1 0
382 140 -1 0
328 140 -1 1
327 140 -1 1
326 140 -1 1
325 140 -1 1
324 140 -1 1
323 140 -1 1
322 140 -1 1
321 140 -1 1
320 140 -1 1
319 140 -1 1
318 140 -1 1
317 140 -1 1
316 140 -1 1
217 140 -1 0
216 140 -1 0
215 140 -1 0
214 140 -1 0
213 140 -1 0
212 140 -1 0
211 140 -1 0
391 139 -1 0
390 139 -1 0
389 139 -1 0
388 139 -1 0
387 139 -1 0
386 139 -1 0
385 139 -1 0
384 139 -1 0
383 139 -1 0
382 139 -1 0
381 139 -1 0
380 139 -1 0
327 139 -1 1
326 139 -1 1
325 139 -1 1
324 139 -1 1
323 139 -1 1
322 139 -1 1
321 139 -1 1
320 139 -1 1
319 139 -1 1
318 139 -1 1
317 139 -1 1
316 139 -1 1
218 139 -1 0
217 139 -1 0
216 139 -1 0
215 139 -1 0
214 139 -1 0
213 139 -1 0
212 139 -1 0
211 139 -1 0
210 139 -1 0
390 138 -1 0
389 138 -1 0
388 138 -1 0
387 138 -1 0
386 138 -1 0
385 138 -1 0
384 138 -1 0
383 138 -1 0
382 138 -1 0
381 138 -1 0
380 138 -1 0
379 138 -1 0
378 138 -1 0
377 138 -1 0
326 138 -1 1
325 138 -1 1
324 138 -1 1
323 138 -1 1
322 138 -1 1
321 138 -1 1
320 138 -1 1
319 138 -1 1
318 138 -1 1
317 138 -1 1
316 138 -1 1
315 138 -1 1
218 138 -1 0
217 138 -1 0
216 138 -1 0
215 138 -1 0
214 138 -1 0
213 138 -1 0
212 138 -1 0
211 138 -1 0
210 138 -1 0
390 137 -1 0
389 137 -1 0
388 137 -1 0
387 137 -1 0
386 137 -1 0
385 137 -1 0
384 137 -1 0
383 137 -1 0
382 137 -1 0
381 137 -1 0
380 137 -1 0
379 137 -1 0
378 137 -1 0
377 137 -1 0
376 137 -1 0
326 137 -1 1
325 137 -1 1
324 137 -1 1
323 137 -1 1
322 137 -1 1
321 137 -1 1
320 137 -1 1
319 137 -1 1
318 137 -1 1
317 137 -1 1
316 137 -1 1
315 137 -1 1
218 137 -1 0
217 137 -1 0
216 137 -1 0
215 137 -1 0
214 137 -1 0
213 137 -1 0
212 137 -1 0
211 137 -1 0
210 137 -1 0
390 136 -1 0
389 136 -1 0
388 136 -1 0
387 136 -1 0
386 136 -1 0
385 136 -1 0
384 136 -1 0
383 136 -1 0
382 136 -1 0
381 136 -1 0
380 136 -1 0
379 136 -1 0
378 136 -1 0
377 136 -1 0
376 136 -1 0
325 136 -1 1
324 136 -1 1
323 136 -1 1
322 136 -1 1
321 136 -1 1
320 136 -1 1
319 136 -1 1
318 136 -1 1
317 136 -1 1
316 136 -1 1
315 136 -1 1
219 136 -1 0
218 136 -1 0
217 136 -1 0
216 136 -1 0
215 136 -1 0
214 136 -1 0
213 136 -1 0
212 136 -1 0
211 136 -1 0
210 136 -1 0
209 136 -1 0
390 135 -1 0
389 135 -1 0
388 135 -1 0
387 135 -1 0
386 135 -1 0
385 135 -1 0
384 135 -1 0
383 135 -1 0
382 135 -1 0
381 135 -1 0
380 135 -1 0
379 135 -1 0
378 135 -1 0
377 135 -1 0
376 135 -1 0
324 135 -1 1
323 135 -1 1
322 135 -1 1
321 135 -1 1
320 135 -1 1
319 135 -1 1
318 135 -1 1
317 135 -1 1
316 135 -1 1
315 135 -1 1
314 135 -1 1
313 135 -1 1
312 135 -1 1
218 135 -1 0
217 135 -1 0
216 135 -1 0
215 135 -1 0
214 135 -1 0
213 135 -1 0
212 135 -1 0
211 135 -1 0
210 135 -1 0
389 134 -1 0
388 134 -1 0
387 134 -1 0
386 134 -1 0
385 134 -1 0
384 134 -1 0
383 134 -1 0
382 134 -1 0
381 134 -1 0
380 134 -1 0
379 134 -1 0
378 134 -1 0
377 134 -1 0
376 134 -1 0
375 134 -1 0
324 134 -1 1
323 134 -1 1
322 134 -1 1
321 134 -1 1
320 134 -1 1
319 134 -1 1
318 134 -1 1
317 134 -1 1
316 134 -1 1
315 134 -1 1
314 134 -1 1
313 134 -1 1
312 134 -1 1
311 134 -1 1
219 134 -1 0
218 134 -1 0
217 134 -1 0
216 134 -1 0
215 134 -1 0
214 134 -1 0
213 134 -1 0
212 134 -1 0
211 134 -1 0
210 134 -1 0
389 133 -1 0
388 133 -1 0
387 133 -1 0
386 133 -1 0
385 133 -1 0
384 133 -1 0
383 133 -1 0
382 133 -1 0
381 133 -1 0
380 133 -1 0
379 133 -1 0
378 133 -1 0
377 133 -1 0
376 133 -1 0
324 133 -1 1
323 133 -1 1
322 133 -1 1
321 133 -1 1
320 133 -1 1
319 133 -1 1
318 133 -1 1
317 133 -1 1
316 133 -1 1
315 133 -1 1
314 133 -1 1
313 133 -1 1
312 133 -1 1
311 133 -1 1
219 133 -1 0
218 133 -1 0
217 133 -1 0
216 133 -1 0
215 133 -1 0
214 133 -1 0
213 133 -1 0
212 133 -1 0
211 133 -1 0
210 133 -1 0
389 132 -1 0
388 132 -1 0
387 132 -1 0
386 132 -1 0
385 132 -1 0
384 132 -1 0
383 132 -1 0
382 132 -1 0
381 132 -1 0
380 132 -1 0
379 132 -1 0
378 132 -1 0
377 132 -1 0
376 132 -1 0
323 132 -1 1
322 132 -1 1
321 132 -1 1
320 132 -1 1
319 132 -1 1
318 132 -1 1
317 132 -1 1
316 132 -1 1
315 132 -1 1
314 132 -1 1
313 132 -1 1
312 132 -1 1
311 132 -1 1
310 132 -1 1
219 132 -1 0
218 132 -1 0
217 132 -1 0
216 132 -1 0
215 132 -1 0
214 132 -1 0
213 132 -1 0
212 132 -1 0
211 132 -1 0
388 131 -1 0
387 131 -1 0
386 131 -1 0
385 131 -1 0
384 131 -1 0
383 131 -1 0
382 131 -1 0
381 131 -1 0
380 131 -1 0
379 131 -1 0
378 131 -1 0
377 131 -1 0
376 131 -1 0
322 131 -1 1
321 131 -1 1
320 131 -1 1
319 131 -1 1
318 131 -1 1
317 131 -1 1
316 131 -1 1
315 131 -1 1
314 131 -1 1
313 131 -1 1
312 131 -1 1
311 131 -1 1
310 131 -1 1
309 131 -1 1
220 131 -1 0
219 131 -1 0
218 131 -1 0
217 131 -1 0
216 131 -1 0
215 131 -1 0
214 131 -1 0
213 131 -1 0
212 131 -1 0
211 131 -1 0
210 131 -1 0
387 130 -1 0
386 130 -1 0
385 130 -1 0
384 130 -1 0
383 130 -1 0
382 130 -1 0
381 130 -1 0
380 130 -1 0
379 130 -1 0
378 130 -1 0
377 130 -1 0
320 130 -1 1
319 130 -1 1
318 130 -1 1
317 130 -1 1
316 130 -1 1
315 130 -1 1
314 130 -1 1
313 130 -1 1
312 130 -1 1
311 130 -1 1
310 130 -1 1
309 130 -1 1
219 130 -1 0
218 130 -1 0
217 130 -1 0
216 130 -1 0
215 130 -1 0
214 130 -1 0
213 130 -1 0
212 130 -1 0
211 130 -1 0
384 129 -1 0
383 129 -1 0
381 129 -1 0
380 129 -1 0
320 129 -1 1
319 129 -1 1
318 129 -1 1
317 129 -1 1
316 129 -1 1
315 129 -1 1
314 129 -1 1
313 129 -1 1
312 129 -1 1
311 129 -1 1
310 129 -1 1
309 129 -1 1
308 129 -1 1
219 129 -1 0
218 129 -1 0
217 129 -1 0
216 129 -1 0
215 129 -1 0
214 129 -1 0
213 129 -1 0
212 129 -1 0
211 129 -1 0
320 128 -1 1
319 128 -1 1
318 128 -1 1
317 128 -1 1
316 128 -1 1
315 128 -1 1
314 128 -1 1
313 128 -1 1
312 128 -1 1
311 128 -1 1
310 128 -1 1
309 128 -1 1
308 128 -1 1
219 128 -1 0
218 128 -1 0
217 128 -1 0
216 128 -1 0
215 128 -1 0
214 128 -1 0
213 128 -1 0
212 128 -1 0
211 128 -1 0
210 128 -1 0
209 128 -1 0
319 127 -1 1
318 127 -1 1
317 127 -1 1
316 127 -1 1
315 127 -1 1
314 127 -1 1
313 127 -1 1
312 127 -1 1
311 127 -1 1
310 127 -1 1
309 127 -1 1
308 127 -1 1
218 127 -1 0
217 127 -1 0
216 127 -1 0
215 127 -1 0
214 127 -1 0
213 127 -1 0
212 127 -1 0
211 127 -1 0
210 127 -1 0
209 127 -1 0
208 127 -1 0
319 126 -1 1
318 126 -1 1
317 126 -1 1
316 126 -1 1
315 126 -1 1
314 126 -1 1
313 126 -1 1
312 126 -1 1
311 126 -1 1
310 126 -1 1
309 126 -1 1
308 126 -1 1
307 126 -1 1
216 126 -1 0
215 126 -1 0
214 126 -1 0
213 126 -1 0
212 126 -1 0
211 126 -1 0
210 126 -1 0
209 126 -1 0
208 126 -1 0
318 125 -1 1
317 125 -1 1
316 125 -1 1
315 125 -1 1
314 125 -1 1
313 125 -1 1
312 125 -1 1
311 125 -1 1
310 125 -1 1
309 125 -1 1
308 125 -1 1
307 125 -1 1
216 125 -1 0
215 125 -1 0
214 125 -1 0
213 125 -1 0
212 125 -1 0
211 125 -1 0
210 125 -1 0
209 125 -1 0
208 125 -1 0
316 124 -1 1
315 124 -1 1
314 124 -1 1
313 124 -1 1
312 124 -1 1
311 124 -1 1
310 124 -1 1
309 124 -1 1
308 124 -1 1
307 124 -1 1
306 124 -1 1
219 124 -1 0
218 124 -1 0
217 124 -1 0
216 124 -1 0
215 124 -1 0
214 124 -1 0
213 124 -1 0
212 124 -1 0
211 124 -1 0
210 124 -1 0
209 124 -1 0
208 124 -1 0
207 124 -1 0
316 123 -1 1
315 123 -1 1
314 123 -1 1
313 123 -1 1
312 123 -1 1
311 123 -1 1
310 123 -1 1
309 123 -1 1
308 123 -1 1
307 123 -1 1
306 123 -1 1
305 123 -1 1
220 123 -1 0
219 123 -1 0
218 123 -1 0
217 123 -1 0
216 123 -1 0
215 123 -1 0
214 123 -1 0
213 123 -1 0
212 123 -1 0
211 123 -1 0
210 123 -1 0
209 123 -1 0
208 123 -1 0
315 122 -1 1
314 122 -1 1
313 122 -1 1
312 122 -1 1
311 122 -1 1
310 122 -1 1
309 122 -1 1
308 122 -1 1
307 122 -1 1
306 122 -1 1
305 122 -1 1
303 122 -1 1
220 122 -1 0
219 122 -1 0
218 122 -1 0
217 122 -1 0
216 122 -1 0
215 122 -1 0
214 122 -1 0
213 122 -1 0
212 122 -1 0
211 122 -1 0
210 122 -1 0
209 122 -1 0
208 122 -1 0
315 121 -1 1
314 121 -1 1
313 121 -1 1
312 121 -1 1
311 121 -1 1
310 121 -1 1
309 121 -1 1
308 121 -1 1
307 121 -1 1
306 121 -1 1
305 121 -1 1
304 121 -1 1
303 121 -1 1
302 121 -1 1
301 121 -1 1
300 121 -1 1
220 121 -1 0
219 121 -1 0
218 121 -1 0
217 121 -1 0
216 121 -1 0
215 121 -1 0
214 121 -1 0
213 121 -1 0
212 121 -1 0
211 121 -1 0
210 121 -1 0
209 121 -1 0
208 121 -1 0
315 120 -1 1
314 120 -1 1
313 120 -1 1
312 120 -1 1
311 120 -1 1
310 120 -1 1
309 120 -1 1
308 120 -1 1
307 120 -1 1
306 120 -1 1
305 120 -1 1
304 120 -1 1
303 120 -1 1
302 120 -1 1
301 120 -1 1
300 120 -1 1
299 120 -1 1
221 120 -1 0
220 120 -1 0
219 120 -1 0
218 120 -1 0
217 120 -1 0
216 120 -1 0
215 120 -1 0
214 120 -1 0
213 120 -1 0
212 120 -1 0
211 120 -1 0
210 120 -1 0
209 120 -1 0
314 119 -1 1
313 119 -1 1
312 119 -1 1
311 119 -1 1
310 119 -1 1
309 119 -1 1
308 119 -1 1
307 119 -1 1
306 119 -1 1
305 119 -1 1
304 119 -1 1
303 119 -1 1
302 119 -1 1
301 119 -1 1
300 119 -1 1
299 119 -1 1
220 119 -1 0
219 119 -1 0
218 119 -1 0
217 119 -1 0
216 119 -1 0
215 119 -1 0
214 119 -1 0
213 119 -1 0
212 119 -1 0
314 118 -1 1
313 118 -1 1
312 118 -1 1
311 118 -1 1
310 118 -1 1
309 118 -1 1
308 118 -1 1
307 118 -1 1
306 118 -1 1
305 118 -1 1
304 118 -1 1
303 118 -1 1
302 118 -1 1
301 118 -1 1
300 118 -1 1
299 118 -1 1
220 118 -1 0
219 118 -1 0
218 118 -1 0
217 118 -1 0
216 118 -1 0
215 118 -1 0
214 118 -1 0
213 118 -1 0
212 118 -1 0
313 117 -1 1
312 117 -1 1
311 117 -1 1
310 117 -1 1
309 117 -1 1
308 117 -1 1
307 117 -1 1
306 117 -1 1
305 117 -1 1
304 117 -1 1
303 117 -1 1
302 117 -1 1
301 117 -1 1
300 117 -1 1
299 117 -1 1
298 117 -1 1
220 117 -1 0
219 117 -1 0
218 117 -1 0
217 117 -1 0
216 117 -1 0
215 117 -1 0
214 117 -1 0
213 117 -1 0
212 117 -1 0
312 116 -1 1
311 116 -1 1
310 116 -1 1
309 116 -1 1
308 116 -1 1
307 116 -1 1
306 116 -1 1
305 116 -1 1
304 116 -1 1
303 116 -1 1
302 116 -1 1
301 116 -1 1
300 116 -1 1
299 116 -1 1
222 116 -1 0
221 116 -1 0
220 116 -1 0
219 116 -1 0
218 116 -1 0
217 116 -1 0
216 116 -1 0
215 116 -1 0
214 116 -1 0
213 116 -1 0
312 115 -1 1
311 115 -1 1
310 115 -1 1
309 115 -1 1
308 115 -1 1
307 115 -1 1
306 115 -1 1
305 115 -1 1
304 115 -1 1
303 115 -1 1
302 115 -1 1
301 115 -1 1
300 115 -1 1
299 115 -1 1
223 115 -1 0
222 115 -1 0
221 115 -1 0
220 115 -1 0
219 115 -1 0
218 115 -1 0
217 115 -1 0
216 115 -1 0
215 115 -1 0
311 114 -1 1
310 114 -1 1
309 114 -1 1
308 114 -1 1
307 114 -1 1
306 114 -1 1
305 114 -1 1
304 114 -1 1
303 114 -1 1
302 114 -1 1
301 114 -1 1
300 114 -1 1
299 114 -1 1
223 114 -1 0
222 114 -1 0
221 114 -1 0
220 114 -1 0
219 114 -1 0
218 114 -1 0
217 114 -1 0
216 114 -1 0
215 114 -1 0
310 113 -1 1
309 113 -1 1
308 113 -1 1
307 113 -1 1
306 113 -1 1
305 113 -1 1
304 113 -1 1
303 113 -1 1
302 113 -1 1
301 113 -1 1
300 113 -1 1
223 113 -1 0
222 113 -1 0
221 113 -1 0
220 113 -1 0
219 113 -1 0
218 113 -1 0
217 113 -1 0
216 113 -1 0
215 113 -1 0
307 112 -1 1
306 112 -1 1
305 112 -1 1
303 112 -1 1
224 112 -1 0
223 112 -1 0
222 112 -1 0
221 112 -1 0
220 112 -1 0
219 112 -1 0
218 112 -1 0
217 112 -1 0
216 112 -1 0
215 112 -1 0
214 112 -1 0
223 111 -1 0
222 111 -1 0
221 111 -1 0
220 111 -1 0
219 111 -1 0
218 111 -1 0
217 111 -1 0
216 111 -1 0
215 111 -1 0
223 110 -1 0
222 110 -1 0
221 110 -1 0
220 110 -1 0
219 110 -1 0
218 110 -1 0
217 110 -1 0
216 110 -1 0
215 110 -1 0
224 109 -1 0
223 109 -1 0
222 109 -1 0
221 109 -1 0
220 109 -1 0
219 109 -1 0
218 109 -1 0
217 109 -1 0
216 109 -1 0
215 109 -1 0
224 108 -1 0
223 108 -1 0
222 108 -1 0
221 108 -1 0
220 108 -1 0
219 108 -1 0
218 108 -1 0
217 108 -1 0
216 108 -1 0
224 107 -1 0
223 107 -1 0
222 107 -1 0
221 107 -1 0
220 107 -1 0
219 107 -1 0
218 107 -1 0
217 107 -1 0
216 107 -1 0
225 106 -1 0
224 106 -1 0
223 106 -1 0
222 106 -1 0
221 106 -1 0
220 106 -1 0
219 106 -1 0
218 106 -1 0
217 106 -1 0
216 106 -1 0
215 106 -1 0
224 105 -1 0
223 105 -1 0
222 105 -1 0
221 105 -1 0
220 105 -1 0
219 105 -1 0
218 105 -1 0
217 105 -1 0
216 105 -1 0
224 104 -1 0
223 104 -1 0
222 104 -1 0
221 104 -1 0
220 104 -1 0
219 104 -1 0
218 104 -1 0
217 104 -1 0
216 104 -1 0
225 103 -1 0
224 103 -1 0
223 103 -1 0
222 103 -1 0
221 103 -1 0
220 103 -1 0
219 103 -1 0
218 103 -1 0
217 103 -1 0
216 103 -1 0
226 102 -1 0
225 102 -1 0
224 102 -1 0
223 102 -1 0
222 102 -1 0
221 102 -1 0
220 102 -1 0
219 102 -1 0
218 102 -1 0
217 102 -1 0
226 101 -1 0
225 101 -1 0
224 101 -1 0
223 101 -1 0
222 101 -1 0
221 101 -1 0
220 101 -1 0
219 101 -1 0
218 101 -1 0
226 100 -1 0
225 100 -1 0
224 100 -1 0
223 100 -1 0
222 100 -1 0
221 100 -1 0
220 100 -1 0
219 100 -1 0
218 100 -1 0
227 99 -1 0
226 99 -1 0
225 99 -1 0
224 99 -1 0
223 99 -1 0
222 99 -1 0
221 99 -1 0
220 99 -1 0
219 99 -1 0
218 99 -1 0
217 99 -1 0
227 98 -1 0
226 98 -1 0
225 98 -1 0
224 98 -1 0
223 98 -1 0
222 98 -1 0
221 98 -1 0
220 98 -1 0
219 98 -1 0
218 98 -1 0
227 97 -1 0
226 97 -1 0
225 97 -1 0
224 97 -1 0
223 97 -1 0
222 97 -1 0
221 97 -1 0
220 97 -1 0
219 97 -1 0
218 97 -1 0
227 96 -1 0
226 96 -1 0
225 96 -1 0
224 96 -1 0
223 96 -1 0
222 96 -1 0
221 96 -1 0
220 96 -1 0
219 96 -1 0
218 96 -1 0
228 95 -1 0
227 95 -1 0
226 95 -1 0
225 95 -1 0
224 95 -1 0
223 95 -1 0
222 95 -1 0
221 95 -1 0
220 95 -1 0
219 95 -1 0
218 95 -1 0
227 94 -1 0
226 94 -1 0
225 94 -1 0
224 94 -1 0
223 94 -1 0
222 94 -1 0
221 94 -1 0
220 94 -1 0
219 94 -1 0
227 93 -1 0
226 93 -1 0
225 93 -1 0
224 93 -1 0
223 93 -1 0
222 93 -1 0
221 93 -1 0
220 93 -1 0
219 93 -1 0
228 92 -1 0
227 92 -1 0
226 92 -1 0
225 92 -1 0
224 92 -1 0
223 92 -1 0
222 92 -1 0
221 92 -1 0
220 92 -1 0
219 92 -1 0
229 91 -1 0
228 91 -1 0
227 91 -1 0
226 91 -1 0
225 91 -1 0
224 91 -1 0
223 91 -1 0
222 91 -1 0
221 91 -1 0
220 91 -1 0
229 90 -1 0
228 90 -1 0
227 90 -1 0
226 90 -1 0
225 90 -1 0
224 90 -1 0
223 90 -1 0
222 90 -1 0
221 90 -1 0
229 89 -1 0
228 89 -1 0
227 89 -1 0
226 89 -1 0
225 89 -1 0
224 89 -1 0
223 89 -1 0
222 89 -1 0
221 89 -1 0
230 88 -1 0
229 88 -1 0
228 88 -1 0
227 88 -1 0
226 88 -1 0
225 88 -1 0
224 88 -1 0
223 88 -1 0
222 88 -1 0
221 88 -1 0
220 88 -1 0
229 87 -1 0
228 87 -1 0
227 87 -1 0
226 87 -1 0
225 87 -1 0
224 87 -1 0
223 87 -1 0
222 87 -1 0
221 87 -1 0
230 86 -1 0
229 86 -1 0
228 86 -1 0
227 86 -1 0
226 86 -1 0
225 86 -1 0
224 86 -1 0
223 86 -1 0
222 86 -1 0
221 86 -1 0
230 85 -1 0
229 85 -1 0
228 85 -1 0
227 85 -1 0
226 85 -1 0
225 85 -1 0
224 85 -1 0
223 85 -1 0
222 85 -1 0
221 85 -1 0
230 84 -1 0
229 84 -1 0
228 84 -1 0
227 84 -1 0
226 84 -1 0
225 84 -1 0
224 84 -1 0
223 84 -1 0
222 84 -1 0
231 83 -1 0
230 83 -1 0
229 83 -1 0
228 83 -1 0
227 83 -1 0
226 83 -1 0
225 83 -1 0
224 83 -1 0
223 83 -1 0
222 83 -1 0
221 83 -1 0
230 82 -1 0
229 82 -1 0
228 82 -1 0
227 82 -1 0
226 82 -1 0
225 82 -1 0
224 82 -1 0
223 82 -1 0
222 82 -1 0
230 81 -1 0
229 81 -1 0
228 81 -1 0
227 81 -1 0
226 81 -1 0
225 81 -1 0
224 81 -1 0
223 81 -1 0
222 81 -1 0
230 80 -1 0
229 80 -1 0
228 80 -1 0
227 80 -1 0
226 80 -1 0
225 80 -1 0
224 80 -1 0
223 80 -1 0
222 80 -1 0
231 79 -1 0
230 79 -1 0
229 79 -1 0
228 79 -1 0
227 79 -1 0
226 79 -1 0
225 79 -1 0
224 79 -1 0
223 79 -1 0
222 79 -1 0
221 79 -1 0
233 78 -1 0
232 78 -1 0
231 78 -1 0
230 78 -1 0
229 78 -1 0
228 78 -1 0
227 78 -1 0
226 78 -1 0
225 78 -1 0
224 78 -1 0
223 78 -1 0
222 78 -1 0
234 77 -1 0
233 77 -1 0
232 77 -1 0
231 77 -1 0
230 77 -1 0
229 77 -1 0
228 77 -1 0
227 77 -1 0
226 77 -1 0
225 77 -1 0
224 77 -1 0
223 77 -1 0
222 77 -1 0
234 76 -1 0
233 76 -1 0
232 76 -1 0
231 76 -1 0
230 76 -1 0
229 76 -1 0
228 76 -1 0
227 76 -1 0
226 76 -1 0
225 76 -1 0
224 76 -1 0
223 76 -1 0
222 76 -1 0
234 75 -1 0
233 75 -1 0
232 75 -1 0
231 75 -1 0
230 75 -1 0
229 75 -1 0
228 75 -1 0
227 75 -1 0
226 75 -1 0
225 75 -1 0
224 75 -1 0
223 75 -1 0
235 74 -1 0
234 74 -1 0
233 74 -1 0
232 74 -1 0
231 74 -1 0
230 74 -1 0
229 74 -1 0
228 74 -1 0
227 74 -1 0
226 74 -1 0
225 74 -1 0
224 74 -1 0
223 74 -1 0
222 74 -1 0
234 73 -1 0
233 73 -1 0
232 73 -1 0
231 73 -1 0
230 73 -1 0
229 73 -1 0
228 73 -1 0
227 73 -1 0
226 73 -1 0
225 73 -1 0
224 73 -1 0
223 73 -1 0
234 72 -1 0
233 72 -1 0
232 72 -1 0
231 72 -1 0
230 72 -1 0
229 72 -1 0
228 72 -1 0
227 72 -1 0
226 72 -1 0
225 72 -1 0
224 72 -1 0
223 72 -1 0
234 71 -1 0
233 71 -1 0
232 71 -1 0
231 71 -1 0
230 71 -1 0
229 71 -1 0
228 71 -1 0
227 71 -1 0
226 71 -1 0
225 71 -1 0
224 71 -1 0
223 71 -1 0
233 70 -1 0
232 70 -1 0
231 70 -1 0
230 70 -1 0
229 70 -1 0
228 70 -1 0
227 70 -1 0
226 70 -1 0
225 70 -1 0
224 70 -1 0
232 69 -1 0
231 69 -1 0
230 69 -1 0
229 69 -1 0
228 69 -1 0
227 69 -1 0
226 69 -1 0
225 69 -1 0
229 68 -1 0
228 68 -1 0
