3208 408 341
220 243 -1 0
219 243 -1 0
218 243 -1 0
214 243 -1 0
212 243 -1 0
211 243 -1 0
223 242 -1 0
222 242 -1 0
221 242 -1 0
220 242 -1 0
219 242 -1 0
218 242 -1 0
217 242 -1 0
216 242 -1 0
215 242 -1 0
214 242 -1 0
213 242 -1 0
212 242 -1 0
211 242 -1 0
210 242 -1 0
209 242 -1 0
208 242 -1 0
224 241 -1 0
223 241 -1 0
222 241 -1 0
221 241 -1 0
220 241 -1 0
219 241 -1 0
218 241 -1 0
217 241 -1 0
216 241 -1 0
215 241 -1 0
214 241 -1 0
213 241 -1 0
212 241 -1 0
211 241 -1 0
210 241 -1 0
209 241 -1 0
208 241 -1 0
207 241 -1 0
224 240 -1 0
223 240 -1 0
222 240 -1 0
221 240 -1 0
220 240 -1 0
219 240 -1 0
218 240 -1 0
217 240 -1 0
216 240 -1 0
215 240 -1 0
214 240 -1 0
213 240 -1 0
212 240 -1 0
211 240 -1 0
210 240 -1 0
209 240 -1 0
208 240 -1 0
207 240 -1 0
224 239 -1 0
223 239 -1 0
222 239 -1 0
221 239 -1 0
220 239 -1 0
219 239 -1 0
218 239 -1 0
217 239 -1 0
216 239 -1 0
215 239 -1 0
214 239 -1 0
213 239 -1 0
212 239 -1 0
211 239 -1 0
210 239 -1 0
209 239 -1 0
208 239 -1 0
207 239 -1 0
206 239 -1 0
205 239 -1 0
225 238 -1 0
224 238 -1 0
223 238 -1 0
222 238 -1 0
221 238 -1 0
220 238 -1 0
219 238 -1 0
218 238 -1 0
217 238 -1 0
216 238 -1 0
215 238 -1 0
214 238 -1 0
213 238 -1 0
212 238 -1 0
211 238 -1 0
210 238 -1 0
209 238 -1 0
208 238 -1 0
207 238 -1 0
206 238 -1 0
205 238 -1 0
204 238 -1 0
203 238 -1 0
224 237 -1 0
223 237 -1 0
222 237 -1 0
221 237 -1 0
220 237 -1 0
219 237 -1 0
218 237 -1 0
217 237 -1 0
216 237 -1 0
215 237 -1 0
214 237 -1 0
213 237 -1 0
212 237 -1 0
211 237 -1 0
210 237 -1 0
209 237 -1 0
208 237 -1 0
207 237 -1 0
206 237 -1 0
205 237 -1 0
204 237 -1 0
203 237 -1 0
202 237 -1 0
224 236 -1 0
223 236 -1 0
222 236 -1 0
221 236 -1 0
220 236 -1 0
219 236 -1 0
218 236 -1 0
217 236 -1 0
216 236 -1 0
215 236 -1 0
214 236 -1 0
213 236 -1 0
212 236 -1 0
211 236 -1 0
210 236 -1 0
209 236 -1 0
208 236 -1 0
207 236 -1 0
206 236 -1 0
205 236 -1 0
204 236 -1 0
203 236 -1 0
202 236 -1 0
201 236 -1 0
200 236 -1 0
224 235 -1 0
223 235 -1 0
222 235 -1 0
221 235 -1 0
220 235 -1 0
219 235 -1 0
218 235 -1 0
217 235 -1 0
216 235 -1 0
215 235 -1 0
214 235 -1 0
213 235 -1 0
212 235 -1 0
211 235 -1 0
210 235 -1 0
209 235 -1 0
208 235 -1 0
207 235 -1 0
206 235 -1 0
205 235 -1 0
204 235 -1 0
203 235 -1 0
202 235 -1 0
201 235 -1 0
200 235 -1 0
199 235 -1 0
198 235 -1 0
223 234 -1 0
222 234 -1 0
221 234 -1 0
220 234 -1 0
219 234 -1 0
218 234 -1 0
217 234 -1 0
216 234 -1 0
215 234 -1 0
214 234 -1 0
213 234 -1 0
212 234 -1 0
211 234 -1 0
210 234 -1 0
209 234 -1 0
208 234 -1 0
207 234 -1 0
206 234 -1 0
205 234 -1 0
204 234 -1 0
203 234 -1 0
202 234 -1 0
201 234 -1 0
200 234 -1 0
199 234 -1 0
198 234 -1 0
197 234 -1 0
220 233 -1 0
219 233 -1 0
218 233 -1 0
214 233 -1 0
212 233 -1 0
211 233 -1 0
210 233 -1 0
209 233 -1 0
208 233 -1 0
207 233 -1 0
206 233 -1 0
205 233 -1 0
204 233 -1 0
203 233 -1 0
202 233 -1 0
201 233 -1 0
200 233 -1 0
199 233 -1 0
198 233 -1 0
197 233 -1 0
196 233 -1 0
195 233 -1 0
194 233 -1 0
212 232 -1 0
211 232 -1 0
210 232 -1 0
209 232 -1 0
208 232 -1 0
207 232 -1 0
206 232 -1 0
205 232 -1 0
204 232 -1 0
203 232 -1 0
202 232 -1 0
201 232 -1 0
200 232 -1 0
199 232 -1 0
198 232 -1 0
197 232 -1 0
196 232 -1 0
195 232 -1 0
194 232 -1 0
193 232 -1 0
191 232 -1 0
190 232 -1 0
189 232 -1 0
211 231 -1 0
210 231 -1 0
209 231 -1 0
208 231 -1 0
207 231 -1 0
206 231 -1 0
205 231 -1 0
204 231 -1 0
203 231 -1 0
202 231 -1 0
201 231 -1 0
200 231 -1 0
199 231 -1 0
198 231 -1 0
197 231 -1 0
196 231 -1 0
195 231 -1 0
194 231 -1 0
193 231 -1 0
192 231 -1 0
191 231 -1 0
190 231 -1 0
189 231 -1 0
188 231 -1 0
187 231 -1 0
186 231 -1 0
209 230 -1 0
208 230 -1 0
207 230 -1 0
206 230 -1 0
205 230 -1 0
204 230 -1 0
203 230 -1 0
202 230 -1 0
201 230 -1 0
200 230 -1 0
199 230 -1 0
198 230 -1 0
197 230 -1 0
196 230 -1 0
195 230 -1 0
194 230 -1 0
193 230 -1 0
192 230 -1 0
191 230 -1 0
190 230 -1 0
189 230 -1 0
188 230 -1 0
187 230 -1 0
186 230 -1 0
185 230 -1 0
184 230 -1 0
207 229 -1 0
206 229 -1 0
205 229 -1 0
204 229 -1 0
203 229 -1 0
202 229 -1 0
201 229 -1 0
200 229 -1 0
199 229 -1 0
198 229 -1 0
197 229 -1 0
196 229 -1 0
195 229 -1 0
194 229 -1 0
193 229 -1 0
192 229 -1 0
191 229 -1 0
190 229 -1 0
189 229 -1 0
188 229 -1 0
187 229 -1 0
186 229 -1 0
185 229 -1 0
184 229 -1 0
183 229 -1 0
182 229 -1 0
181 229 -1 0
206 228 -1 0
205 228 -1 0
204 228 -1 0
203 228 -1 0
202 228 -1 0
201 228 -1 0
200 228 -1 0
199 228 -1 0
198 228 -1 0
197 228 -1 0
196 228 -1 0
195 228 -1 0
194 228 -1 0
193 228 -1 0
192 228 -1 0
191 228 -1 0
190 228 -1 0
189 228 -1 0
188 228 -1 0
187 228 -1 0
186 228 -1 0
185 228 -1 0
184 228 -1 0
183 228 -1 0
182 228 -1 0
181 228 -1 0
180 228 -1 0
179 228 -1 0
178 228 -1 0
177 228 -1 0
204 227 -1 0
203 227 -1 0
202 227 -1 0
201 227 -1 0
200 227 -1 0
199 227 -1 0
198 227 -1 0
197 227 -1 0
196 227 -1 0
195 227 -1 0
194 227 -1 0
193 227 -1 0
192 227 -1 0
191 227 -1 0
190 227 -1 0
189 227 -1 0
188 227 -1 0
187 227 -1 0
186 227 -1 0
185 227 -1 0
184 227 -1 0
183 227 -1 0
182 227 -1 0
181 227 -1 0
180 227 -1 0
179 227 -1 0
178 227 -1 0
177 227 -1 0
176 227 -1 0
175 227 -1 0
174 227 -1 0
201 226 -1 0
200 226 -1 0
199 226 -1 0
198 226 -1 0
197 226 -1 0
196 226 -1 0
195 226 -1 0
194 226 -1 0
193 226 -1 0
192 226 -1 0
191 226 -1 0
190 226 -1 0
189 226 -1 0
188 226 -1 0
187 226 -1 0
186 226 -1 0
185 226 -1 0
184 226 -1 0
183 226 -1 0
182 226 -1 0
181 226 -1 0
180 226 -1 0
179 226 -1 0
178 226 -1 0
177 226 -1 0
176 226 -1 0
175 226 -1 0
174 226 -1 0
173 226 -1 0
172 226 -1 0
171 226 -1 0
200 225 -1 0
199 225 -1 0
198 225 -1 0
197 225 -1 0
196 225 -1 0
195 225 -1 0
194 225 -1 0
193 225 -1 0
192 225 -1 0
191 225 -1 0
190 225 -1 0
189 225 -1 0
188 225 -1 0
187 225 -1 0
186 225 -1 0
185 225 -1 0
184 225 -1 0
183 225 -1 0
182 225 -1 0
181 225 -1 0
180 225 -1 0
179 225 -1 0
178 225 -1 0
177 225 -1 0
176 225 -1 0
175 225 -1 0
174 225 -1 0
173 225 -1 0
172 225 -1 0
171 225 -1 0
170 225 -1 0
169 225 -1 0
197 224 -1 0
196 224 -1 0
195 224 -1 0
194 224 -1 0
193 224 -1 0
192 224 -1 0
191 224 -1 0
190 224 -1 0
189 224 -1 0
188 224 -1 0
187 224 -1 0
186 224 -1 0
185 224 -1 0
184 224 -1 0
183 224 -1 0
182 224 -1 0
181 224 -1 0
180 224 -1 0
179 224 -1 0
178 224 -1 0
177 224 -1 0
176 224 -1 0
175 224 -1 0
174 224 -1 0
173 224 -1 0
172 224 -1 0
171 224 -1 0
170 224 -1 0
169 224 -1 0
168 224 -1 0
166 224 -1 0
196 223 -1 0
195 223 -1 0
194 223 -1 0
193 223 -1 0
192 223 -1 0
191 223 -1 0
190 223 -1 0
189 223 -1 0
188 223 -1 0
187 223 -1 0
186 223 -1 0
185 223 -1 0
184 223 -1 0
183 223 -1 0
182 223 -1 0
181 223 -1 0
180 223 -1 0
179 223 -1 0
178 223 -1 0
177 223 -1 0
176 223 -1 0
175 223 -1 0
174 223 -1 0
173 223 -1 0
172 223 -1 0
171 223 -1 0
170 223 -1 0
169 223 -1 0
168 223 -1 0
167 223 -1 0
166 223 -1 0
165 223 -1 0
164 223 -1 0
163 223 -1 0
162 223 -1 0
193 222 -1 0
191 222 -1 0
190 222 -1 0
189 222 -1 0
188 222 -1 0
187 222 -1 0
186 222 -1 0
185 222 -1 0
184 222 -1 0
183 222 -1 0
182 222 -1 0
181 222 -1 0
180 222 -1 0
179 222 -1 0
178 222 -1 0
177 222 -1 0
176 222 -1 0
175 222 -1 0
174 222 -1 0
173 222 -1 0
172 222 -1 0
171 222 -1 0
170 222 -1 0
169 222 -1 0
168 222 -1 0
167 222 -1 0
166 222 -1 0
165 222 -1 0
164 222 -1 0
163 222 -1 0
162 222 -1 0
161 222 -1 0
160 222 -1 0
159 222 -1 0
188 221 -1 0
187 221 -1 0
186 221 -1 0
185 221 -1 0
184 221 -1 0
183 221 -1 0
182 221 -1 0
181 221 -1 0
180 221 -1 0
179 221 -1 0
178 221 -1 0
177 221 -1 0
176 221 -1 0
175 221 -1 0
174 221 -1 0
173 221 -1 0
172 221 -1 0
171 221 -1 0
170 221 -1 0
169 221 -1 0
168 221 -1 0
167 221 -1 0
166 221 -1 0
165 221 -1 0
164 221 -1 0
163 221 -1 0
162 221 -1 0
161 221 -1 0
160 221 -1 0
159 221 -1 0
158 221 -1 0
186 220 -1 0
185 220 -1 0
184 220 -1 0
183 220 -1 0
182 220 -1 0
181 220 -1 0
180 220 -1 0
179 220 -1 0
178 220 -1 0
177 220 -1 0
176 220 -1 0
175 220 -1 0
174 220 -1 0
173 220 -1 0
172 220 -1 0
171 220 -1 0
170 220 -1 0
169 220 -1 0
168 220 -1 0
167 220 -1 0
166 220 -1 0
165 220 -1 0
164 220 -1 0
163 220 -1 0
162 220 -1 0
161 220 -1 0
160 220 -1 0
159 220 -1 0
158 220 -1 0
157 220 -1 0
156 220 -1 0
183 219 -1 0
182 219 -1 0
181 219 -1 0
180 219 -1 0
179 219 -1 0
178 219 -1 0
177 219 -1 0
176 219 -1 0
175 219 -1 0
174 219 -1 0
173 219 -1 0
172 219 -1 0
171 219 -1 0
170 219 -1 0
169 219 -1 0
168 219 -1 0
167 219 -1 0
166 219 -1 0
165 219 -1 0
164 219 -1 0
163 219 -1 0
162 219 -1 0
161 219 -1 0
160 219 -1 0
159 219 -1 0
158 219 -1 0
157 219 -1 0
156 219 -1 0
155 219 -1 0
177 218 -1 0
176 218 -1 0
175 218 -1 0
174 218 -1 0
173 218 -1 0
172 218 -1 0
171 218 -1 0
170 218 -1 0
169 218 -1 0
168 218 -1 0
167 218 -1 0
166 218 -1 0
165 218 -1 0
164 218 -1 0
163 218 -1 0
162 218 -1 0
161 218 -1 0
160 218 -1 0
159 218 -1 0
158 218 -1 0
157 218 -1 0
156 218 -1 0
155 218 -1 0
154 218 -1 0
175 217 -1 0
174 217 -1 0
173 217 -1 0
172 217 -1 0
171 217 -1 0
170 217 -1 0
169 217 -1 0
168 217 -1 0
167 217 -1 0
166 217 -1 0
165 217 -1 0
164 217 -1 0
163 217 -1 0
162 217 -1 0
161 217 -1 0
160 217 -1 0
159 217 -1 0
158 217 -1 0
157 217 -1 0
156 217 -1 0
155 217 -1 0
154 217 -1 0
153 217 -1 0
152 217 -1 0
172 216 -1 0
170 216 -1 0
169 216 -1 0
168 216 -1 0
167 216 -1 0
166 216 -1 0
165 216 -1 0
164 216 -1 0
163 216 -1 0
162 216 -1 0
161 216 -1 0
160 216 -1 0
159 216 -1 0
158 216 -1 0
157 216 -1 0
156 216 -1 0
155 216 -1 0
154 216 -1 0
153 216 -1 0
152 216 -1 0
151 216 -1 0
169 215 -1 0
168 215 -1 0
167 215 -1 0
166 215 -1 0
165 215 -1 0
164 215 -1 0
163 215 -1 0
162 215 -1 0
161 215 -1 0
160 215 -1 0
159 215 -1 0
158 215 -1 0
157 215 -1 0
156 215 -1 0
155 215 -1 0
154 215 -1 0
153 215 -1 0
152 215 -1 0
151 215 -1 0
150 215 -1 0
149 215 -1 0
166 214 -1 0
165 214 -1 0
164 214 -1 0
163 214 -1 0
162 214 -1 0
161 214 -1 0
160 214 -1 0
159 214 -1 0
158 214 -1 0
157 214 -1 0
156 214 -1 0
155 214 -1 0
154 214 -1 0
153 214 -1 0
152 214 -1 0
151 214 -1 0
150 214 -1 0
149 214 -1 0
148 214 -1 0
163 213 -1 0
162 213 -1 0
161 213 -1 0
160 213 -1 0
159 213 -1 0
158 213 -1 0
157 213 -1 0
156 213 -1 0
155 213 -1 0
154 213 -1 0
153 213 -1 0
152 213 -1 0
151 213 -1 0
150 213 -1 0
149 213 -1 0
148 213 -1 0
147 213 -1 0
146 213 -1 0
145 213 -1 0
162 212 -1 0
161 212 -1 0
160 212 -1 0
159 212 -1 0
158 212 -1 0
157 212 -1 0
156 212 -1 0
155 212 -1 0
154 212 -1 0
153 212 -1 0
152 212 -1 0
151 212 -1 0
150 212 -1 0
149 212 -1 0
148 212 -1 0
147 212 -1 0
146 212 -1 0
145 212 -1 0
144 212 -1 0
161 211 -1 0
160 211 -1 0
159 211 -1 0
158 211 -1 0
157 211 -1 0
156 211 -1 0
155 211 -1 0
154 211 -1 0
153 211 -1 0
152 211 -1 0
151 211 -1 0
150 211 -1 0
149 211 -1 0
148 211 -1 0
147 211 -1 0
146 211 -1 0
145 211 -1 0
144 211 -1 0
143 211 -1 0
160 210 -1 0
159 210 -1 0
158 210 -1 0
157 210 -1 0
156 210 -1 0
155 210 -1 0
154 210 -1 0
153 210 -1 0
152 210 -1 0
151 210 -1 0
150 210 -1 0
149 210 -1 0
148 210 -1 0
147 210 -1 0
146 210 -1 0
145 210 -1 0
144 210 -1 0
143 210 -1 0
142 210 -1 0
158 209 -1 0
157 209 -1 0
156 209 -1 0
155 209 -1 0
154 209 -1 0
153 209 -1 0
152 209 -1 0
151 209 -1 0
150 209 -1 0
149 209 -1 0
148 209 -1 0
147 209 -1 0
146 209 -1 0
145 209 -1 0
144 209 -1 0
143 209 -1 0
142 209 -1 0
141 209 -1 0
140 209 -1 0
139 209 -1 0
156 208 -1 0
155 208 -1 0
154 208 -1 0
153 208 -1 0
152 208 -1 0
151 208 -1 0
150 208 -1 0
149 208 -1 0
148 208 -1 0
147 208 -1 0
146 208 -1 0
145 208 -1 0
144 208 -1 0
143 208 -1 0
142 208 -1 0
141 208 -1 0
140 208 -1 0
139 208 -1 0
138 208 -1 0
155 207 -1 0
154 207 -1 0
153 207 -1 0
152 207 -1 0
151 207 -1 0
150 207 -1 0
149 207 -1 0
148 207 -1 0
147 207 -1 0
146 207 -1 0
145 207 -1 0
144 207 -1 0
143 207 -1 0
142 207 -1 0
141 207 -1 0
140 207 -1 0
139 207 -1 0
138 207 -1 0
152 206 -1 0
151 206 -1 0
150 206 -1 0
149 206 -1 0
148 206 -1 0
147 206 -1 0
146 206 -1 0
145 206 -1 0
144 206 -1 0
143 206 -1 0
142 206 -1 0
141 206 -1 0
140 206 -1 0
139 206 -1 0
138 206 -1 0
137 206 -1 0
151 205 -1 0
150 205 -1 0
149 205 -1 0
148 205 -1 0
147 205 -1 0
146 205 -1 0
145 205 -1 0
144 205 -1 0
143 205 -1 0
142 205 -1 0
141 205 -1 0
140 205 -1 0
139 205 -1 0
138 205 -1 0
137 205 -1 0
150 204 -1 0
149 204 -1 0
148 204 -1 0
147 204 -1 0
146 204 -1 0
145 204 -1 0
144 204 -1 0
143 204 -1 0
142 204 -1 0
141 204 -1 0
140 204 -1 0
139 204 -1 0
138 204 -1 0
137 204 -1 0
149 203 -1 0
148 203 -1 0
147 203 -1 0
146 203 -1 0
145 203 -1 0
144 203 -1 0
143 203 -1 0
142 203 -1 0
141 203 -1 0
140 203 -1 0
139 203 -1 0
138 203 -1 0
137 203 -1 0
136 203 -1 0
135 203 -1 0
146 202 -1 0
145 202 -1 0
144 202 -1 0
143 202 -1 0
142 202 -1 0
141 202 -1 0
140 202 -1 0
139 202 -1 0
138 202 -1 0
137 202 -1 0
136 202 -1 0
135 202 -1 0
134 202 -1 0
145 201 -1 0
144 201 -1 0
143 201 -1 0
142 201 -1 0
141 201 -1 0
140 201 -1 0
139 201 -1 0
138 201 -1 0
137 201 -1 0
136 201 -1 0
135 201 -1 0
134 201 -1 0
145 200 -1 0
144 200 -1 0
143 200 -1 0
142 200 -1 0
141 200 -1 0
140 200 -1 0
139 200 -1 0
138 200 -1 0
137 200 -1 0
136 200 -1 0
135 200 -1 0
134 200 -1 0
133 200 -1 0
144 199 -1 0
143 199 -1 0
142 199 -1 0
141 199 -1 0
140 199 -1 0
139 199 -1 0
138 199 -1 0
137 199 -1 0
136 199 -1 0
135 199 -1 0
134 199 -1 0
133 199 -1 0
132 199 -1 0
131 199 -1 0
129 199 -1 0
128 199 -1 0
126 199 -1 0
142 198 -1 0
141 198 -1 0
140 198 -1 0
139 198 -1 0
138 198 -1 0
137 198 -1 0
136 198 -1 0
135 198 -1 0
134 198 -1 0
133 198 -1 0
132 198 -1 0
131 198 -1 0
130 198 -1 0
129 198 -1 0
128 198 -1 0
127 198 -1 0
126 198 -1 0
125 198 -1 0
124 198 -1 0
123 198 -1 0
142 197 -1 0
141 197 -1 0
140 197 -1 0
139 197 -1 0
138 197 -1 0
137 197 -1 0
136 197 -1 0
135 197 -1 0
134 197 -1 0
133 197 -1 0
132 197 -1 0
131 197 -1 0
130 197 -1 0
129 197 -1 0
128 197 -1 0
127 197 -1 0
126 197 -1 0
125 197 -1 0
124 197 -1 0
123 197 -1 0
122 197 -1 0
142 196 -1 0
141 196 -1 0
140 196 -1 0
139 196 -1 0
138 196 -1 0
137 196 -1 0
136 196 -1 0
135 196 -1 0
134 196 -1 0
133 196 -1 0
132 196 -1 0
131 196 -1 0
130 196 -1 0
129 196 -1 0
128 196 -1 0
127 196 -1 0
126 196 -1 0
125 196 -1 0
124 196 -1 0
123 196 -1 0
122 196 -1 0
141 195 -1 0
140 195 -1 0
139 195 -1 0
138 195 -1 0
137 195 -1 0
136 195 -1 0
135 195 -1 0
134 195 -1 0
133 195 -1 0
132 195 -1 0
131 195 -1 0
130 195 -1 0
129 195 -1 0
128 195 -1 0
127 195 -1 0
126 195 -1 0
125 195 -1 0
124 195 -1 0
123 195 -1 0
122 195 -1 0
140 194 -1 0
139 194 -1 0
138 194 -1 0
137 194 -1 0
136 194 -1 0
135 194 -1 0
134 194 -1 0
133 194 -1 0
132 194 -1 0
131 194 -1 0
130 194 -1 0
129 194 -1 0
128 194 -1 0
127 194 -1 0
126 194 -1 0
125 194 -1 0
124 194 -1 0
123 194 -1 0
122 194 -1 0
121 194 -1 0
140 193 -1 0
139 193 -1 0
138 193 -1 0
137 193 -1 0
136 193 -1 0
135 193 -1 0
134 193 -1 0
133 193 -1 0
132 193 -1 0
131 193 -1 0
130 193 -1 0
129 193 -1 0
128 193 -1 0
127 193 -1 0
126 193 -1 0
125 193 -1 0
124 193 -1 0
123 193 -1 0
122 193 -1 0
139 192 -1 0
138 192 -1 0
137 192 -1 0
136 192 -1 0
135 192 -1 0
134 192 -1 0
133 192 -1 0
132 192 -1 0
131 192 -1 0
130 192 -1 0
129 192 -1 0
128 192 -1 0
127 192 -1 0
126 192 -1 0
125 192 -1 0
124 192 -1 0
123 192 -1 0
122 192 -1 0
137 191 -1 0
136 191 -1 0
135 191 -1 0
134 191 -1 0
133 191 -1 0
132 191 -1 0
131 191 -1 0
130 191 -1 0
129 191 -1 0
128 191 -1 0
127 191 -1 0
126 191 -1 0
125 191 -1 0
124 191 -1 0
123 191 -1 0
122 191 -1 0
134 190 -1 0
132 190 -1 0
131 190 -1 0
130 190 -1 0
129 190 -1 0
128 190 -1 0
127 190 -1 0
126 190 -1 0
125 190 -1 0
124 190 -1 0
123 190 -1 0
129 189 -1 0
128 189 -1 0
126 189 -1 0
244 185 -1 1
242 185 -1 1
241 185 -1 1
240 185 -1 1
238 185 -1 1
248 184 -1 1
247 184 -1 1
246 184 -1 1
245 184 -1 1
244 184 -1 1
243 184 -1 1
242 184 -1 1
241 184 -1 1
240 184 -1 1
239 184 -1 1
238 184 -1 1
237 184 -1 1
236 184 -1 1
235 184 -1 1
251 183 -1 1
250 183 -1 1
249 183 -1 1
248 183 -1 1
247 183 -1 1
246 183 -1 1
245 183 -1 1
244 183 -1 1
243 183 -1 1
242 183 -1 1
241 183 -1 1
240 183 -1 1
239 183 -1 1
238 183 -1 1
237 183 -1 1
236 183 -1 1
235 183 -1 1
234 183 -1 1
233 183 -1 1
252 182 -1 1
251 182 -1 1
250 182 -1 1
249 182 -1 1
248 182 -1 1
247 182 -1 1
246 182 -1 1
245 182 -1 1
244 182 -1 1
243 182 -1 1
242 182 -1 1
241 182 -1 1
240 182 -1 1
239 182 -1 1
238 182 -1 1
237 182 -1 1
236 182 -1 1
235 182 -1 1
234 182 -1 1
233 182 -1 1
232 182 -1 1
231 182 -1 1
230 182 -1 1
252 181 -1 1
251 181 -1 1
250 181 -1 1
249 181 -1 1
248 181 -1 1
247 181 -1 1
246 181 -1 1
245 181 -1 1
244 181 -1 1
243 181 -1 1
242 181 -1 1
241 181 -1 1
240 181 -1 1
239 181 -1 1
238 181 -1 1
237 181 -1 1
236 181 -1 1
235 181 -1 1
234 181 -1 1
233 181 -1 1
232 181 -1 1
231 181 -1 1
230 181 -1 1
229 181 -1 1
252 180 -1 1
251 180 -1 1
250 180 -1 1
249 180 -1 1
248 180 -1 1
247 180 -1 1
246 180 -1 1
245 180 -1 1
244 180 -1 1
243 180 -1 1
242 180 -1 1
241 180 -1 1
240 180 -1 1
239 180 -1 1
238 180 -1 1
237 180 -1 1
236 180 -1 1
235 180 -1 1
234 180 -1 1
233 180 -1 1
232 180 -1 1
231 180 -1 1
230 180 -1 1
229 180 -1 1
253 179 -1 1
252 179 -1 1
251 179 -1 1
250 179 -1 1
249 179 -1 1
248 179 -1 1
247 179 -1 1
246 179 -1 1
245 179 -1 1
244 179 -1 1
243 179 -1 1
242 179 -1 1
241 179 -1 1
240 179 -1 1
239 179 -1 1
238 179 -1 1
237 179 -1 1
236 179 -1 1
235 179 -1 1
234 179 -1 1
233 179 -1 1
232 179 -1 1
231 179 -1 1
230 179 -1 1
229 179 -1 1
228 179 -1 1
252 178 -1 1
251 178 -1 1
250 178 -1 1
249 178 -1 1
248 178 -1 1
247 178 -1 1
246 178 -1 1
245 178 -1 1
244 178 -1 1
243 178 -1 1
242 178 -1 1
241 178 -1 1
240 178 -1 1
239 178 -1 1
238 178 -1 1
237 178 -1 1
236 178 -1 1
235 178 -1 1
234 178 -1 1
233 178 -1 1
232 178 -1 1
231 178 -1 1
230 178 -1 1
229 178 -1 1
228 178 -1 1
227 178 -1 1
226 178 -1 1
225 178 -1 1
224 178 -1 1
223 178 -1 1
252 177 -1 1
251 177 -1 1
250 177 -1 1
249 177 -1 1
248 177 -1 1
247 177 -1 1
246 177 -1 1
245 177 -1 1
244 177 -1 1
243 177 -1 1
242 177 -1 1
241 177 -1 1
240 177 -1 1
239 177 -1 1
238 177 -1 1
237 177 -1 1
236 177 -1 1
235 177 -1 1
234 177 -1 1
233 177 -1 1
232 177 -1 1
231 177 -1 1
230 177 -1 1
229 177 -1 1
228 177 -1 1
227 177 -1 1
226 177 -1 1
225 177 -1 1
224 177 -1 1
223 177 -1 1
222 177 -1 1
221 177 -1 1
220 177 -1 1
252 176 -1 1
251 176 -1 1
250 176 -1 1
249 176 -1 1
248 176 -1 1
247 176 -1 1
246 176 -1 1
245 176 -1 1
244 176 -1 1
243 176 -1 1
242 176 -1 1
241 176 -1 1
240 176 -1 1
239 176 -1 1
238 176 -1 1
237 176 -1 1
236 176 -1 1
235 176 -1 1
234 176 -1 1
233 176 -1 1
232 176 -1 1
231 176 -1 1
230 176 -1 1
229 176 -1 1
228 176 -1 1
227 176 -1 1
226 176 -1 1
225 176 -1 1
224 176 -1 1
223 176 -1 1
222 176 -1 1
221 176 -1 1
220 176 -1 1
219 176 -1 1
251 175 -1 1
250 175 -1 1
249 175 -1 1
248 175 -1 1
247 175 -1 1
246 175 -1 1
245 175 -1 1
244 175 -1 1
243 175 -1 1
242 175 -1 1
241 175 -1 1
240 175 -1 1
239 175 -1 1
238 175 -1 1
237 175 -1 1
236 175 -1 1
235 175 -1 1
234 175 -1 1
233 175 -1 1
232 175 -1 1
231 175 -1 1
230 175 -1 1
229 175 -1 1
228 175 -1 1
227 175 -1 1
226 175 -1 1
225 175 -1 1
224 175 -1 1
223 175 -1 1
222 175 -1 1
221 175 -1 1
220 175 -1 1
219 175 -1 1
218 175 -1 1
248 174 -1 1
247 174 -1 1
246 174 -1 1
245 174 -1 1
239 174 -1 1
238 174 -1 1
237 174 -1 1
236 174 -1 1
235 174 -1 1
234 174 -1 1
233 174 -1 1
232 174 -1 1
231 174 -1 1
230 174 -1 1
229 174 -1 1
228 174 -1 1
227 174 -1 1
226 174 -1 1
225 174 -1 1
224 174 -1 1
223 174 -1 1
222 174 -1 1
221 174 -1 1
220 174 -1 1
219 174 -1 1
218 174 -1 1
217 174 -1 1
216 174 -1 1
236 173 -1 1
235 173 -1 1
234 173 -1 1
233 173 -1 1
232 173 -1 1
231 173 -1 1
230 173 -1 1
229 173 -1 1
228 173 -1 1
227 173 -1 1
226 173 -1 1
225 173 -1 1
224 173 -1 1
223 173 -1 1
222 173 -1 1
221 173 -1 1
220 173 -1 1
219 173 -1 1
218 173 -1 1
217 173 -1 1
216 173 -1 1
215 173 -1 1
235 172 -1 1
234 172 -1 1
233 172 -1 1
232 172 -1 1
231 172 -1 1
230 172 -1 1
229 172 -1 1
228 172 -1 1
227 172 -1 1
226 172 -1 1
225 172 -1 1
224 172 -1 1
223 172 -1 1
222 172 -1 1
221 172 -1 1
220 172 -1 1
219 172 -1 1
218 172 -1 1
217 172 -1 1
216 172 -1 1
215 172 -1 1
234 171 -1 1
233 171 -1 1
232 171 -1 1
231 171 -1 1
230 171 -1 1
229 171 -1 1
228 171 -1 1
227 171 -1 1
226 171 -1 1
225 171 -1 1
224 171 -1 1
223 171 -1 1
222 171 -1 1
221 171 -1 1
220 171 -1 1
219 171 -1 1
218 171 -1 1
217 171 -1 1
216 171 -1 1
215 171 -1 1
214 171 -1 1
231 170 -1 1
230 170 -1 1
229 170 -1 1
228 170 -1 1
227 170 -1 1
226 170 -1 1
225 170 -1 1
224 170 -1 1
223 170 -1 1
222 170 -1 1
221 170 -1 1
220 170 -1 1
219 170 -1 1
218 170 -1 1
217 170 -1 1
216 170 -1 1
215 170 -1 1
214 170 -1 1
213 170 -1 1
212 170 -1 1
228 169 -1 1
227 169 -1 1
226 169 -1 1
225 169 -1 1
224 169 -1 1
223 169 -1 1
222 169 -1 1
221 169 -1 1
220 169 -1 1
219 169 -1 1
218 169 -1 1
217 169 -1 1
216 169 -1 1
215 169 -1 1
214 169 -1 1
213 169 -1 1
212 169 -1 1
211 169 -1 1
210 169 -1 1
209 169 -1 1
226 168 -1 1
225 168 -1 1
224 168 -1 1
223 168 -1 1
222 168 -1 1
221 168 -1 1
220 168 -1 1
219 168 -1 1
218 168 -1 1
217 168 -1 1
216 168 -1 1
215 168 -1 1
214 168 -1 1
213 168 -1 1
212 168 -1 1
211 168 -1 1
210 168 -1 1
209 168 -1 1
208 168 -1 1
207 168 -1 1
206 168 -1 1
225 167 -1 1
224 167 -1 1
223 167 -1 1
222 167 -1 1
221 167 -1 1
220 167 -1 1
219 167 -1 1
218 167 -1 1
217 167 -1 1
216 167 -1 1
215 167 -1 1
214 167 -1 1
213 167 -1 1
212 167 -1 1
211 167 -1 1
210 167 -1 1
209 167 -1 1
208 167 -1 1
207 167 -1 1
206 167 -1 1
205 167 -1 1
223 166 -1 1
222 166 -1 1
221 166 -1 1
220 166 -1 1
219 166 -1 1
218 166 -1 1
217 166 -1 1
216 166 -1 1
215 166 -1 1
214 166 -1 1
213 166 -1 1
212 166 -1 1
211 166 -1 1
210 166 -1 1
209 166 -1 1
208 166 -1 1
207 166 -1 1
206 166 -1 1
205 166 -1 1
204 166 -1 1
203 166 -1 1
202 166 -1 1
201 166 -1 1
200 166 -1 1
199 166 -1 1
222 165 -1 1
221 165 -1 1
220 165 -1 1
219 165 -1 1
218 165 -1 1
217 165 -1 1
216 165 -1 1
215 165 -1 1
214 165 -1 1
213 165 -1 1
212 165 -1 1
211 165 -1 1
210 165 -1 1
209 165 -1 1
208 165 -1 1
207 165 -1 1
206 165 -1 1
205 165 -1 1
204 165 -1 1
203 165 -1 1
202 165 -1 1
201 165 -1 1
200 165 -1 1
199 165 -1 1
198 165 -1 1
197 165 -1 1
196 165 -1 1
221 164 -1 1
220 164 -1 1
219 164 -1 1
218 164 -1 1
217 164 -1 1
216 164 -1 1
215 164 -1 1
214 164 -1 1
213 164 -1 1
212 164 -1 1
211 164 -1 1
210 164 -1 1
209 164 -1 1
208 164 -1 1
207 164 -1 1
206 164 -1 1
205 164 -1 1
204 164 -1 1
203 164 -1 1
202 164 -1 1
201 164 -1 1
200 164 -1 1
199 164 -1 1
198 164 -1 1
197 164 -1 1
196 164 -1 1
195 164 -1 1
194 164 -1 1
220 163 -1 1
219 163 -1 1
218 163 -1 1
217 163 -1 1
216 163 -1 1
215 163 -1 1
214 163 -1 1
213 163 -1 1
212 163 -1 1
211 163 -1 1
210 163 -1 1
209 163 -1 1
208 163 -1 1
207 163 -1 1
206 163 -1 1
205 163 -1 1
204 163 -1 1
203 163 -1 1
202 163 -1 1
201 163 -1 1
200 163 -1 1
199 163 -1 1
198 163 -1 1
197 163 -1 1
196 163 -1 1
195 163 -1 1
194 163 -1 1
193 163 -1 1
191 163 -1 1
189 163 -1 1
188 163 -1 1
219 162 -1 1
218 162 -1 1
217 162 -1 1
216 162 -1 1
215 162 -1 1
214 162 -1 1
213 162 -1 1
212 162 -1 1
211 162 -1 1
210 162 -1 1
209 162 -1 1
208 162 -1 1
207 162 -1 1
206 162 -1 1
205 162 -1 1
204 162 -1 1
203 162 -1 1
202 162 -1 1
201 162 -1 1
200 162 -1 1
199 162 -1 1
198 162 -1 1
197 162 -1 1
196 162 -1 1
195 162 -1 1
194 162 -1 1
193 162 -1 1
192 162 -1 1
191 162 -1 1
190 162 -1 1
189 162 -1 1
188 162 -1 1
187 162 -1 1
186 162 -1 1
185 162 -1 1
216 161 -1 1
215 161 -1 1
214 161 -1 1
213 161 -1 1
212 161 -1 1
211 161 -1 1
210 161 -1 1
209 161 -1 1
208 161 -1 1
207 161 -1 1
206 161 -1 1
205 161 -1 1
204 161 -1 1
203 161 -1 1
202 161 -1 1
201 161 -1 1
200 161 -1 1
199 161 -1 1
198 161 -1 1
197 161 -1 1
196 161 -1 1
195 161 -1 1
194 161 -1 1
193 161 -1 1
192 161 -1 1
191 161 -1 1
190 161 -1 1
189 161 -1 1
188 161 -1 1
187 161 -1 1
186 161 -1 1
185 161 -1 1
184 161 -1 1
213 160 -1 1
212 160 -1 1
211 160 -1 1
210 160 -1 1
209 160 -1 1
208 160 -1 1
207 160 -1 1
206 160 -1 1
205 160 -1 1
204 160 -1 1
203 160 -1 1
202 160 -1 1
201 160 -1 1
200 160 -1 1
199 160 -1 1
198 160 -1 1
197 160 -1 1
196 160 -1 1
195 160 -1 1
194 160 -1 1
193 160 -1 1
192 160 -1 1
191 160 -1 1
190 160 -1 1
189 160 -1 1
188 160 -1 1
187 160 -1 1
186 160 -1 1
185 160 -1 1
184 160 -1 1
211 159 -1 1
210 159 -1 1
209 159 -1 1
208 159 -1 1
207 159 -1 1
206 159 -1 1
205 159 -1 1
204 159 -1 1
203 159 -1 1
202 159 -1 1
201 159 -1 1
200 159 -1 1
199 159 -1 1
198 159 -1 1
197 159 -1 1
196 159 -1 1
195 159 -1 1
194 159 -1 1
193 159 -1 1
192 159 -1 1
191 159 -1 1
190 159 -1 1
189 159 -1 1
188 159 -1 1
187 159 -1 1
186 159 -1 1
185 159 -1 1
184 159 -1 1
208 158 -1 1
207 158 -1 1
206 158 -1 1
205 158 -1 1
204 158 -1 1
203 158 -1 1
202 158 -1 1
201 158 -1 1
200 158 -1 1
199 158 -1 1
198 158 -1 1
197 158 -1 1
196 158 -1 1
195 158 -1 1
194 158 -1 1
193 158 -1 1
192 158 -1 1
191 158 -1 1
190 158 -1 1
189 158 -1 1
188 158 -1 1
187 158 -1 1
186 158 -1 1
185 158 -1 1
184 158 -1 1
183 158 -1 1
207 157 -1 1
206 157 -1 1
205 157 -1 1
204 157 -1 1
203 157 -1 1
202 157 -1 1
201 157 -1 1
200 157 -1 1
199 157 -1 1
198 157 -1 1
197 157 -1 1
196 157 -1 1
195 157 -1 1
194 157 -1 1
193 157 -1 1
192 157 -1 1
191 157 -1 1
190 157 -1 1
189 157 -1 1
188 157 -1 1
187 157 -1 1
186 157 -1 1
185 157 -1 1
184 157 -1 1
204 156 -1 1
203 156 -1 1
201 156 -1 1
200 156 -1 1
199 156 -1 1
198 156 -1 1
197 156 -1 1
196 156 -1 1
195 156 -1 1
194 156 -1 1
193 156 -1 1
192 156 -1 1
191 156 -1 1
190 156 -1 1
189 156 -1 1
188 156 -1 1
187 156 -1 1
186 156 -1 1
185 156 -1 1
184 156 -1 1
199 155 -1 1
198 155 -1 1
197 155 -1 1
196 155 -1 1
195 155 -1 1
194 155 -1 1
193 155 -1 1
192 155 -1 1
191 155 -1 1
190 155 -1 1
189 155 -1 1
188 155 -1 1
187 155 -1 1
186 155 -1 1
185 155 -1 1
184 155 -1 1
300 154 -1 0
299 154 -1 0
298 154 -1 0
198 154 -1 1
197 154 -1 1
196 154 -1 1
195 154 -1 1
194 154 -1 1
193 154 -1 1
192 154 -1 1
191 154 -1 1
190 154 -1 1
189 154 -1 1
188 154 -1 1
187 154 -1 1
186 154 -1 1
185 154 -1 1
303 153 -1 0
302 153 -1 0
301 153 -1 0
300 153 -1 0
299 153 -1 0
298 153 -1 0
297 153 -1 0
296 153 -1 0
295 153 -1 0
195 153 -1 1
193 153 -1 1
191 153 -1 1
189 153 -1 1
188 153 -1 1
304 152 -1 0
303 152 -1 0
302 152 -1 0
301 152 -1 0
300 152 -1 0
299 152 -1 0
298 152 -1 0
297 152 -1 0
296 152 -1 0
295 152 -1 0
294 152 -1 0
304 151 -1 0
303 151 -1 0
302 151 -1 0
301 151 -1 0
300 151 -1 0
299 151 -1 0
298 151 -1 0
297 151 -1 0
296 151 -1 0
295 151 -1 0
294 151 -1 0
293 151 -1 0
292 151 -1 0
304 150 -1 0
303 150 -1 0
302 150 -1 0
301 150 -1 0
300 150 -1 0
299 150 -1 0
298 150 -1 0
297 150 -1 0
296 150 -1 0
295 150 -1 0
294 150 -1 0
293 150 -1 0
292 150 -1 0
291 150 -1 0
305 149 -1 0
304 149 -1 0
303 149 -1 0
302 149 -1 0
301 149 -1 0
300 149 -1 0
299 149 -1 0
298 149 -1 0
297 149 -1 0
296 149 -1 0
295 149 -1 0
294 149 -1 0
293 149 -1 0
292 149 -1 0
291 149 -1 0
304 148 -1 0
303 148 -1 0
302 148 -1 0
301 148 -1 0
300 148 -1 0
299 148 -1 0
298 148 -1 0
297 148 -1 0
296 148 -1 0
295 148 -1 0
294 148 -1 0
293 148 -1 0
292 148 -1 0
291 148 -1 0
304 147 -1 0
303 147 -1 0
302 147 -1 0
301 147 -1 0
300 147 -1 0
299 147 -1 0
298 147 -1 0
297 147 -1 0
296 147 -1 0
295 147 -1 0
294 147 -1 0
293 147 -1 0
292 147 -1 0
291 147 -1 0
290 147 -1 0
304 146 -1 0
303 146 -1 0
302 146 -1 0
301 146 -1 0
300 146 -1 0
299 146 -1 0
298 146 -1 0
297 146 -1 0
296 146 -1 0
295 146 -1 0
294 146 -1 0
293 146 -1 0
292 146 -1 0
291 146 -1 0
290 146 -1 0
289 146 -1 0
303 145 -1 0
302 145 -1 0
301 145 -1 0
300 145 -1 0
299 145 -1 0
298 145 -1 0
297 145 -1 0
296 145 -1 0
295 145 -1 0
294 145 -1 0
293 145 -1 0
292 145 -1 0
291 145 -1 0
290 145 -1 0
289 145 -1 0
288 145 -1 0
300 144 -1 0
299 144 -1 0
298 144 -1 0
297 144 -1 0
296 144 -1 0
295 144 -1 0
294 144 -1 0
293 144 -1 0
292 144 -1 0
291 144 -1 0
290 144 -1 0
289 144 -1 0
288 144 -1 0
299 143 -1 0
298 143 -1 0
297 143 -1 0
296 143 -1 0
295 143 -1 0
294 143 -1 0
293 143 -1 0
292 143 -1 0
291 143 -1 0
290 143 -1 0
289 143 -1 0
288 143 -1 0
287 143 -1 0
298 142 -1 0
297 142 -1 0
296 142 -1 0
295 142 -1 0
294 142 -1 0
293 142 -1 0
292 142 -1 0
291 142 -1 0
290 142 -1 0
289 142 -1 0
288 142 -1 0
287 142 -1 0
286 142 -1 0
298 141 -1 0
297 141 -1 0
296 141 -1 0
295 141 -1 0
294 141 -1 0
293 141 -1 0
292 141 -1 0
291 141 -1 0
290 141 -1 0
289 141 -1 0
288 141 -1 0
287 141 -1 0
286 141 -1 0
297 140 -1 0
296 140 -1 0
295 140 -1 0
294 140 -1 0
293 140 -1 0
292 140 -1 0
291 140 -1 0
290 140 -1 0
289 140 -1 0
288 140 -1 0
287 140 -1 0
286 140 -1 0
296 139 -1 0
295 139 -1 0
294 139 -1 0
293 139 -1 0
292 139 -1 0
291 139 -1 0
290 139 -1 0
289 139 -1 0
288 139 -1 0
287 139 -1 0
286 139 -1 0
285 139 -1 0
295 138 -1 0
294 138 -1 0
293 138 -1 0
292 138 -1 0
291 138 -1 0
290 138 -1 0
289 138 -1 0
288 138 -1 0
287 138 -1 0
286 138 -1 0
285 138 -1 0
284 138 -1 0
283 138 -1 0
294 137 -1 0
293 137 -1 0
292 137 -1 0
291 137 -1 0
290 137 -1 0
289 137 -1 0
288 137 -1 0
287 137 -1 0
286 137 -1 0
285 137 -1 0
284 137 -1 0
283 137 -1 0
282 137 -1 0
294 136 -1 0
293 136 -1 0
292 136 -1 0
291 136 -1 0
290 136 -1 0
289 136 -1 0
288 136 -1 0
287 136 -1 0
286 136 -1 0
285 136 -1 0
284 136 -1 0
283 136 -1 0
282 136 -1 0
293 135 -1 0
292 135 -1 0
291 135 -1 0
290 135 -1 0
289 135 -1 0
288 135 -1 0
287 135 -1 0
286 135 -1 0
285 135 -1 0
284 135 -1 0
283 135 -1 0
282 135 -1 0
281 135 -1 0
293 134 -1 0
292 134 -1 0
291 134 -1 0
290 134 -1 0
289 134 -1 0
288 134 -1 0
287 134 -1 0
286 134 -1 0
285 134 -1 0
284 134 -1 0
283 134 -1 0
282 134 -1 0
281 134 -1 0
280 134 -1 0
293 133 -1 0
292 133 -1 0
291 133 -1 0
290 133 -1 0
289 133 -1 0
288 133 -1 0
287 133 -1 0
286 133 -1 0
285 133 -1 0
284 133 -1 0
283 133 -1 0
282 133 -1 0
281 133 -1 0
280 133 -1 0
279 133 -1 0
278 133 -1 0
277 133 -1 0
292 132 -1 0
291 132 -1 0
290 132 -1 0
289 132 -1 0
288 132 -1 0
287 132 -1 0
286 132 -1 0
285 132 -1 0
284 132 -1 0
283 132 -1 0
282 132 -1 0
281 132 -1 0
280 132 -1 0
279 132 -1 0
278 132 -1 0
277 132 -1 0
276 132 -1 0
291 131 -1 0
290 131 -1 0
289 131 -1 0
288 131 -1 0
287 131 -1 0
286 131 -1 0
285 131 -1 0
284 131 -1 0
283 131 -1 0
282 131 -1 0
281 131 -1 0
280 131 -1 0
279 131 -1 0
278 131 -1 0
277 131 -1 0
276 131 -1 0
290 130 -1 0
289 130 -1 0
288 130 -1 0
287 130 -1 0
286 130 -1 0
285 130 -1 0
284 130 -1 0
283 130 -1 0
282 130 -1 0
281 130 -1 0
280 130 -1 0
279 130 -1 0
278 130 -1 0
277 130 -1 0
276 130 -1 0
275 130 -1 0
288 129 -1 0
287 129 -1 0
286 129 -1 0
285 129 -1 0
284 129 -1 0
283 129 -1 0
282 129 -1 0
281 129 -1 0
280 129 -1 0
279 129 -1 0
278 129 -1 0
277 129 -1 0
276 129 -1 0
275 129 -1 0
274 129 -1 0
288 128 -1 0
287 128 -1 0
286 128 -1 0
285 128 -1 0
284 128 -1 0
283 128 -1 0
282 128 -1 0
281 128 -1 0
280 128 -1 0
279 128 -1 0
278 128 -1 0
277 128 -1 0
276 128 -1 0
275 128 -1 0
274 128 -1 0
273 128 -1 0
287 127 -1 0
286 127 -1 0
285 127 -1 0
284 127 -1 0
283 127 -1 0
282 127 -1 0
281 127 -1 0
280 127 -1 0
279 127 -1 0
278 127 -1 0
277 127 -1 0
276 127 -1 0
275 127 -1 0
274 127 -1 0
273 127 -1 0
272 127 -1 0
286 126 -1 0
285 126 -1 0
284 126 -1 0
283 126 -1 0
282 126 -1 0
281 126 -1 0
280 126 -1 0
279 126 -1 0
278 126 -1 0
277 126 -1 0
276 126 -1 0
275 126 -1 0
274 126 -1 0
273 126 -1 0
272 126 -1 0
283 125 -1 0
282 125 -1 0
281 125 -1 0
280 125 -1 0
279 125 -1 0
278 125 -1 0
277 125 -1 0
276 125 -1 0
275 125 -1 0
274 125 -1 0
273 125 -1 0
272 125 -1 0
271 125 -1 0
283 124 -1 0
282 124 -1 0
281 124 -1 0
280 124 -1 0
279 124 -1 0
278 124 -1 0
277 124 -1 0
276 124 -1 0
275 124 -1 0
274 124 -1 0
273 124 -1 0
272 124 -1 0
271 124 -1 0
270 124 -1 0
282 123 -1 0
281 123 -1 0
280 123 -1 0
279 123 -1 0
278 123 -1 0
277 123 -1 0
276 123 -1 0
275 123 -1 0
274 123 -1 0
273 123 -1 0
272 123 -1 0
271 123 -1 0
270 123 -1 0
269 123 -1 0
282 122 -1 0
281 122 -1 0
280 122 -1 0
279 122 -1 0
278 122 -1 0
277 122 -1 0
276 122 -1 0
275 122 -1 0
274 122 -1 0
273 122 -1 0
272 122 -1 0
271 122 -1 0
270 122 -1 0
269 122 -1 0
281 121 -1 0
280 121 -1 0
279 121 -1 0
278 121 -1 0
277 121 -1 0
276 121 -1 0
275 121 -1 0
274 121 -1 0
273 121 -1 0
272 121 -1 0
271 121 -1 0
270 121 -1 0
269 121 -1 0
268 121 -1 0
267 121 -1 0
279 120 -1 0
278 120 -1 0
277 120 -1 0
276 120 -1 0
275 120 -1 0
274 120 -1 0
273 120 -1 0
272 120 -1 0
271 120 -1 0
270 120 -1 0
269 120 -1 0
268 120 -1 0
267 120 -1 0
266 120 -1 0
265 120 -1 0
279 119 -1 0
278 119 -1 0
277 119 -1 0
276 119 -1 0
275 119 -1 0
274 119 -1 0
273 119 -1 0
272 119 -1 0
271 119 -1 0
270 119 -1 0
269 119 -1 0
268 119 -1 0
267 119 -1 0
266 119 -1 0
265 119 -1 0
264 119 -1 0
278 118 -1 0
277 118 -1 0
276 118 -1 0
275 118 -1 0
274 118 -1 0
273 118 -1 0
272 118 -1 0
271 118 -1 0
270 118 -1 0
269 118 -1 0
268 118 -1 0
267 118 -1 0
266 118 -1 0
265 118 -1 0
264 118 -1 0
263 118 -1 0
262 118 -1 0
277 117 -1 0
276 117 -1 0
275 117 -1 0
274 117 -1 0
273 117 -1 0
272 117 -1 0
271 117 -1 0
270 117 -1 0
269 117 -1 0
268 117 -1 0
267 117 -1 0
266 117 -1 0
265 117 -1 0
264 117 -1 0
263 117 -1 0
262 117 -1 0
261 117 -1 0
276 116 -1 0
275 116 -1 0
274 116 -1 0
273 116 -1 0
272 116 -1 0
271 116 -1 0
270 116 -1 0
269 116 -1 0
268 116 -1 0
267 116 -1 0
266 116 -1 0
265 116 -1 0
264 116 -1 0
263 116 -1 0
262 116 -1 0
261 116 -1 0
260 116 -1 0
274 115 -1 0
273 115 -1 0
272 115 -1 0
271 115 -1 0
270 115 -1 0
269 115 -1 0
268 115 -1 0
267 115 -1 0
266 115 -1 0
265 115 -1 0
264 115 -1 0
263 115 -1 0
262 115 -1 0
261 115 -1 0
260 115 -1 0
259 115 -1 0
274 114 -1 0
273 114 -1 0
272 114 -1 0
271 114 -1 0
270 114 -1 0
269 114 -1 0
268 114 -1 0
267 114 -1 0
266 114 -1 0
265 114 -1 0
264 114 -1 0
263 114 -1 0
262 114 -1 0
261 114 -1 0
260 114 -1 0
259 114 -1 0
258 114 -1 0
257 114 -1 0
273 113 -1 0
272 113 -1 0
271 113 -1 0
270 113 -1 0
269 113 -1 0
268 113 -1 0
267 113 -1 0
266 113 -1 0
265 113 -1 0
264 113 -1 0
263 113 -1 0
262 113 -1 0
261 113 -1 0
260 113 -1 0
259 113 -1 0
258 113 -1 0
257 113 -1 0
256 113 -1 0
255 113 -1 0
271 112 -1 0
270 112 -1 0
269 112 -1 0
268 112 -1 0
267 112 -1 0
266 112 -1 0
265 112 -1 0
264 112 -1 0
263 112 -1 0
262 112 -1 0
261 112 -1 0
260 112 -1 0
259 112 -1 0
258 112 -1 0
257 112 -1 0
256 112 -1 0
255 112 -1 0
254 112 -1 0
269 111 -1 0
268 111 -1 0
267 111 -1 0
266 111 -1 0
265 111 -1 0
264 111 -1 0
263 111 -1 0
262 111 -1 0
261 111 -1 0
260 111 -1 0
259 111 -1 0
258 111 -1 0
257 111 -1 0
256 111 -1 0
255 111 -1 0
254 111 -1 0
253 111 -1 0
252 111 -1 0
251 111 -1 0
268 110 -1 0
267 110 -1 0
266 110 -1 0
265 110 -1 0
264 110 -1 0
263 110 -1 0
262 110 -1 0
261 110 -1 0
260 110 -1 0
259 110 -1 0
258 110 -1 0
257 110 -1 0
256 110 -1 0
255 110 -1 0
254 110 -1 0
253 110 -1 0
252 110 -1 0
251 110 -1 0
250 110 -1 0
267 109 -1 0
266 109 -1 0
265 109 -1 0
264 109 -1 0
263 109 -1 0
262 109 -1 0
261 109 -1 0
260 109 -1 0
259 109 -1 0
258 109 -1 0
257 109 -1 0
256 109 -1 0
255 109 -1 0
254 109 -1 0
253 109 -1 0
252 109 -1 0
251 109 -1 0
250 109 -1 0
266 108 -1 0
265 108 -1 0
264 108 -1 0
263 108 -1 0
262 108 -1 0
261 108 -1 0
260 108 -1 0
259 108 -1 0
258 108 -1 0
257 108 -1 0
256 108 -1 0
255 108 -1 0
254 108 -1 0
253 108 -1 0
252 108 -1 0
251 108 -1 0
250 108 -1 0
248 108 -1 0
264 107 -1 0
263 107 -1 0
262 107 -1 0
261 107 -1 0
260 107 -1 0
259 107 -1 0
258 107 -1 0
257 107 -1 0
256 107 -1 0
255 107 -1 0
254 107 -1 0
253 107 -1 0
252 107 -1 0
251 107 -1 0
250 107 -1 0
249 107 -1 0
248 107 -1 0
247 107 -1 0
246 107 -1 0
245 107 -1 0
263 106 -1 0
262 106 -1 0
261 106 -1 0
260 106 -1 0
259 106 -1 0
258 106 -1 0
257 106 -1 0
256 106 -1 0
255 106 -1 0
254 106 -1 0
253 106 -1 0
252 106 -1 0
251 106 -1 0
250 106 -1 0
249 106 -1 0
248 106 -1 0
247 106 -1 0
246 106 -1 0
245 106 -1 0
244 106 -1 0
240 106 -1 0
261 105 -1 0
260 105 -1 0
259 105 -1 0
258 105 -1 0
257 105 -1 0
256 105 -1 0
255 105 -1 0
254 105 -1 0
253 105 -1 0
252 105 -1 0
251 105 -1 0
250 105 -1 0
249 105 -1 0
248 105 -1 0
247 105 -1 0
246 105 -1 0
245 105 -1 0
244 105 -1 0
243 105 -1 0
242 105 -1 0
241 105 -1 0
240 105 -1 0
239 105 -1 0
238 105 -1 0
237 105 -1 0
258 104 -1 0
257 104 -1 0
256 104 -1 0
255 104 -1 0
254 104 -1 0
253 104 -1 0
252 104 -1 0
251 104 -1 0
250 104 -1 0
249 104 -1 0
248 104 -1 0
247 104 -1 0
246 104 -1 0
245 104 -1 0
244 104 -1 0
243 104 -1 0
242 104 -1 0
241 104 -1 0
240 104 -1 0
239 104 -1 0
238 104 -1 0
237 104 -1 0
236 104 -1 0
257 103 -1 0
256 103 -1 0
255 103 -1 0
254 103 -1 0
253 103 -1 0
252 103 -1 0
251 103 -1 0
250 103 -1 0
249 103 -1 0
248 103 -1 0
247 103 -1 0
246 103 -1 0
245 103 -1 0
244 103 -1 0
243 103 -1 0
242 103 -1 0
241 103 -1 0
240 103 -1 0
239 103 -1 0
238 103 -1 0
237 103 -1 0
236 103 -1 0
254 102 -1 0
252 102 -1 0
251 102 -1 0
250 102 -1 0
249 102 -1 0
248 102 -1 0
247 102 -1 0
246 102 -1 0
245 102 -1 0
244 102 -1 0
243 102 -1 0
242 102 -1 0
241 102 -1 0
240 102 -1 0
239 102 -1 0
238 102 -1 0
237 102 -1 0
236 102 -1 0
235 102 -1 0
234 102 -1 0
233 102 -1 0
228 102 -1 0
252 101 -1 0
251 101 -1 0
250 101 -1 0
249 101 -1 0
248 101 -1 0
247 101 -1 0
246 101 -1 0
245 101 -1 0
244 101 -1 0
243 101 -1 0
242 101 -1 0
241 101 -1 0
240 101 -1 0
239 101 -1 0
238 101 -1 0
237 101 -1 0
236 101 -1 0
235 101 -1 0
234 101 -1 0
233 101 -1 0
232 101 -1 0
231 101 -1 0
230 101 -1 0
229 101 -1 0
228 101 -1 0
227 101 -1 0
226 101 -1 0
225 101 -1 0
252 100 -1 0
251 100 -1 0
250 100 -1 0
249 100 -1 0
248 100 -1 0
247 100 -1 0
246 100 -1 0
245 100 -1 0
244 100 -1 0
243 100 -1 0
242 100 -1 0
241 100 -1 0
240 100 -1 0
239 100 -1 0
238 100 -1 0
237 100 -1 0
236 100 -1 0
235 100 -1 0
234 100 -1 0
233 100 -1 0
232 100 -1 0
231 100 -1 0
230 100 -1 0
229 100 -1 0
228 100 -1 0
227 100 -1 0
226 100 -1 0
225 100 -1 0
224 100 -1 0
251 99 -1 0
250 99 -1 0
249 99 -1 0
248 99 -1 0
247 99 -1 0
246 99 -1 0
245 99 -1 0
244 99 -1 0
243 99 -1 0
242 99 -1 0
241 99 -1 0
240 99 -1 0
239 99 -1 0
238 99 -1 0
237 99 -1 0
236 99 -1 0
235 99 -1 0
234 99 -1 0
233 99 -1 0
232 99 -1 0
231 99 -1 0
230 99 -1 0
229 99 -1 0
228 99 -1 0
227 99 -1 0
226 99 -1 0
225 99 -1 0
224 99 -1 0
248 98 -1 0
244 98 -1 0
243 98 -1 0
242 98 -1 0
241 98 -1 0
240 98 -1 0
239 98 -1 0
238 98 -1 0
237 98 -1 0
236 98 -1 0
235 98 -1 0
234 98 -1 0
233 98 -1 0
232 98 -1 0
231 98 -1 0
230 98 -1 0
229 98 -1 0
228 98 -1 0
227 98 -1 0
226 98 -1 0
225 98 -1 0
224 98 -1 0
244 97 -1 0
243 97 -1 0
242 97 -1 0
241 97 -1 0
240 97 -1 0
239 97 -1 0
238 97 -1 0
237 97 -1 0
236 97 -1 0
235 97 -1 0
234 97 -1 0
233 97 -1 0
232 97 -1 0
231 97 -1 0
230 97 -1 0
229 97 -1 0
228 97 -1 0
227 97 -1 0
226 97 -1 0
225 97 -1 0
224 97 -1 0
223 97 -1 0
220 97 -1 0
243 96 -1 0
242 96 -1 0
241 96 -1 0
240 96 -1 0
239 96 -1 0
238 96 -1 0
237 96 -1 0
236 96 -1 0
235 96 -1 0
234 96 -1 0
233 96 -1 0
232 96 -1 0
231 96 -1 0
230 96 -1 0
229 96 -1 0
228 96 -1 0
227 96 -1 0
226 96 -1 0
225 96 -1 0
224 96 -1 0
223 96 -1 0
222 96 -1 0
221 96 -1 0
220 96 -1 0
219 96 -1 0
218 96 -1 0
217 96 -1 0
216 96 -1 0
215 96 -1 0
213 96 -1 0
243 95 -1 0
242 95 -1 0
241 95 -1 0
240 95 -1 0
239 95 -1 0
238 95 -1 0
237 95 -1 0
236 95 -1 0
235 95 -1 0
234 95 -1 0
233 95 -1 0
232 95 -1 0
231 95 -1 0
230 95 -1 0
229 95 -1 0
228 95 -1 0
227 95 -1 0
226 95 -1 0
225 95 -1 0
224 95 -1 0
223 95 -1 0
222 95 -1 0
221 95 -1 0
220 95 -1 0
219 95 -1 0
218 95 -1 0
217 95 -1 0
216 95 -1 0
215 95 -1 0
214 95 -1 0
213 95 -1 0
212 95 -1 0
211 95 -1 0
210 95 -1 0
209 95 -1 0
208 95 -1 0
207 95 -1 0
243 94 -1 0
242 94 -1 0
241 94 -1 0
240 94 -1 0
239 94 -1 0
238 94 -1 0
237 94 -1 0
236 94 -1 0
235 94 -1 0
234 94 -1 0
233 94 -1 0
232 94 -1 0
231 94 -1 0
230 94 -1 0
229 94 -1 0
228 94 -1 0
227 94 -1 0
226 94 -1 0
225 94 -1 0
224 94 -1 0
223 94 -1 0
222 94 -1 0
221 94 -1 0
220 94 -1 0
219 94 -1 0
218 94 -1 0
217 94 -1 0
216 94 -1 0
215 94 -1 0
214 94 -1 0
213 94 -1 0
212 94 -1 0
211 94 -1 0
210 94 -1 0
209 94 -1 0
208 94 -1 0
207 94 -1 0
206 94 -1 0
205 94 -1 0
204 94 -1 0
242 93 -1 0
241 93 -1 0
240 93 -1 0
239 93 -1 0
238 93 -1 0
237 93 -1 0
236 93 -1 0
235 93 -1 0
234 93 -1 0
233 93 -1 0
232 93 -1 0
231 93 -1 0
230 93 -1 0
229 93 -1 0
228 93 -1 0
227 93 -1 0
226 93 -1 0
225 93 -1 0
224 93 -1 0
223 93 -1 0
222 93 -1 0
221 93 -1 0
220 93 -1 0
219 93 -1 0
218 93 -1 0
217 93 -1 0
216 93 -1 0
215 93 -1 0
214 93 -1 0
213 93 -1 0
212 93 -1 0
211 93 -1 0
210 93 -1 0
209 93 -1 0
208 93 -1 0
207 93 -1 0
206 93 -1 0
205 93 -1 0
204 93 -1 0
203 93 -1 0
239 92 -1 0
237 92 -1 0
235 92 -1 0
234 92 -1 0
233 92 -1 0
228 92 -1 0
225 92 -1 0
224 92 -1 0
223 92 -1 0
222 92 -1 0
221 92 -1 0
220 92 -1 0
219 92 -1 0
218 92 -1 0
217 92 -1 0
216 92 -1 0
215 92 -1 0
214 92 -1 0
213 92 -1 0
212 92 -1 0
211 92 -1 0
210 92 -1 0
209 92 -1 0
208 92 -1 0
207 92 -1 0
206 92 -1 0
205 92 -1 0
204 92 -1 0
203 92 -1 0
224 91 -1 0
223 91 -1 0
222 91 -1 0
221 91 -1 0
220 91 -1 0
219 91 -1 0
218 91 -1 0
217 91 -1 0
216 91 -1 0
215 91 -1 0
214 91 -1 0
213 91 -1 0
212 91 -1 0
211 91 -1 0
210 91 -1 0
209 91 -1 0
208 91 -1 0
207 91 -1 0
206 91 -1 0
205 91 -1 0
204 91 -1 0
203 91 -1 0
224 90 -1 0
223 90 -1 0
222 90 -1 0
221 90 -1 0
220 90 -1 0
219 90 -1 0
218 90 -1 0
217 90 -1 0
216 90 -1 0
215 90 -1 0
214 90 -1 0
213 90 -1 0
212 90 -1 0
211 90 -1 0
210 90 -1 0
209 90 -1 0
208 90 -1 0
207 90 -1 0
206 90 -1 0
205 90 -1 0
204 90 -1 0
203 90 -1 0
202 90 -1 0
224 89 -1 0
223 89 -1 0
222 89 -1 0
221 89 -1 0
220 89 -1 0
219 89 -1 0
218 89 -1 0
217 89 -1 0
216 89 -1 0
215 89 -1 0
214 89 -1 0
213 89 -1 0
212 89 -1 0
211 89 -1 0
210 89 -1 0
209 89 -1 0
208 89 -1 0
207 89 -1 0
206 89 -1 0
205 89 -1 0
204 89 -1 0
203 89 -1 0
223 88 -1 0
222 88 -1 0
221 88 -1 0
220 88 -1 0
219 88 -1 0
218 88 -1 0
217 88 -1 0
216 88 -1 0
215 88 -1 0
214 88 -1 0
213 88 -1 0
212 88 -1 0
211 88 -1 0
210 88 -1 0
209 88 -1 0
208 88 -1 0
207 88 -1 0
206 88 -1 0
205 88 -1 0
204 88 -1 0
203 88 -1 0
220 87 -1 0
219 87 -1 0
218 87 -1 0
217 87 -1 0
216 87 -1 0
215 87 -1 0
214 87 -1 0
213 87 -1 0
212 87 -1 0
211 87 -1 0
210 87 -1 0
209 87 -1 0
208 87 -1 0
207 87 -1 0
206 87 -1 0
205 87 -1 0
204 87 -1 0
203 87 -1 0
217 86 -1 0
216 86 -1 0
215 86 -1 0
214 86 -1 0
213 86 -1 0
212 86 -1 0
211 86 -1 0
210 86 -1 0
209 86 -1 0
208 86 -1 0
207 86 -1 0
206 86 -1 0
205 86 -1 0
204 86 -1 0
212 85 -1 0
211 85 -1 0
209 85 -1 0
208 85 -1 0
207 85 -1 0
