2965 408 341
299 254 -1 0
298 254 -1 0
302 253 -1 0
301 253 -1 0
300 253 -1 0
299 253 -1 0
298 253 -1 0
297 253 -1 0
296 253 -1 0
295 253 -1 0
303 252 -1 0
302 252 -1 0
301 252 -1 0
300 252 -1 0
299 252 -1 0
298 252 -1 0
297 252 -1 0
296 252 -1 0
295 252 -1 0
294 252 -1 0
304 251 -1 0
303 251 -1 0
302 251 -1 0
301 251 -1 0
300 251 -1 0
299 251 -1 0
298 251 -1 0
297 251 -1 0
296 251 -1 0
295 251 -1 0
294 251 -1 0
305 250 -1 0
304 250 -1 0
303 250 -1 0
302 250 -1 0
301 250 -1 0
300 250 -1 0
299 250 -1 0
298 250 -1 0
297 250 -1 0
296 250 -1 0
295 250 -1 0
294 250 -1 0
306 249 -1 0
305 249 -1 0
304 249 -1 0
303 249 -1 0
302 249 -1 0
301 249 -1 0
300 249 -1 0
299 249 -1 0
298 249 -1 0
297 249 -1 0
296 249 -1 0
295 249 -1 0
294 249 -1 0
293 249 -1 0
307 248 -1 0
306 248 -1 0
305 248 -1 0
304 248 -1 0
303 248 -1 0
302 248 -1 0
301 248 -1 0
300 248 -1 0
299 248 -1 0
298 248 -1 0
297 248 -1 0
296 248 -1 0
295 248 -1 0
294 248 -1 0
308 247 -1 0
307 247 -1 0
306 247 -1 0
305 247 -1 0
304 247 -1 0
303 247 -1 0
302 247 -1 0
301 247 -1 0
300 247 -1 0
299 247 -1 0
298 247 -1 0
297 247 -1 0
296 247 -1 0
295 247 -1 0
294 247 -1 0
310 246 -1 0
309 246 -1 0
308 246 -1 0
307 246 -1 0
306 246 -1 0
305 246 -1 0
304 246 -1 0
303 246 -1 0
302 246 -1 0
301 246 -1 0
300 246 -1 0
299 246 -1 0
298 246 -1 0
297 246 -1 0
296 246 -1 0
295 246 -1 0
294 246 -1 0
311 245 -1 0
310 245 -1 0
309 245 -1 0
308 245 -1 0
307 245 -1 0
306 245 -1 0
305 245 -1 0
304 245 -1 0
303 245 -1 0
302 245 -1 0
301 245 -1 0
300 245 -1 0
299 245 -1 0
298 245 -1 0
297 245 -1 0
296 245 -1 0
295 245 -1 0
312 244 -1 0
311 244 -1 0
310 244 -1 0
309 244 -1 0
308 244 -1 0
307 244 -1 0
306 244 -1 0
305 244 -1 0
304 244 -1 0
303 244 -1 0
302 244 -1 0
301 244 -1 0
300 244 -1 0
299 244 -1 0
298 244 -1 0
297 244 -1 0
312 243 -1 0
311 243 -1 0
310 243 -1 0
309 243 -1 0
308 243 -1 0
307 243 -1 0
306 243 -1 0
305 243 -1 0
304 243 -1 0
303 243 -1 0
302 243 -1 0
301 243 -1 0
300 243 -1 0
299 243 -1 0
298 243 -1 0
297 243 -1 0
312 242 -1 0
311 242 -1 0
310 242 -1 0
309 242 -1 0
308 242 -1 0
307 242 -1 0
306 242 -1 0
305 242 -1 0
304 242 -1 0
303 242 -1 0
302 242 -1 0
301 242 -1 0
300 242 -1 0
299 242 -1 0
298 242 -1 0
315 241 -1 0
314 241 -1 0
313 241 -1 0
312 241 -1 0
311 241 -1 0
310 241 -1 0
309 241 -1 0
308 241 -1 0
307 241 -1 0
306 241 -1 0
305 241 -1 0
304 241 -1 0
303 241 -1 0
302 241 -1 0
301 241 -1 0
300 241 -1 0
316 240 -1 0
315 240 -1 0
314 240 -1 0
313 240 -1 0
312 240 -1 0
311 240 -1 0
310 240 -1 0
309 240 -1 0
308 240 -1 0
307 240 -1 0
306 240 -1 0
305 240 -1 0
304 240 -1 0
303 240 -1 0
302 240 -1 0
301 240 -1 0
317 239 -1 0
316 239 -1 0
315 239 -1 0
314 239 -1 0
313 239 -1 0
312 239 -1 0
311 239 -1 0
310 239 -1 0
309 239 -1 0
308 239 -1 0
307 239 -1 0
306 239 -1 0
305 239 -1 0
304 239 -1 0
303 239 -1 0
318 238 -1 0
317 238 -1 0
316 238 -1 0
315 238 -1 0
314 238 -1 0
313 238 -1 0
312 238 -1 0
311 238 -1 0
310 238 -1 0
309 238 -1 0
308 238 -1 0
307 238 -1 0
306 238 -1 0
305 238 -1 0
304 238 -1 0
319 237 -1 0
318 237 -1 0
317 237 -1 0
316 237 -1 0
315 237 -1 0
314 237 -1 0
313 237 -1 0
312 237 -1 0
311 237 -1 0
310 237 -1 0
309 237 -1 0
308 237 -1 0
307 237 -1 0
306 237 -1 0
305 237 -1 0
320 236 -1 0
319 236 -1 0
318 236 -1 0
317 236 -1 0
316 236 -1 0
315 236 -1 0
314 236 -1 0
313 236 -1 0
312 236 -1 0
311 236 -1 0
310 236 -1 0
309 236 -1 0
308 236 -1 0
321 235 -1 0
320 235 -1 0
319 235 -1 0
318 235 -1 0
317 235 -1 0
316 235 -1 0
315 235 -1 0
314 235 -1 0
313 235 -1 0
312 235 -1 0
311 235 -1 0
310 235 -1 0
309 235 -1 0
308 235 -1 0
322 234 -1 0
321 234 -1 0
320 234 -1 0
319 234 -1 0
318 234 -1 0
317 234 -1 0
316 234 -1 0
315 234 -1 0
314 234 -1 0
313 234 -1 0
312 234 -1 0
311 234 -1 0
310 234 -1 0
309 234 -1 0
308 234 -1 0
323 233 -1 0
322 233 -1 0
321 233 -1 0
320 233 -1 0
319 233 -1 0
318 233 -1 0
317 233 -1 0
316 233 -1 0
315 233 -1 0
314 233 -1 0
313 233 -1 0
312 233 -1 0
311 233 -1 0
310 233 -1 0
309 233 -1 0
324 232 -1 0
323 232 -1 0
322 232 -1 0
321 232 -1 0
320 232 -1 0
319 232 -1 0
318 232 -1 0
317 232 -1 0
316 232 -1 0
315 232 -1 0
314 232 -1 0
313 232 -1 0
312 232 -1 0
311 232 -1 0
310 232 -1 0
325 231 -1 0
324 231 -1 0
323 231 -1 0
322 231 -1 0
321 231 -1 0
320 231 -1 0
319 231 -1 0
318 231 -1 0
317 231 -1 0
316 231 -1 0
315 231 -1 0
314 231 -1 0
313 231 -1 0
312 231 -1 0
311 231 -1 0
325 230 -1 0
324 230 -1 0
323 230 -1 0
322 230 -1 0
321 230 -1 0
320 230 -1 0
319 230 -1 0
318 230 -1 0
317 230 -1 0
316 230 -1 0
315 230 -1 0
314 230 -1 0
313 230 -1 0
312 230 -1 0
326 229 -1 0
325 229 -1 0
324 229 -1 0
323 229 -1 0
322 229 -1 0
321 229 -1 0
320 229 -1 0
319 229 -1 0
318 229 -1 0
317 229 -1 0
316 229 -1 0
315 229 -1 0
314 229 -1 0
313 229 -1 0
327 228 -1 0
326 228 -1 0
325 228 -1 0
324 228 -1 0
323 228 -1 0
322 228 -1 0
321 228 -1 0
320 228 -1 0
319 228 -1 0
318 228 -1 0
317 228 -1 0
316 228 -1 0
315 228 -1 0
314 228 -1 0
328 227 -1 0
327 227 -1 0
326 227 -1 0
325 227 -1 0
324 227 -1 0
323 227 -1 0
322 227 -1 0
321 227 -1 0
320 227 -1 0
319 227 -1 0
318 227 -1 0
317 227 -1 0
316 227 -1 0
315 227 -1 0
328 226 -1 0
327 226 -1 0
326 226 -1 0
325 226 -1 0
324 226 -1 0
323 226 -1 0
322 226 -1 0
321 226 -1 0
320 226 -1 0
319 226 -1 0
318 226 -1 0
317 226 -1 0
316 226 -1 0
328 225 -1 0
327 225 -1 0
326 225 -1 0
325 225 -1 0
324 225 -1 0
323 225 -1 0
322 225 -1 0
321 225 -1 0
320 225 -1 0
319 225 -1 0
318 225 -1 0
317 225 -1 0
329 224 -1 0
328 224 -1 0
327 224 -1 0
326 224 -1 0
325 224 -1 0
324 224 -1 0
323 224 -1 0
322 224 -1 0
321 224 -1 0
320 224 -1 0
319 224 -1 0
318 224 -1 0
329 223 -1 0
328 223 -1 0
327 223 -1 0
326 223 -1 0
325 223 -1 0
324 223 -1 0
323 223 -1 0
322 223 -1 0
321 223 -1 0
320 223 -1 0
319 223 -1 0
330 222 -1 0
329 222 -1 0
328 222 -1 0
327 222 -1 0
326 222 -1 0
325 222 -1 0
324 222 -1 0
323 222 -1 0
322 222 -1 0
321 222 -1 0
320 222 -1 0
319 222 -1 0
331 221 -1 0
330 221 -1 0
329 221 -1 0
328 221 -1 0
327 221 -1 0
326 221 -1 0
325 221 -1 0
324 221 -1 0
323 221 -1 0
322 221 -1 0
321 221 -1 0
320 221 -1 0
332 220 -1 0
331 220 -1 0
330 220 -1 0
329 220 -1 0
328 220 -1 0
327 220 -1 0
326 220 -1 0
325 220 -1 0
324 220 -1 0
323 220 -1 0
322 220 -1 0
321 220 -1 0
320 220 -1 0
332 219 -1 0
331 219 -1 0
330 219 -1 0
329 219 -1 0
328 219 -1 0
327 219 -1 0
326 219 -1 0
325 219 -1 0
324 219 -1 0
323 219 -1 0
322 219 -1 0
321 219 -1 0
332 218 -1 0
331 218 -1 0
330 218 -1 0
329 218 -1 0
328 218 -1 0
327 218 -1 0
326 218 -1 0
325 218 -1 0
324 218 -1 0
323 218 -1 0
322 218 -1 0
321 218 -1 0
333 217 -1 0
332 217 -1 0
331 217 -1 0
330 217 -1 0
329 217 -1 0
328 217 -1 0
327 217 -1 0
326 217 -1 0
325 217 -1 0
324 217 -1 0
323 217 -1 0
322 217 -1 0
321 217 -1 0
334 216 -1 0
333 216 -1 0
332 216 -1 0
331 216 -1 0
330 216 -1 0
329 216 -1 0
328 216 -1 0
327 216 -1 0
326 216 -1 0
325 216 -1 0
324 216 -1 0
323 216 -1 0
322 216 -1 0
334 215 -1 0
333 215 -1 0
332 215 -1 0
331 215 -1 0
330 215 -1 0
329 215 -1 0
328 215 -1 0
327 215 -1 0
326 215 -1 0
325 215 -1 0
324 215 -1 0
323 215 -1 0
334 214 -1 0
333 214 -1 0
332 214 -1 0
331 214 -1 0
330 214 -1 0
329 214 -1 0
328 214 -1 0
327 214 -1 0
326 214 -1 0
325 214 -1 0
324 214 -1 0
335 213 -1 0
334 213 -1 0
333 213 -1 0
332 213 -1 0
331 213 -1 0
330 213 -1 0
329 213 -1 0
328 213 -1 0
327 213 -1 0
326 213 -1 0
325 213 -1 0
335 212 -1 0
334 212 -1 0
333 212 -1 0
332 212 -1 0
331 212 -1 0
330 212 -1 0
329 212 -1 0
328 212 -1 0
327 212 -1 0
326 212 -1 0
335 211 -1 0
334 211 -1 0
333 211 -1 0
332 211 -1 0
331 211 -1 0
330 211 -1 0
329 211 -1 0
328 211 -1 0
327 211 -1 0
326 211 -1 0
336 210 -1 0
335 210 -1 0
334 210 -1 0
333 210 -1 0
332 210 -1 0
331 210 -1 0
330 210 -1 0
329 210 -1 0
328 210 -1 0
327 210 -1 0
326 210 -1 0
336 209 -1 0
335 209 -1 0
334 209 -1 0
333 209 -1 0
332 209 -1 0
331 209 -1 0
330 209 -1 0
329 209 -1 0
328 209 -1 0
327 209 -1 0
336 208 -1 0
335 208 -1 0
334 208 -1 0
333 208 -1 0
332 208 -1 0
331 208 -1 0
330 208 -1 0
329 208 -1 0
328 208 -1 0
327 208 -1 0
336 207 -1 0
335 207 -1 0
334 207 -1 0
333 207 -1 0
332 207 -1 0
331 207 -1 0
330 207 -1 0
329 207 -1 0
328 207 -1 0
327 207 -1 0
337 206 -1 0
336 206 -1 0
335 206 -1 0
334 206 -1 0
333 206 -1 0
332 206 -1 0
331 206 -1 0
330 206 -1 0
329 206 -1 0
328 206 -1 0
327 206 -1 0
336 205 -1 0
335 205 -1 0
334 205 -1 0
333 205 -1 0
332 205 -1 0
331 205 -1 0
330 205 -1 0
329 205 -1 0
328 205 -1 0
338 204 -1 0
337 204 -1 0
336 204 -1 0
335 204 -1 0
334 204 -1 0
333 204 -1 0
332 204 -1 0
331 204 -1 0
330 204 -1 0
329 204 -1 0
328 204 -1 0
339 203 -1 0
338 203 -1 0
337 203 -1 0
336 203 -1 0
335 203 -1 0
334 203 -1 0
333 203 -1 0
332 203 -1 0
331 203 -1 0
330 203 -1 0
329 203 -1 0
328 203 -1 0
339 202 -1 0
338 202 -1 0
337 202 -1 0
336 202 -1 0
335 202 -1 0
334 202 -1 0
333 202 -1 0
332 202 -1 0
331 202 -1 0
330 202 -1 0
329 202 -1 0
339 201 -1 0
338 201 -1 0
337 201 -1 0
336 201 -1 0
335 201 -1 0
334 201 -1 0
333 201 -1 0
332 201 -1 0
331 201 -1 0
340 200 -1 0
339 200 -1 0
338 200 -1 0
337 200 -1 0
336 200 -1 0
335 200 -1 0
334 200 -1 0
333 200 -1 0
332 200 -1 0
331 200 -1 0
330 200 -1 0
339 199 -1 0
338 199 -1 0
337 199 -1 0
336 199 -1 0
335 199 -1 0
334 199 -1 0
333 199 -1 0
332 199 -1 0
331 199 -1 0
340 198 -1 0
339 198 -1 0
338 198 -1 0
337 198 -1 0
336 198 -1 0
335 198 -1 0
334 198 -1 0
333 198 -1 0
332 198 -1 0
331 198 -1 0
340 197 -1 0
339 197 -1 0
338 197 -1 0
337 197 -1 0
336 197 -1 0
335 197 -1 0
334 197 -1 0
333 197 -1 0
332 197 -1 0
331 197 -1 0
340 196 -1 0
339 196 -1 0
338 196 -1 0
337 196 -1 0
336 196 -1 0
335 196 -1 0
334 196 -1 0
333 196 -1 0
332 196 -1 0
341 195 -1 0
340 195 -1 0
339 195 -1 0
338 195 -1 0
337 195 -1 0
336 195 -1 0
335 195 -1 0
334 195 -1 0
333 195 -1 0
332 195 -1 0
331 195 -1 0
340 194 -1 0
339 194 -1 0
338 194 -1 0
337 194 -1 0
336 194 -1 0
335 194 -1 0
334 194 -1 0
333 194 -1 0
332 194 -1 0
343 193 -1 0
342 193 -1 0
341 193 -1 0
340 193 -1 0
339 193 -1 0
338 193 -1 0
337 193 -1 0
336 193 -1 0
335 193 -1 0
334 193 -1 0
333 193 -1 0
332 193 -1 0
344 192 -1 0
343 192 -1 0
342 192 -1 0
341 192 -1 0
340 192 -1 0
339 192 -1 0
338 192 -1 0
337 192 -1 0
336 192 -1 0
335 192 -1 0
334 192 -1 0
333 192 -1 0
332 192 -1 0
344 191 -1 0
343 191 -1 0
342 191 -1 0
341 191 -1 0
340 191 -1 0
339 191 -1 0
338 191 -1 0
337 191 -1 0
336 191 -1 0
335 191 -1 0
334 191 -1 0
333 191 -1 0
344 190 -1 0
343 190 -1 0
342 190 -1 0
341 190 -1 0
340 190 -1 0
339 190 -1 0
338 190 -1 0
337 190 -1 0
336 190 -1 0
345 189 -1 0
344 189 -1 0
343 189 -1 0
342 189 -1 0
341 189 -1 0
340 189 -1 0
339 189 -1 0
338 189 -1 0
337 189 -1 0
336 189 -1 0
335 189 -1 0
344 188 -1 0
343 188 -1 0
342 188 -1 0
341 188 -1 0
340 188 -1 0
339 188 -1 0
338 188 -1 0
337 188 -1 0
336 188 -1 0
344 187 -1 0
343 187 -1 0
342 187 -1 0
341 187 -1 0
340 187 -1 0
339 187 -1 0
338 187 -1 0
337 187 -1 0
336 187 -1 0
345 186 -1 0
344 186 -1 0
343 186 -1 0
342 186 -1 0
341 186 -1 0
340 186 -1 0
339 186 -1 0
338 186 -1 0
337 186 -1 0
336 186 -1 0
335 186 -1 0
344 185 -1 0
343 185 -1 0
342 185 -1 0
341 185 -1 0
340 185 -1 0
339 185 -1 0
338 185 -1 0
337 185 -1 0
336 185 -1 0
344 184 -1 0
343 184 -1 0
342 184 -1 0
341 184 -1 0
340 184 -1 0
339 184 -1 0
338 184 -1 0
337 184 -1 0
336 184 -1 0
345 183 -1 0
344 183 -1 0
343 183 -1 0
342 183 -1 0
341 183 -1 0
340 183 -1 0
339 183 -1 0
338 183 -1 0
337 183 -1 0
336 183 -1 0
345 182 -1 0
344 182 -1 0
343 182 -1 0
342 182 -1 0
341 182 -1 0
340 182 -1 0
339 182 -1 0
338 182 -1 0
337 182 -1 0
345 181 -1 0
344 181 -1 0
343 181 -1 0
342 181 -1 0
341 181 -1 0
340 181 -1 0
339 181 -1 0
338 181 -1 0
337 181 -1 0
346 180 -1 0
345 180 -1 0
344 180 -1 0
343 180 -1 0
342 180 -1 0
341 180 -1 0
340 180 -1 0
339 180 -1 0
338 180 -1 0
337 180 -1 0
336 180 -1 0
345 179 -1 0
344 179 -1 0
343 179 -1 0
342 179 -1 0
341 179 -1 0
340 179 -1 0
339 179 -1 0
338 179 -1 0
337 179 -1 0
347 178 -1 0
346 178 -1 0
345 178 -1 0
344 178 -1 0
343 178 -1 0
342 178 -1 0
341 178 -1 0
340 178 -1 0
339 178 -1 0
338 178 -1 0
337 178 -1 0
350 177 -1 0
349 177 -1 0
348 177 -1 0
347 177 -1 0
346 177 -1 0
345 177 -1 0
344 177 -1 0
343 177 -1 0
342 177 -1 0
341 177 -1 0
340 177 -1 0
339 177 -1 0
338 177 -1 0
337 177 -1 0
351 176 -1 0
350 176 -1 0
349 176 -1 0
348 176 -1 0
347 176 -1 0
346 176 -1 0
345 176 -1 0
344 176 -1 0
343 176 -1 0
342 176 -1 0
341 176 -1 0
340 176 -1 0
339 176 -1 0
338 176 -1 0
351 175 -1 0
350 175 -1 0
349 175 -1 0
348 175 -1 0
347 175 -1 0
346 175 -1 0
345 175 -1 0
344 175 -1 0
343 175 -1 0
342 175 -1 0
341 175 -1 0
340 175 -1 0
339 175 -1 0
338 175 -1 0
337 175 -1 0
351 174 -1 0
350 174 -1 0
349 174 -1 0
348 174 -1 0
347 174 -1 0
346 174 -1 0
345 174 -1 0
344 174 -1 0
343 174 -1 0
342 174 -1 0
341 174 -1 0
340 174 -1 0
339 174 -1 0
338 174 -1 0
352 173 -1 0
351 173 -1 0
350 173 -1 0
349 173 -1 0
348 173 -1 0
347 173 -1 0
346 173 -1 0
345 173 -1 0
344 173 -1 0
343 173 -1 0
342 173 -1 0
341 173 -1 0
340 173 -1 0
339 173 -1 0
338 173 -1 0
351 172 -1 0
350 172 -1 0
349 172 -1 0
348 172 -1 0
347 172 -1 0
346 172 -1 0
345 172 -1 0
344 172 -1 0
343 172 -1 0
342 172 -1 0
341 172 -1 0
340 172 -1 0
339 172 -1 0
338 172 -1 0
351 171 -1 0
350 171 -1 0
349 171 -1 0
348 171 -1 0
347 171 -1 0
346 171 -1 0
345 171 -1 0
344 171 -1 0
343 171 -1 0
342 171 -1 0
341 171 -1 0
340 171 -1 0
339 171 -1 0
351 170 -1 0
350 170 -1 0
349 170 -1 0
348 170 -1 0
347 170 -1 0
346 170 -1 0
345 170 -1 0
344 170 -1 0
343 170 -1 0
342 170 -1 0
341 170 -1 0
340 170 -1 0
339 170 -1 0
350 169 -1 0
349 169 -1 0
348 169 -1 0
347 169 -1 0
346 169 -1 0
345 169 -1 0
344 169 -1 0
343 169 -1 0
342 169 -1 0
341 169 -1 0
340 169 -1 0
347 168 -1 0
346 168 -1 0
345 168 -1 0
343 168 -1 0
265 167 -1 1
264 167 -1 1
262 167 -1 1
260 167 -1 1
268 166 -1 1
267 166 -1 1
266 166 -1 1
265 166 -1 1
264 166 -1 1
263 166 -1 1
262 166 -1 1
261 166 -1 1
260 166 -1 1
259 166 -1 1
258 166 -1 1
257 166 -1 1
256 166 -1 1
255 166 -1 1
269 165 -1 1
268 165 -1 1
267 165 -1 1
266 165 -1 1
265 165 -1 1
264 165 -1 1
263 165 -1 1
262 165 -1 1
261 165 -1 1
260 165 -1 1
259 165 -1 1
258 165 -1 1
257 165 -1 1
256 165 -1 1
255 165 -1 1
254 165 -1 1
253 165 -1 1
252 165 -1 1
269 164 -1 1
268 164 -1 1
267 164 -1 1
266 164 -1 1
265 164 -1 1
264 164 -1 1
263 164 -1 1
262 164 -1 1
261 164 -1 1
260 164 -1 1
259 164 -1 1
258 164 -1 1
257 164 -1 1
256 164 -1 1
255 164 -1 1
254 164 -1 1
253 164 -1 1
252 164 -1 1
251 164 -1 1
269 163 -1 1
268 163 -1 1
267 163 -1 1
266 163 -1 1
265 163 -1 1
264 163 -1 1
263 163 -1 1
262 163 -1 1
261 163 -1 1
260 163 -1 1
259 163 -1 1
258 163 -1 1
257 163 -1 1
256 163 -1 1
255 163 -1 1
254 163 -1 1
253 163 -1 1
252 163 -1 1
251 163 -1 1
250 163 -1 1
249 163 -1 1
270 162 -1 1
269 162 -1 1
268 162 -1 1
267 162 -1 1
266 162 -1 1
265 162 -1 1
264 162 -1 1
263 162 -1 1
262 162 -1 1
261 162 -1 1
260 162 -1 1
259 162 -1 1
258 162 -1 1
257 162 -1 1
256 162 -1 1
255 162 -1 1
254 162 -1 1
253 162 -1 1
252 162 -1 1
251 162 -1 1
250 162 -1 1
249 162 -1 1
248 162 -1 1
269 161 -1 1
268 161 -1 1
267 161 -1 1
266 161 -1 1
265 161 -1 1
264 161 -1 1
263 161 -1 1
262 161 -1 1
261 161 -1 1
260 161 -1 1
259 161 -1 1
258 161 -1 1
257 161 -1 1
256 161 -1 1
255 161 -1 1
254 161 -1 1
253 161 -1 1
252 161 -1 1
251 161 -1 1
250 161 -1 1
249 161 -1 1
248 161 -1 1
247 161 -1 1
246 161 -1 1
245 161 -1 1
243 161 -1 1
212 161 -1 1
211 161 -1 1
209 161 -1 1
208 161 -1 1
204 161 -1 1
202 161 -1 1
200 161 -1 1
269 160 -1 1
268 160 -1 1
267 160 -1 1
266 160 -1 1
265 160 -1 1
264 160 -1 1
263 160 -1 1
262 160 -1 1
261 160 -1 1
260 160 -1 1
259 160 -1 1
258 160 -1 1
257 160 -1 1
256 160 -1 1
255 160 -1 1
254 160 -1 1
253 160 -1 1
252 160 -1 1
251 160 -1 1
250 160 -1 1
249 160 -1 1
248 160 -1 1
247 160 -1 1
246 160 -1 1
245 160 -1 1
244 160 -1 1
243 160 -1 1
242 160 -1 1
241 160 -1 1
240 160 -1 1
239 160 -1 1
237 160 -1 1
236 160 -1 1
232 160 -1 1
230 160 -1 1
227 160 -1 1
225 160 -1 1
224 160 -1 1
223 160 -1 1
222 160 -1 1
220 160 -1 1
219 160 -1 1
218 160 -1 1
217 160 -1 1
216 160 -1 1
215 160 -1 1
214 160 -1 1
213 160 -1 1
212 160 -1 1
211 160 -1 1
210 160 -1 1
209 160 -1 1
208 160 -1 1
207 160 -1 1
206 160 -1 1
205 160 -1 1
204 160 -1 1
203 160 -1 1
202 160 -1 1
201 160 -1 1
200 160 -1 1
199 160 -1 1
198 160 -1 1
197 160 -1 1
269 159 -1 1
268 159 -1 1
267 159 -1 1
266 159 -1 1
265 159 -1 1
264 159 -1 1
263 159 -1 1
262 159 -1 1
261 159 -1 1
260 159 -1 1
259 159 -1 1
258 159 -1 1
257 159 -1 1
256 159 -1 1
255 159 -1 1
254 159 -1 1
253 159 -1 1
252 159 -1 1
251 159 -1 1
250 159 -1 1
249 159 -1 1
248 159 -1 1
247 159 -1 1
246 159 -1 1
245 159 -1 1
244 159 -1 1
243 159 -1 1
242 159 -1 1
241 159 -1 1
240 159 -1 1
239 159 -1 1
238 159 -1 1
237 159 -1 1
236 159 -1 1
235 159 -1 1
234 159 -1 1
233 159 -1 1
232 159 -1 1
231 159 -1 1
230 159 -1 1
229 159 -1 1
228 159 -1 1
227 159 -1 1
226 159 -1 1
225 159 -1 1
224 159 -1 1
223 159 -1 1
222 159 -1 1
221 159 -1 1
220 159 -1 1
219 159 -1 1
218 159 -1 1
217 159 -1 1
216 159 -1 1
215 159 -1 1
214 159 -1 1
213 159 -1 1
212 159 -1 1
211 159 -1 1
210 159 -1 1
209 159 -1 1
208 159 -1 1
207 159 -1 1
206 159 -1 1
205 159 -1 1
204 159 -1 1
203 159 -1 1
202 159 -1 1
201 159 -1 1
200 159 -1 1
199 159 -1 1
198 159 -1 1
197 159 -1 1
196 159 -1 1
268 158 -1 1
267 158 -1 1
266 158 -1 1
265 158 -1 1
264 158 -1 1
263 158 -1 1
262 158 -1 1
261 158 -1 1
260 158 -1 1
259 158 -1 1
258 158 -1 1
257 158 -1 1
256 158 -1 1
255 158 -1 1
254 158 -1 1
253 158 -1 1
252 158 -1 1
251 158 -1 1
250 158 -1 1
249 158 -1 1
248 158 -1 1
247 158 -1 1
246 158 -1 1
245 158 -1 1
244 158 -1 1
243 158 -1 1
242 158 -1 1
241 158 -1 1
240 158 -1 1
239 158 -1 1
238 158 -1 1
237 158 -1 1
236 158 -1 1
235 158 -1 1
234 158 -1 1
233 158 -1 1
232 158 -1 1
231 158 -1 1
230 158 -1 1
229 158 -1 1
228 158 -1 1
227 158 -1 1
226 158 -1 1
225 158 -1 1
224 158 -1 1
223 158 -1 1
222 158 -1 1
221 158 -1 1
220 158 -1 1
219 158 -1 1
218 158 -1 1
217 158 -1 1
216 158 -1 1
215 158 -1 1
214 158 -1 1
213 158 -1 1
212 158 -1 1
211 158 -1 1
210 158 -1 1
209 158 -1 1
208 158 -1 1
207 158 -1 1
206 158 -1 1
205 158 -1 1
204 158 -1 1
203 158 -1 1
202 158 -1 1
201 158 -1 1
200 158 -1 1
199 158 -1 1
198 158 -1 1
197 158 -1 1
196 158 -1 1
265 157 -1 1
264 157 -1 1
262 157 -1 1
261 157 -1 1
260 157 -1 1
259 157 -1 1
258 157 -1 1
257 157 -1 1
256 157 -1 1
255 157 -1 1
254 157 -1 1
253 157 -1 1
252 157 -1 1
251 157 -1 1
250 157 -1 1
249 157 -1 1
248 157 -1 1
247 157 -1 1
246 157 -1 1
245 157 -1 1
244 157 -1 1
243 157 -1 1
242 157 -1 1
241 157 -1 1
240 157 -1 1
239 157 -1 1
238 157 -1 1
237 157 -1 1
236 157 -1 1
235 157 -1 1
234 157 -1 1
233 157 -1 1
232 157 -1 1
231 157 -1 1
230 157 -1 1
229 157 -1 1
228 157 -1 1
227 157 -1 1
226 157 -1 1
225 157 -1 1
224 157 -1 1
223 157 -1 1
222 157 -1 1
221 157 -1 1
220 157 -1 1
219 157 -1 1
218 157 -1 1
217 157 -1 1
216 157 -1 1
215 157 -1 1
214 157 -1 1
213 157 -1 1
212 157 -1 1
211 157 -1 1
210 157 -1 1
209 157 -1 1
208 157 -1 1
207 157 -1 1
206 157 -1 1
205 157 -1 1
204 157 -1 1
203 157 -1 1
202 157 -1 1
201 157 -1 1
200 157 -1 1
199 157 -1 1
198 157 -1 1
197 157 -1 1
196 157 -1 1
259 156 -1 1
258 156 -1 1
257 156 -1 1
256 156 -1 1
255 156 -1 1
254 156 -1 1
253 156 -1 1
252 156 -1 1
251 156 -1 1
250 156 -1 1
249 156 -1 1
248 156 -1 1
247 156 -1 1
246 156 -1 1
245 156 -1 1
244 156 -1 1
243 156 -1 1
242 156 -1 1
241 156 -1 1
240 156 -1 1
239 156 -1 1
238 156 -1 1
237 156 -1 1
236 156 -1 1
235 156 -1 1
234 156 -1 1
233 156 -1 1
232 156 -1 1
231 156 -1 1
230 156 -1 1
229 156 -1 1
228 156 -1 1
227 156 -1 1
226 156 -1 1
225 156 -1 1
224 156 -1 1
223 156 -1 1
222 156 -1 1
221 156 -1 1
220 156 -1 1
219 156 -1 1
218 156 -1 1
217 156 -1 1
216 156 -1 1
215 156 -1 1
214 156 -1 1
213 156 -1 1
212 156 -1 1
211 156 -1 1
210 156 -1 1
209 156 -1 1
208 156 -1 1
207 156 -1 1
206 156 -1 1
205 156 -1 1
204 156 -1 1
203 156 -1 1
202 156 -1 1
201 156 -1 1
200 156 -1 1
199 156 -1 1
198 156 -1 1
197 156 -1 1
196 156 -1 1
195 156 -1 1
255 155 -1 1
254 155 -1 1
253 155 -1 1
252 155 -1 1
251 155 -1 1
250 155 -1 1
249 155 -1 1
248 155 -1 1
247 155 -1 1
246 155 -1 1
245 155 -1 1
244 155 -1 1
243 155 -1 1
242 155 -1 1
241 155 -1 1
240 155 -1 1
239 155 -1 1
238 155 -1 1
237 155 -1 1
236 155 -1 1
235 155 -1 1
234 155 -1 1
233 155 -1 1
232 155 -1 1
231 155 -1 1
230 155 -1 1
229 155 -1 1
228 155 -1 1
227 155 -1 1
226 155 -1 1
225 155 -1 1
224 155 -1 1
223 155 -1 1
222 155 -1 1
221 155 -1 1
220 155 -1 1
219 155 -1 1
218 155 -1 1
217 155 -1 1
216 155 -1 1
215 155 -1 1
214 155 -1 1
213 155 -1 1
212 155 -1 1
211 155 -1 1
210 155 -1 1
209 155 -1 1
208 155 -1 1
207 155 -1 1
206 155 -1 1
205 155 -1 1
204 155 -1 1
203 155 -1 1
202 155 -1 1
201 155 -1 1
200 155 -1 1
199 155 -1 1
198 155 -1 1
197 155 -1 1
196 155 -1 1
254 154 -1 1
253 154 -1 1
252 154 -1 1
251 154 -1 1
250 154 -1 1
249 154 -1 1
248 154 -1 1
247 154 -1 1
246 154 -1 1
245 154 -1 1
244 154 -1 1
243 154 -1 1
242 154 -1 1
241 154 -1 1
240 154 -1 1
239 154 -1 1
238 154 -1 1
237 154 -1 1
236 154 -1 1
235 154 -1 1
234 154 -1 1
233 154 -1 1
232 154 -1 1
231 154 -1 1
230 154 -1 1
229 154 -1 1
228 154 -1 1
227 154 -1 1
226 154 -1 1
225 154 -1 1
224 154 -1 1
223 154 -1 1
222 154 -1 1
221 154 -1 1
220 154 -1 1
219 154 -1 1
218 154 -1 1
217 154 -1 1
216 154 -1 1
215 154 -1 1
214 154 -1 1
213 154 -1 1
212 154 -1 1
211 154 -1 1
210 154 -1 1
209 154 -1 1
208 154 -1 1
207 154 -1 1
206 154 -1 1
205 154 -1 1
204 154 -1 1
203 154 -1 1
202 154 -1 1
201 154 -1 1
200 154 -1 1
199 154 -1 1
198 154 -1 1
197 154 -1 1
196 154 -1 1
253 153 -1 1
252 153 -1 1
251 153 -1 1
250 153 -1 1
249 153 -1 1
248 153 -1 1
247 153 -1 1
246 153 -1 1
245 153 -1 1
244 153 -1 1
243 153 -1 1
242 153 -1 1
241 153 -1 1
240 153 -1 1
239 153 -1 1
238 153 -1 1
237 153 -1 1
236 153 -1 1
235 153 -1 1
234 153 -1 1
233 153 -1 1
232 153 -1 1
231 153 -1 1
230 153 -1 1
229 153 -1 1
228 153 -1 1
227 153 -1 1
226 153 -1 1
225 153 -1 1
224 153 -1 1
223 153 -1 1
222 153 -1 1
221 153 -1 1
220 153 -1 1
219 153 -1 1
218 153 -1 1
217 153 -1 1
216 153 -1 1
215 153 -1 1
214 153 -1 1
213 153 -1 1
212 153 -1 1
211 153 -1 1
210 153 -1 1
209 153 -1 1
208 153 -1 1
207 153 -1 1
206 153 -1 1
205 153 -1 1
204 153 -1 1
203 153 -1 1
202 153 -1 1
201 153 -1 1
200 153 -1 1
199 153 -1 1
198 153 -1 1
197 153 -1 1
196 153 -1 1
152 153 -1 0
151 153 -1 0
250 152 -1 1
249 152 -1 1
248 152 -1 1
247 152 -1 1
246 152 -1 1
245 152 -1 1
244 152 -1 1
243 152 -1 1
242 152 -1 1
241 152 -1 1
240 152 -1 1
239 152 -1 1
238 152 -1 1
237 152 -1 1
236 152 -1 1
235 152 -1 1
234 152 -1 1
233 152 -1 1
232 152 -1 1
231 152 -1 1
230 152 -1 1
229 152 -1 1
228 152 -1 1
227 152 -1 1
226 152 -1 1
225 152 -1 1
224 152 -1 1
223 152 -1 1
222 152 -1 1
221 152 -1 1
220 152 -1 1
219 152 -1 1
218 152 -1 1
217 152 -1 1
216 152 -1 1
215 152 -1 1
214 152 -1 1
213 152 -1 1
212 152 -1 1
211 152 -1 1
210 152 -1 1
209 152 -1 1
208 152 -1 1
207 152 -1 1
206 152 -1 1
205 152 -1 1
204 152 -1 1
203 152 -1 1
202 152 -1 1
201 152 -1 1
200 152 -1 1
199 152 -1 1
198 152 -1 1
197 152 -1 1
155 152 -1 0
154 152 -1 0
153 152 -1 0
152 152 -1 0
151 152 -1 0
150 152 -1 0
149 152 -1 0
148 152 -1 0
247 151 -1 1
245 151 -1 1
244 151 -1 1
243 151 -1 1
242 151 -1 1
241 151 -1 1
240 151 -1 1
239 151 -1 1
238 151 -1 1
237 151 -1 1
236 151 -1 1
235 151 -1 1
234 151 -1 1
233 151 -1 1
232 151 -1 1
231 151 -1 1
230 151 -1 1
229 151 -1 1
228 151 -1 1
227 151 -1 1
226 151 -1 1
225 151 -1 1
224 151 -1 1
223 151 -1 1
222 151 -1 1
221 151 -1 1
220 151 -1 1
219 151 -1 1
218 151 -1 1
217 151 -1 1
216 151 -1 1
215 151 -1 1
214 151 -1 1
213 151 -1 1
212 151 -1 1
211 151 -1 1
209 151 -1 1
208 151 -1 1
204 151 -1 1
202 151 -1 1
200 151 -1 1
156 151 -1 0
155 151 -1 0
154 151 -1 0
153 151 -1 0
152 151 -1 0
151 151 -1 0
150 151 -1 0
149 151 -1 0
148 151 -1 0
147 151 -1 0
241 150 -1 1
240 150 -1 1
239 150 -1 1
237 150 -1 1
236 150 -1 1
232 150 -1 1
230 150 -1 1
227 150 -1 1
225 150 -1 1
224 150 -1 1
223 150 -1 1
222 150 -1 1
220 150 -1 1
219 150 -1 1
218 150 -1 1
217 150 -1 1
216 150 -1 1
215 150 -1 1
214 150 -1 1
156 150 -1 0
155 150 -1 0
154 150 -1 0
153 150 -1 0
152 150 -1 0
151 150 -1 0
150 150 -1 0
149 150 -1 0
148 150 -1 0
147 150 -1 0
156 149 -1 0
155 149 -1 0
154 149 -1 0
153 149 -1 0
152 149 -1 0
151 149 -1 0
150 149 -1 0
149 149 -1 0
148 149 -1 0
147 149 -1 0
157 148 -1 0
156 148 -1 0
155 148 -1 0
154 148 -1 0
153 148 -1 0
152 148 -1 0
151 148 -1 0
150 148 -1 0
149 148 -1 0
148 148 -1 0
147 148 -1 0
146 148 -1 0
156 147 -1 0
155 147 -1 0
154 147 -1 0
153 147 -1 0
152 147 -1 0
151 147 -1 0
150 147 -1 0
149 147 -1 0
148 147 -1 0
147 147 -1 0
146 147 -1 0
156 146 -1 0
155 146 -1 0
154 146 -1 0
153 146 -1 0
152 146 -1 0
151 146 -1 0
150 146 -1 0
149 146 -1 0
148 146 -1 0
147 146 -1 0
156 145 -1 0
155 145 -1 0
154 145 -1 0
153 145 -1 0
152 145 -1 0
151 145 -1 0
150 145 -1 0
149 145 -1 0
148 145 -1 0
147 145 -1 0
155 144 -1 0
154 144 -1 0
153 144 -1 0
152 144 -1 0
151 144 -1 0
150 144 -1 0
149 144 -1 0
148 144 -1 0
147 144 -1 0
156 143 -1 0
155 143 -1 0
154 143 -1 0
153 143 -1 0
152 143 -1 0
151 143 -1 0
150 143 -1 0
149 143 -1 0
148 143 -1 0
147 143 -1 0
146 143 -1 0
155 142 -1 0
154 142 -1 0
153 142 -1 0
152 142 -1 0
151 142 -1 0
150 142 -1 0
149 142 -1 0
148 142 -1 0
147 142 -1 0
156 141 -1 0
155 141 -1 0
154 141 -1 0
153 141 -1 0
152 141 -1 0
151 141 -1 0
150 141 -1 0
149 141 -1 0
148 141 -1 0
147 141 -1 0
156 140 -1 0
155 140 -1 0
154 140 -1 0
153 140 -1 0
152 140 -1 0
151 140 -1 0
150 140 -1 0
149 140 -1 0
148 140 -1 0
147 140 -1 0
156 139 -1 0
155 139 -1 0
154 139 -1 0
153 139 -1 0
152 139 -1 0
151 139 -1 0
150 139 -1 0
149 139 -1 0
148 139 -1 0
157 138 -1 0
156 138 -1 0
155 138 -1 0
154 138 -1 0
153 138 -1 0
152 138 -1 0
151 138 -1 0
150 138 -1 0
149 138 -1 0
148 138 -1 0
147 138 -1 0
158 137 -1 0
157 137 -1 0
156 137 -1 0
155 137 -1 0
154 137 -1 0
153 137 -1 0
152 137 -1 0
151 137 -1 0
150 137 -1 0
149 137 -1 0
148 137 -1 0
158 136 -1 0
157 136 -1 0
156 136 -1 0
155 136 -1 0
154 136 -1 0
153 136 -1 0
152 136 -1 0
151 136 -1 0
150 136 -1 0
149 136 -1 0
148 136 -1 0
158 135 -1 0
157 135 -1 0
156 135 -1 0
155 135 -1 0
154 135 -1 0
153 135 -1 0
152 135 -1 0
151 135 -1 0
150 135 -1 0
149 135 -1 0
148 135 -1 0
161 134 -1 0
160 134 -1 0
159 134 -1 0
158 134 -1 0
157 134 -1 0
156 134 -1 0
155 134 -1 0
154 134 -1 0
153 134 -1 0
152 134 -1 0
151 134 -1 0
150 134 -1 0
149 134 -1 0
162 133 -1 0
161 133 -1 0
160 133 -1 0
159 133 -1 0
158 133 -1 0
157 133 -1 0
156 133 -1 0
155 133 -1 0
154 133 -1 0
153 133 -1 0
152 133 -1 0
151 133 -1 0
150 133 -1 0
162 132 -1 0
161 132 -1 0
160 132 -1 0
159 132 -1 0
158 132 -1 0
157 132 -1 0
156 132 -1 0
155 132 -1 0
154 132 -1 0
153 132 -1 0
152 132 -1 0
151 132 -1 0
150 132 -1 0
162 131 -1 0
161 131 -1 0
160 131 -1 0
159 131 -1 0
158 131 -1 0
157 131 -1 0
156 131 -1 0
155 131 -1 0
154 131 -1 0
153 131 -1 0
152 131 -1 0
151 131 -1 0
150 131 -1 0
163 130 -1 0
162 130 -1 0
161 130 -1 0
160 130 -1 0
159 130 -1 0
158 130 -1 0
157 130 -1 0
156 130 -1 0
155 130 -1 0
154 130 -1 0
153 130 -1 0
152 130 -1 0
151 130 -1 0
164 129 -1 0
163 129 -1 0
162 129 -1 0
161 129 -1 0
160 129 -1 0
159 129 -1 0
158 129 -1 0
157 129 -1 0
156 129 -1 0
155 129 -1 0
154 129 -1 0
164 128 -1 0
163 128 -1 0
162 128 -1 0
161 128 -1 0
160 128 -1 0
159 128 -1 0
158 128 -1 0
157 128 -1 0
156 128 -1 0
155 128 -1 0
154 128 -1 0
164 127 -1 0
163 127 -1 0
162 127 -1 0
161 127 -1 0
160 127 -1 0
159 127 -1 0
158 127 -1 0
157 127 -1 0
156 127 -1 0
155 127 -1 0
154 127 -1 0
165 126 -1 0
164 126 -1 0
163 126 -1 0
162 126 -1 0
161 126 -1 0
160 126 -1 0
159 126 -1 0
158 126 -1 0
157 126 -1 0
156 126 -1 0
155 126 -1 0
165 125 -1 0
164 125 -1 0
163 125 -1 0
162 125 -1 0
161 125 -1 0
160 125 -1 0
159 125 -1 0
158 125 -1 0
157 125 -1 0
156 125 -1 0
165 124 -1 0
164 124 -1 0
163 124 -1 0
162 124 -1 0
161 124 -1 0
160 124 -1 0
159 124 -1 0
158 124 -1 0
157 124 -1 0
156 124 -1 0
166 123 -1 0
165 123 -1 0
164 123 -1 0
163 123 -1 0
162 123 -1 0
161 123 -1 0
160 123 -1 0
159 123 -1 0
158 123 -1 0
157 123 -1 0
156 123 -1 0
165 122 -1 0
164 122 -1 0
163 122 -1 0
162 122 -1 0
161 122 -1 0
160 122 -1 0
159 122 -1 0
158 122 -1 0
157 122 -1 0
168 121 -1 0
167 121 -1 0
166 121 -1 0
165 121 -1 0
164 121 -1 0
163 121 -1 0
162 121 -1 0
161 121 -1 0
160 121 -1 0
159 121 -1 0
158 121 -1 0
157 121 -1 0
169 120 -1 0
168 120 -1 0
167 120 -1 0
166 120 -1 0
165 120 -1 0
164 120 -1 0
163 120 -1 0
162 120 -1 0
161 120 -1 0
160 120 -1 0
159 120 -1 0
158 120 -1 0
157 120 -1 0
171 119 -1 0
170 119 -1 0
169 119 -1 0
168 119 -1 0
167 119 -1 0
166 119 -1 0
165 119 -1 0
164 119 -1 0
163 119 -1 0
162 119 -1 0
161 119 -1 0
160 119 -1 0
159 119 -1 0
158 119 -1 0
172 118 -1 0
171 118 -1 0
170 118 -1 0
169 118 -1 0
168 118 -1 0
167 118 -1 0
166 118 -1 0
165 118 -1 0
164 118 -1 0
163 118 -1 0
162 118 -1 0
161 118 -1 0
172 117 -1 0
171 117 -1 0
170 117 -1 0
169 117 -1 0
168 117 -1 0
167 117 -1 0
166 117 -1 0
165 117 -1 0
164 117 -1 0
163 117 -1 0
162 117 -1 0
161 117 -1 0
160 117 -1 0
172 116 -1 0
171 116 -1 0
170 116 -1 0
169 116 -1 0
168 116 -1 0
167 116 -1 0
166 116 -1 0
165 116 -1 0
164 116 -1 0
163 116 -1 0
162 116 -1 0
161 116 -1 0
175 115 -1 0
174 115 -1 0
173 115 -1 0
172 115 -1 0
171 115 -1 0
170 115 -1 0
169 115 -1 0
168 115 -1 0
167 115 -1 0
166 115 -1 0
165 115 -1 0
164 115 -1 0
163 115 -1 0
162 115 -1 0
161 115 -1 0
176 114 -1 0
175 114 -1 0
174 114 -1 0
173 114 -1 0
172 114 -1 0
171 114 -1 0
170 114 -1 0
169 114 -1 0
168 114 -1 0
167 114 -1 0
166 114 -1 0
165 114 -1 0
164 114 -1 0
163 114 -1 0
162 114 -1 0
161 114 -1 0
178 113 -1 0
176 113 -1 0
175 113 -1 0
174 113 -1 0
173 113 -1 0
172 113 -1 0
171 113 -1 0
170 113 -1 0
169 113 -1 0
168 113 -1 0
167 113 -1 0
166 113 -1 0
165 113 -1 0
164 113 -1 0
163 113 -1 0
162 113 -1 0
181 112 -1 0
180 112 -1 0
179 112 -1 0
178 112 -1 0
177 112 -1 0
176 112 -1 0
175 112 -1 0
174 112 -1 0
173 112 -1 0
172 112 -1 0
171 112 -1 0
170 112 -1 0
169 112 -1 0
168 112 -1 0
167 112 -1 0
166 112 -1 0
165 112 -1 0
164 112 -1 0
183 111 -1 0
182 111 -1 0
181 111 -1 0
180 111 -1 0
179 111 -1 0
178 111 -1 0
177 111 -1 0
176 111 -1 0
175 111 -1 0
174 111 -1 0
173 111 -1 0
172 111 -1 0
171 111 -1 0
170 111 -1 0
169 111 -1 0
168 111 -1 0
167 111 -1 0
166 111 -1 0
165 111 -1 0
186 110 -1 0
185 110 -1 0
184 110 -1 0
183 110 -1 0
182 110 -1 0
181 110 -1 0
180 110 -1 0
179 110 -1 0
178 110 -1 0
177 110 -1 0
176 110 -1 0
175 110 -1 0
174 110 -1 0
173 110 -1 0
172 110 -1 0
171 110 -1 0
170 110 -1 0
169 110 -1 0
168 110 -1 0
187 109 -1 0
186 109 -1 0
185 109 -1 0
184 109 -1 0
183 109 -1 0
182 109 -1 0
181 109 -1 0
180 109 -1 0
179 109 -1 0
178 109 -1 0
177 109 -1 0
176 109 -1 0
175 109 -1 0
174 109 -1 0
173 109 -1 0
172 109 -1 0
171 109 -1 0
170 109 -1 0
169 109 -1 0
168 109 -1 0
188 108 -1 0
187 108 -1 0
186 108 -1 0
185 108 -1 0
184 108 -1 0
183 108 -1 0
182 108 -1 0
181 108 -1 0
180 108 -1 0
179 108 -1 0
178 108 -1 0
177 108 -1 0
176 108 -1 0
175 108 -1 0
174 108 -1 0
173 108 -1 0
172 108 -1 0
171 108 -1 0
170 108 -1 0
169 108 -1 0
168 108 -1 0
188 107 -1 0
187 107 -1 0
186 107 -1 0
185 107 -1 0
184 107 -1 0
183 107 -1 0
182 107 -1 0
181 107 -1 0
180 107 -1 0
179 107 -1 0
178 107 -1 0
177 107 -1 0
176 107 -1 0
175 107 -1 0
174 107 -1 0
173 107 -1 0
172 107 -1 0
171 107 -1 0
170 107 -1 0
169 107 -1 0
192 106 -1 0
189 106 -1 0
188 106 -1 0
187 106 -1 0
186 106 -1 0
185 106 -1 0
184 106 -1 0
183 106 -1 0
182 106 -1 0
181 106 -1 0
180 106 -1 0
179 106 -1 0
178 106 -1 0
177 106 -1 0
176 106 -1 0
175 106 -1 0
174 106 -1 0
172 106 -1 0
195 105 -1 0
194 105 -1 0
193 105 -1 0
192 105 -1 0
191 105 -1 0
190 105 -1 0
189 105 -1 0
188 105 -1 0
187 105 -1 0
186 105 -1 0
185 105 -1 0
184 105 -1 0
183 105 -1 0
182 105 -1 0
181 105 -1 0
180 105 -1 0
179 105 -1 0
178 105 -1 0
177 105 -1 0
176 105 -1 0
175 105 -1 0
174 105 -1 0
196 104 -1 0
195 104 -1 0
194 104 -1 0
193 104 -1 0
192 104 -1 0
191 104 -1 0
190 104 -1 0
189 104 -1 0
188 104 -1 0
187 104 -1 0
186 104 -1 0
185 104 -1 0
184 104 -1 0
183 104 -1 0
182 104 -1 0
181 104 -1 0
180 104 -1 0
179 104 -1 0
178 104 -1 0
177 104 -1 0
176 104 -1 0
175 104 -1 0
196 103 -1 0
195 103 -1 0
194 103 -1 0
193 103 -1 0
192 103 -1 0
191 103 -1 0
190 103 -1 0
189 103 -1 0
188 103 -1 0
187 103 -1 0
186 103 -1 0
185 103 -1 0
184 103 -1 0
183 103 -1 0
182 103 -1 0
181 103 -1 0
180 103 -1 0
179 103 -1 0
178 103 -1 0
199 102 -1 0
196 102 -1 0
195 102 -1 0
194 102 -1 0
193 102 -1 0
192 102 -1 0
191 102 -1 0
190 102 -1 0
189 102 -1 0
188 102 -1 0
187 102 -1 0
186 102 -1 0
185 102 -1 0
184 102 -1 0
183 102 -1 0
182 102 -1 0
181 102 -1 0
180 102 -1 0
179 102 -1 0
208 101 -1 0
202 101 -1 0
201 101 -1 0
200 101 -1 0
199 101 -1 0
198 101 -1 0
197 101 -1 0
196 101 -1 0
195 101 -1 0
194 101 -1 0
193 101 -1 0
192 101 -1 0
191 101 -1 0
190 101 -1 0
189 101 -1 0
188 101 -1 0
187 101 -1 0
186 101 -1 0
185 101 -1 0
184 101 -1 0
183 101 -1 0
182 101 -1 0
181 101 -1 0
215 100 -1 0
211 100 -1 0
210 100 -1 0
209 100 -1 0
208 100 -1 0
207 100 -1 0
206 100 -1 0
205 100 -1 0
203 100 -1 0
202 100 -1 0
201 100 -1 0
200 100 -1 0
199 100 -1 0
198 100 -1 0
197 100 -1 0
196 100 -1 0
195 100 -1 0
194 100 -1 0
193 100 -1 0
192 100 -1 0
191 100 -1 0
190 100 -1 0
189 100 -1 0
188 100 -1 0
187 100 -1 0
186 100 -1 0
185 100 -1 0
184 100 -1 0
183 100 -1 0
182 100 -1 0
181 100 -1 0
235 99 -1 0
234 99 -1 0
233 99 -1 0
232 99 -1 0
231 99 -1 0
230 99 -1 0
228 99 -1 0
227 99 -1 0
225 99 -1 0
223 99 -1 0
220 99 -1 0
218 99 -1 0
217 99 -1 0
216 99 -1 0
215 99 -1 0
214 99 -1 0
213 99 -1 0
212 99 -1 0
211 99 -1 0
210 99 -1 0
209 99 -1 0
208 99 -1 0
207 99 -1 0
206 99 -1 0
205 99 -1 0
204 99 -1 0
203 99 -1 0
202 99 -1 0
201 99 -1 0
200 99 -1 0
199 99 -1 0
198 99 -1 0
197 99 -1 0
196 99 -1 0
195 99 -1 0
194 99 -1 0
193 99 -1 0
192 99 -1 0
191 99 -1 0
190 99 -1 0
189 99 -1 0
188 99 -1 0
187 99 -1 0
186 99 -1 0
185 99 -1 0
184 99 -1 0
183 99 -1 0
182 99 -1 0
238 98 -1 0
237 98 -1 0
236 98 -1 0
235 98 -1 0
234 98 -1 0
233 98 -1 0
232 98 -1 0
231 98 -1 0
230 98 -1 0
229 98 -1 0
228 98 -1 0
227 98 -1 0
226 98 -1 0
225 98 -1 0
224 98 -1 0
223 98 -1 0
222 98 -1 0
221 98 -1 0
220 98 -1 0
219 98 -1 0
218 98 -1 0
217 98 -1 0
216 98 -1 0
215 98 -1 0
214 98 -1 0
213 98 -1 0
212 98 -1 0
211 98 -1 0
210 98 -1 0
209 98 -1 0
208 98 -1 0
207 98 -1 0
206 98 -1 0
205 98 -1 0
204 98 -1 0
203 98 -1 0
202 98 -1 0
201 98 -1 0
200 98 -1 0
199 98 -1 0
198 98 -1 0
197 98 -1 0
196 98 -1 0
195 98 -1 0
194 98 -1 0
193 98 -1 0
192 98 -1 0
191 98 -1 0
190 98 -1 0
189 98 -1 0
188 98 -1 0
185 98 -1 0
239 97 -1 0
238 97 -1 0
237 97 -1 0
236 97 -1 0
235 97 -1 0
234 97 -1 0
233 97 -1 0
232 97 -1 0
231 97 -1 0
230 97 -1 0
229 97 -1 0
228 97 -1 0
227 97 -1 0
226 97 -1 0
225 97 -1 0
224 97 -1 0
223 97 -1 0
222 97 -1 0
221 97 -1 0
220 97 -1 0
219 97 -1 0
218 97 -1 0
217 97 -1 0
216 97 -1 0
215 97 -1 0
214 97 -1 0
213 97 -1 0
212 97 -1 0
211 97 -1 0
210 97 -1 0
209 97 -1 0
208 97 -1 0
207 97 -1 0
206 97 -1 0
205 97 -1 0
204 97 -1 0
203 97 -1 0
202 97 -1 0
201 97 -1 0
200 97 -1 0
199 97 -1 0
198 97 -1 0
197 97 -1 0
196 97 -1 0
195 97 -1 0
194 97 -1 0
193 97 -1 0
192 97 -1 0
191 97 -1 0
190 97 -1 0
189 97 -1 0
239 96 -1 0
238 96 -1 0
237 96 -1 0
236 96 -1 0
235 96 -1 0
234 96 -1 0
233 96 -1 0
232 96 -1 0
231 96 -1 0
230 96 -1 0
229 96 -1 0
228 96 -1 0
227 96 -1 0
226 96 -1 0
225 96 -1 0
224 96 -1 0
223 96 -1 0
222 96 -1 0
221 96 -1 0
220 96 -1 0
219 96 -1 0
218 96 -1 0
217 96 -1 0
216 96 -1 0
215 96 -1 0
214 96 -1 0
213 96 -1 0
212 96 -1 0
211 96 -1 0
210 96 -1 0
209 96 -1 0
208 96 -1 0
207 96 -1 0
206 96 -1 0
205 96 -1 0
204 96 -1 0
203 96 -1 0
202 96 -1 0
201 96 -1 0
200 96 -1 0
199 96 -1 0
198 96 -1 0
197 96 -1 0
196 96 -1 0
195 96 -1 0
192 96 -1 0
239 95 -1 0
238 95 -1 0
237 95 -1 0
236 95 -1 0
235 95 -1 0
234 95 -1 0
233 95 -1 0
232 95 -1 0
231 95 -1 0
230 95 -1 0
229 95 -1 0
228 95 -1 0
227 95 -1 0
226 95 -1 0
225 95 -1 0
224 95 -1 0
223 95 -1 0
222 95 -1 0
221 95 -1 0
220 95 -1 0
219 95 -1 0
218 95 -1 0
217 95 -1 0
216 95 -1 0
215 95 -1 0
214 95 -1 0
213 95 -1 0
212 95 -1 0
211 95 -1 0
210 95 -1 0
209 95 -1 0
208 95 -1 0
207 95 -1 0
206 95 -1 0
205 95 -1 0
204 95 -1 0
203 95 -1 0
202 95 -1 0
201 95 -1 0
200 95 -1 0
199 95 -1 0
198 95 -1 0
197 95 -1 0
196 95 -1 0
195 95 -1 0
240 94 -1 0
239 94 -1 0
238 94 -1 0
237 94 -1 0
236 94 -1 0
235 94 -1 0
234 94 -1 0
233 94 -1 0
232 94 -1 0
231 94 -1 0
230 94 -1 0
229 94 -1 0
228 94 -1 0
227 94 -1 0
226 94 -1 0
225 94 -1 0
224 94 -1 0
223 94 -1 0
222 94 -1 0
221 94 -1 0
220 94 -1 0
219 94 -1 0
218 94 -1 0
217 94 -1 0
216 94 -1 0
215 94 -1 0
214 94 -1 0
213 94 -1 0
212 94 -1 0
211 94 -1 0
210 94 -1 0
209 94 -1 0
208 94 -1 0
207 94 -1 0
206 94 -1 0
205 94 -1 0
204 94 -1 0
203 94 -1 0
202 94 -1 0
201 94 -1 0
200 94 -1 0
199 94 -1 0
198 94 -1 0
197 94 -1 0
196 94 -1 0
195 94 -1 0
239 93 -1 0
238 93 -1 0
237 93 -1 0
236 93 -1 0
235 93 -1 0
234 93 -1 0
233 93 -1 0
232 93 -1 0
231 93 -1 0
230 93 -1 0
229 93 -1 0
228 93 -1 0
227 93 -1 0
226 93 -1 0
225 93 -1 0
224 93 -1 0
223 93 -1 0
222 93 -1 0
221 93 -1 0
220 93 -1 0
219 93 -1 0
218 93 -1 0
217 93 -1 0
216 93 -1 0
215 93 -1 0
214 93 -1 0
213 93 -1 0
212 93 -1 0
211 93 -1 0
210 93 -1 0
209 93 -1 0
208 93 -1 0
207 93 -1 0
206 93 -1 0
205 93 -1 0
204 93 -1 0
202 93 -1 0
201 93 -1 0
200 93 -1 0
199 93 -1 0
198 93 -1 0
197 93 -1 0
196 93 -1 0
239 92 -1 0
238 92 -1 0
237 92 -1 0
236 92 -1 0
235 92 -1 0
234 92 -1 0
233 92 -1 0
232 92 -1 0
231 92 -1 0
230 92 -1 0
229 92 -1 0
228 92 -1 0
227 92 -1 0
226 92 -1 0
225 92 -1 0
224 92 -1 0
223 92 -1 0
222 92 -1 0
221 92 -1 0
220 92 -1 0
219 92 -1 0
218 92 -1 0
217 92 -1 0
216 92 -1 0
215 92 -1 0
214 92 -1 0
213 92 -1 0
212 92 -1 0
211 92 -1 0
210 92 -1 0
209 92 -1 0
208 92 -1 0
207 92 -1 0
206 92 -1 0
205 92 -1 0
199 92 -1 0
239 91 -1 0
238 91 -1 0
237 91 -1 0
236 91 -1 0
235 91 -1 0
234 91 -1 0
233 91 -1 0
232 91 -1 0
231 91 -1 0
230 91 -1 0
229 91 -1 0
228 91 -1 0
227 91 -1 0
226 91 -1 0
225 91 -1 0
224 91 -1 0
223 91 -1 0
222 91 -1 0
221 91 -1 0
220 91 -1 0
219 91 -1 0
218 91 -1 0
217 91 -1 0
216 91 -1 0
215 91 -1 0
214 91 -1 0
213 91 -1 0
212 91 -1 0
208 91 -1 0
238 90 -1 0
237 90 -1 0
236 90 -1 0
235 90 -1 0
234 90 -1 0
233 90 -1 0
232 90 -1 0
231 90 -1 0
230 90 -1 0
229 90 -1 0
228 90 -1 0
227 90 -1 0
226 90 -1 0
225 90 -1 0
224 90 -1 0
223 90 -1 0
222 90 -1 0
221 90 -1 0
220 90 -1 0
219 90 -1 0
218 90 -1 0
217 90 -1 0
215 90 -1 0
235 89 -1 0
234 89 -1 0
233 89 -1 0
232 89 -1 0
231 89 -1 0
230 89 -1 0
228 89 -1 0
227 89 -1 0
225 89 -1 0
223 89 -1 0
220 89 -1 0
