3299 408 341
256 242 -1 0
259 241 -1 0
258 241 -1 0
257 241 -1 0
256 241 -1 0
255 241 -1 0
254 241 -1 0
253 241 -1 0
260 240 -1 0
259 240 -1 0
258 240 -1 0
257 240 -1 0
256 240 -1 0
255 240 -1 0
254 240 -1 0
253 240 -1 0
252 240 -1 0
262 239 -1 0
261 239 -1 0
260 239 -1 0
259 239 -1 0
258 239 -1 0
257 239 -1 0
256 239 -1 0
255 239 -1 0
254 239 -1 0
253 239 -1 0
252 239 -1 0
263 238 -1 0
262 238 -1 0
261 238 -1 0
260 238 -1 0
259 238 -1 0
258 238 -1 0
257 238 -1 0
256 238 -1 0
255 238 -1 0
254 238 -1 0
253 238 -1 0
252 238 -1 0
265 237 -1 0
263 237 -1 0
262 237 -1 0
261 237 -1 0
260 237 -1 0
259 237 -1 0
258 237 -1 0
257 237 -1 0
256 237 -1 0
255 237 -1 0
254 237 -1 0
253 237 -1 0
252 237 -1 0
251 237 -1 0
268 236 -1 0
267 236 -1 0
266 236 -1 0
265 236 -1 0
264 236 -1 0
263 236 -1 0
262 236 -1 0
261 236 -1 0
260 236 -1 0
259 236 -1 0
258 236 -1 0
257 236 -1 0
256 236 -1 0
255 236 -1 0
254 236 -1 0
253 236 -1 0
252 236 -1 0
269 235 -1 0
268 235 -1 0
267 235 -1 0
266 235 -1 0
265 235 -1 0
264 235 -1 0
263 235 -1 0
262 235 -1 0
261 235 -1 0
260 235 -1 0
259 235 -1 0
258 235 -1 0
257 235 -1 0
256 235 -1 0
255 235 -1 0
254 235 -1 0
253 235 -1 0
252 235 -1 0
269 234 -1 0
268 234 -1 0
267 234 -1 0
266 234 -1 0
265 234 -1 0
264 234 -1 0
263 234 -1 0
262 234 -1 0
261 234 -1 0
260 234 -1 0
259 234 -1 0
258 234 -1 0
257 234 -1 0
256 234 -1 0
255 234 -1 0
254 234 -1 0
253 234 -1 0
252 234 -1 0
271 233 -1 0
269 233 -1 0
268 233 -1 0
267 233 -1 0
266 233 -1 0
265 233 -1 0
264 233 -1 0
263 233 -1 0
262 233 -1 0
261 233 -1 0
260 233 -1 0
259 233 -1 0
258 233 -1 0
257 233 -1 0
256 233 -1 0
255 233 -1 0
254 233 -1 0
253 233 -1 0
274 232 -1 0
273 232 -1 0
272 232 -1 0
271 232 -1 0
270 232 -1 0
269 232 -1 0
268 232 -1 0
267 232 -1 0
266 232 -1 0
265 232 -1 0
264 232 -1 0
263 232 -1 0
262 232 -1 0
261 232 -1 0
260 232 -1 0
259 232 -1 0
258 232 -1 0
257 232 -1 0
256 232 -1 0
255 232 -1 0
275 231 -1 0
274 231 -1 0
273 231 -1 0
272 231 -1 0
271 231 -1 0
270 231 -1 0
269 231 -1 0
268 231 -1 0
267 231 -1 0
266 231 -1 0
265 231 -1 0
264 231 -1 0
263 231 -1 0
262 231 -1 0
261 231 -1 0
260 231 -1 0
259 231 -1 0
258 231 -1 0
257 231 -1 0
256 231 -1 0
276 230 -1 0
275 230 -1 0
274 230 -1 0
273 230 -1 0
272 230 -1 0
271 230 -1 0
270 230 -1 0
269 230 -1 0
268 230 -1 0
267 230 -1 0
266 230 -1 0
265 230 -1 0
264 230 -1 0
263 230 -1 0
262 230 -1 0
261 230 -1 0
259 230 -1 0
279 229 -1 0
278 229 -1 0
277 229 -1 0
276 229 -1 0
275 229 -1 0
274 229 -1 0
273 229 -1 0
272 229 -1 0
271 229 -1 0
270 229 -1 0
269 229 -1 0
268 229 -1 0
267 229 -1 0
266 229 -1 0
265 229 -1 0
264 229 -1 0
263 229 -1 0
262 229 -1 0
261 229 -1 0
281 228 -1 0
280 228 -1 0
279 228 -1 0
278 228 -1 0
277 228 -1 0
276 228 -1 0
275 228 -1 0
274 228 -1 0
273 228 -1 0
272 228 -1 0
271 228 -1 0
270 228 -1 0
269 228 -1 0
268 228 -1 0
267 228 -1 0
266 228 -1 0
265 228 -1 0
264 228 -1 0
263 228 -1 0
262 228 -1 0
282 227 -1 0
281 227 -1 0
280 227 -1 0
279 227 -1 0
278 227 -1 0
277 227 -1 0
276 227 -1 0
275 227 -1 0
274 227 -1 0
273 227 -1 0
272 227 -1 0
271 227 -1 0
270 227 -1 0
269 227 -1 0
268 227 -1 0
267 227 -1 0
265 227 -1 0
282 226 -1 0
281 226 -1 0
280 226 -1 0
279 226 -1 0
278 226 -1 0
277 226 -1 0
276 226 -1 0
275 226 -1 0
274 226 -1 0
273 226 -1 0
272 226 -1 0
271 226 -1 0
270 226 -1 0
269 226 -1 0
268 226 -1 0
267 226 -1 0
284 225 -1 0
283 225 -1 0
282 225 -1 0
281 225 -1 0
280 225 -1 0
279 225 -1 0
278 225 -1 0
277 225 -1 0
276 225 -1 0
275 225 -1 0
274 225 -1 0
273 225 -1 0
272 225 -1 0
271 225 -1 0
270 225 -1 0
269 225 -1 0
268 225 -1 0
267 225 -1 0
285 224 -1 0
284 224 -1 0
283 224 -1 0
282 224 -1 0
281 224 -1 0
280 224 -1 0
279 224 -1 0
278 224 -1 0
277 224 -1 0
276 224 -1 0
275 224 -1 0
274 224 -1 0
273 224 -1 0
272 224 -1 0
271 224 -1 0
270 224 -1 0
269 224 -1 0
268 224 -1 0
285 223 -1 0
284 223 -1 0
283 223 -1 0
282 223 -1 0
281 223 -1 0
280 223 -1 0
279 223 -1 0
278 223 -1 0
277 223 -1 0
276 223 -1 0
275 223 -1 0
274 223 -1 0
273 223 -1 0
272 223 -1 0
271 223 -1 0
285 222 -1 0
284 222 -1 0
283 222 -1 0
282 222 -1 0
281 222 -1 0
280 222 -1 0
279 222 -1 0
278 222 -1 0
277 222 -1 0
276 222 -1 0
275 222 -1 0
274 222 -1 0
273 222 -1 0
272 222 -1 0
286 221 -1 0
285 221 -1 0
284 221 -1 0
283 221 -1 0
282 221 -1 0
281 221 -1 0
280 221 -1 0
279 221 -1 0
278 221 -1 0
277 221 -1 0
276 221 -1 0
275 221 -1 0
274 221 -1 0
273 221 -1 0
287 220 -1 0
286 220 -1 0
285 220 -1 0
284 220 -1 0
283 220 -1 0
282 220 -1 0
281 220 -1 0
280 220 -1 0
279 220 -1 0
278 220 -1 0
277 220 -1 0
276 220 -1 0
275 220 -1 0
287 219 -1 0
286 219 -1 0
285 219 -1 0
284 219 -1 0
283 219 -1 0
282 219 -1 0
281 219 -1 0
280 219 -1 0
279 219 -1 0
278 219 -1 0
277 219 -1 0
276 219 -1 0
275 219 -1 0
287 218 -1 0
286 218 -1 0
285 218 -1 0
284 218 -1 0
283 218 -1 0
282 218 -1 0
281 218 -1 0
280 218 -1 0
279 218 -1 0
278 218 -1 0
277 218 -1 0
276 218 -1 0
289 217 -1 0
288 217 -1 0
287 217 -1 0
286 217 -1 0
285 217 -1 0
284 217 -1 0
283 217 -1 0
282 217 -1 0
281 217 -1 0
280 217 -1 0
279 217 -1 0
278 217 -1 0
277 217 -1 0
290 216 -1 0
289 216 -1 0
288 216 -1 0
287 216 -1 0
286 216 -1 0
285 216 -1 0
284 216 -1 0
283 216 -1 0
282 216 -1 0
281 216 -1 0
280 216 -1 0
279 216 -1 0
278 216 -1 0
277 216 -1 0
290 215 -1 0
289 215 -1 0
288 215 -1 0
287 215 -1 0
286 215 -1 0
285 215 -1 0
284 215 -1 0
283 215 -1 0
282 215 -1 0
281 215 -1 0
280 215 -1 0
279 215 -1 0
278 215 -1 0
290 214 -1 0
289 214 -1 0
288 214 -1 0
287 214 -1 0
286 214 -1 0
285 214 -1 0
284 214 -1 0
283 214 -1 0
282 214 -1 0
281 214 -1 0
280 214 -1 0
279 214 -1 0
291 213 -1 0
290 213 -1 0
289 213 -1 0
288 213 -1 0
287 213 -1 0
286 213 -1 0
285 213 -1 0
284 213 -1 0
283 213 -1 0
282 213 -1 0
281 213 -1 0
280 213 -1 0
292 212 -1 0
291 212 -1 0
290 212 -1 0
289 212 -1 0
288 212 -1 0
287 212 -1 0
286 212 -1 0
285 212 -1 0
284 212 -1 0
283 212 -1 0
282 212 -1 0
292 211 -1 0
291 211 -1 0
290 211 -1 0
289 211 -1 0
288 211 -1 0
287 211 -1 0
286 211 -1 0
285 211 -1 0
284 211 -1 0
283 211 -1 0
282 211 -1 0
292 210 -1 0
291 210 -1 0
290 210 -1 0
289 210 -1 0
288 210 -1 0
287 210 -1 0
286 210 -1 0
285 210 -1 0
284 210 -1 0
283 210 -1 0
282 210 -1 0
293 209 -1 0
292 209 -1 0
291 209 -1 0
290 209 -1 0
289 209 -1 0
288 209 -1 0
287 209 -1 0
286 209 -1 0
285 209 -1 0
284 209 -1 0
283 209 -1 0
292 208 -1 0
291 208 -1 0
290 208 -1 0
289 208 -1 0
288 208 -1 0
287 208 -1 0
286 208 -1 0
285 208 -1 0
284 208 -1 0
292 207 -1 0
291 207 -1 0
290 207 -1 0
289 207 -1 0
288 207 -1 0
287 207 -1 0
286 207 -1 0
285 207 -1 0
284 207 -1 0
295 206 -1 0
294 206 -1 0
293 206 -1 0
292 206 -1 0
291 206 -1 0
290 206 -1 0
289 206 -1 0
288 206 -1 0
287 206 -1 0
286 206 -1 0
285 206 -1 0
284 206 -1 0
296 205 -1 0
295 205 -1 0
294 205 -1 0
293 205 -1 0
292 205 -1 0
291 205 -1 0
290 205 -1 0
289 205 -1 0
288 205 -1 0
287 205 -1 0
286 205 -1 0
285 205 -1 0
296 204 -1 0
295 204 -1 0
294 204 -1 0
293 204 -1 0
292 204 -1 0
291 204 -1 0
290 204 -1 0
289 204 -1 0
288 204 -1 0
287 204 -1 0
286 204 -1 0
285 204 -1 0
297 203 -1 0
296 203 -1 0
295 203 -1 0
294 203 -1 0
293 203 -1 0
292 203 -1 0
291 203 -1 0
290 203 -1 0
289 203 -1 0
288 203 -1 0
287 203 -1 0
286 203 -1 0
285 203 -1 0
284 203 -1 0
297 202 -1 0
296 202 -1 0
295 202 -1 0
294 202 -1 0
293 202 -1 0
292 202 -1 0
291 202 -1 0
290 202 -1 0
289 202 -1 0
288 202 -1 0
287 202 -1 0
286 202 -1 0
285 202 -1 0
298 201 -1 0
297 201 -1 0
296 201 -1 0
295 201 -1 0
294 201 -1 0
293 201 -1 0
292 201 -1 0
291 201 -1 0
290 201 -1 0
289 201 -1 0
288 201 -1 0
287 201 -1 0
286 201 -1 0
285 201 -1 0
298 200 -1 0
297 200 -1 0
296 200 -1 0
295 200 -1 0
294 200 -1 0
293 200 -1 0
292 200 -1 0
291 200 -1 0
290 200 -1 0
289 200 -1 0
288 200 -1 0
287 200 -1 0
286 200 -1 0
285 200 -1 0
298 199 -1 0
297 199 -1 0
296 199 -1 0
295 199 -1 0
294 199 -1 0
293 199 -1 0
292 199 -1 0
291 199 -1 0
290 199 -1 0
289 199 -1 0
288 199 -1 0
287 199 -1 0
286 199 -1 0
299 198 -1 0
298 198 -1 0
297 198 -1 0
296 198 -1 0
295 198 -1 0
294 198 -1 0
293 198 -1 0
292 198 -1 0
291 198 -1 0
290 198 -1 0
289 198 -1 0
288 198 -1 0
287 198 -1 0
299 197 -1 0
298 197 -1 0
297 197 -1 0
296 197 -1 0
295 197 -1 0
294 197 -1 0
293 197 -1 0
292 197 -1 0
291 197 -1 0
290 197 -1 0
289 197 -1 0
288 197 -1 0
287 197 -1 0
299 196 -1 0
298 196 -1 0
297 196 -1 0
296 196 -1 0
295 196 -1 0
294 196 -1 0
293 196 -1 0
292 196 -1 0
291 196 -1 0
290 196 -1 0
289 196 -1 0
288 196 -1 0
287 196 -1 0
299 195 -1 0
298 195 -1 0
297 195 -1 0
296 195 -1 0
295 195 -1 0
294 195 -1 0
293 195 -1 0
292 195 -1 0
291 195 -1 0
290 195 -1 0
289 195 -1 0
288 195 -1 0
300 194 -1 0
299 194 -1 0
298 194 -1 0
297 194 -1 0
296 194 -1 0
295 194 -1 0
294 194 -1 0
293 194 -1 0
292 194 -1 0
291 194 -1 0
290 194 -1 0
289 194 -1 0
288 194 -1 0
287 194 -1 0
300 193 -1 0
299 193 -1 0
298 193 -1 0
297 193 -1 0
296 193 -1 0
295 193 -1 0
294 193 -1 0
293 193 -1 0
292 193 -1 0
291 193 -1 0
290 193 -1 0
289 193 -1 0
288 193 -1 0
300 192 -1 0
299 192 -1 0
298 192 -1 0
297 192 -1 0
296 192 -1 0
295 192 -1 0
294 192 -1 0
293 192 -1 0
292 192 -1 0
291 192 -1 0
290 192 -1 0
289 192 -1 0
288 192 -1 0
301 191 -1 0
300 191 -1 0
299 191 -1 0
298 191 -1 0
297 191 -1 0
296 191 -1 0
295 191 -1 0
294 191 -1 0
293 191 -1 0
292 191 -1 0
291 191 -1 0
290 191 -1 0
289 191 -1 0
288 191 -1 0
301 190 -1 0
300 190 -1 0
299 190 -1 0
298 190 -1 0
297 190 -1 0
296 190 -1 0
295 190 -1 0
294 190 -1 0
293 190 -1 0
292 190 -1 0
291 190 -1 0
290 190 -1 0
289 190 -1 0
301 189 -1 0
300 189 -1 0
299 189 -1 0
298 189 -1 0
297 189 -1 0
296 189 -1 0
295 189 -1 0
294 189 -1 0
293 189 -1 0
292 189 -1 0
291 189 -1 0
302 188 -1 0
301 188 -1 0
300 188 -1 0
299 188 -1 0
298 188 -1 0
297 188 -1 0
296 188 -1 0
295 188 -1 0
294 188 -1 0
293 188 -1 0
292 188 -1 0
291 188 -1 0
302 187 -1 0
301 187 -1 0
300 187 -1 0
299 187 -1 0
298 187 -1 0
297 187 -1 0
296 187 -1 0
295 187 -1 0
294 187 -1 0
293 187 -1 0
292 187 -1 0
291 187 -1 0
302 186 -1 0
301 186 -1 0
300 186 -1 0
299 186 -1 0
298 186 -1 0
297 186 -1 0
296 186 -1 0
295 186 -1 0
294 186 -1 0
293 186 -1 0
292 186 -1 0
291 186 -1 0
303 185 -1 0
302 185 -1 0
301 185 -1 0
300 185 -1 0
299 185 -1 0
298 185 -1 0
297 185 -1 0
296 185 -1 0
295 185 -1 0
294 185 -1 0
293 185 -1 0
292 185 -1 0
291 185 -1 0
290 185 -1 0
304 184 -1 0
303 184 -1 0
302 184 -1 0
301 184 -1 0
300 184 -1 0
299 184 -1 0
298 184 -1 0
297 184 -1 0
296 184 -1 0
295 184 -1 0
294 184 -1 0
293 184 -1 0
292 184 -1 0
291 184 -1 0
304 183 -1 0
303 183 -1 0
302 183 -1 0
301 183 -1 0
300 183 -1 0
299 183 -1 0
298 183 -1 0
297 183 -1 0
296 183 -1 0
295 183 -1 0
294 183 -1 0
293 183 -1 0
292 183 -1 0
291 183 -1 0
305 182 -1 0
304 182 -1 0
303 182 -1 0
302 182 -1 0
301 182 -1 0
300 182 -1 0
299 182 -1 0
298 182 -1 0
297 182 -1 0
296 182 -1 0
295 182 -1 0
294 182 -1 0
293 182 -1 0
292 182 -1 0
291 182 -1 0
305 181 -1 0
304 181 -1 0
303 181 -1 0
302 181 -1 0
301 181 -1 0
300 181 -1 0
299 181 -1 0
298 181 -1 0
297 181 -1 0
296 181 -1 0
295 181 -1 0
294 181 -1 0
293 181 -1 0
292 181 -1 0
305 180 -1 0
304 180 -1 0
303 180 -1 0
302 180 -1 0
301 180 -1 0
300 180 -1 0
299 180 -1 0
298 180 -1 0
297 180 -1 0
296 180 -1 0
295 180 -1 0
294 180 -1 0
293 180 -1 0
306 179 -1 0
305 179 -1 0
304 179 -1 0
303 179 -1 0
302 179 -1 0
301 179 -1 0
300 179 -1 0
299 179 -1 0
298 179 -1 0
297 179 -1 0
296 179 -1 0
295 179 -1 0
294 179 -1 0
293 179 -1 0
306 178 -1 0
305 178 -1 0
304 178 -1 0
303 178 -1 0
302 178 -1 0
301 178 -1 0
300 178 -1 0
299 178 -1 0
298 178 -1 0
297 178 -1 0
296 178 -1 0
295 178 -1 0
294 178 -1 0
293 178 -1 0
306 177 -1 0
305 177 -1 0
304 177 -1 0
303 177 -1 0
302 177 -1 0
301 177 -1 0
300 177 -1 0
299 177 -1 0
298 177 -1 0
297 177 -1 0
296 177 -1 0
295 177 -1 0
294 177 -1 0
307 176 -1 0
306 176 -1 0
305 176 -1 0
304 176 -1 0
303 176 -1 0
302 176 -1 0
301 176 -1 0
300 176 -1 0
299 176 -1 0
298 176 -1 0
297 176 -1 0
307 175 -1 0
306 175 -1 0
305 175 -1 0
304 175 -1 0
303 175 -1 0
302 175 -1 0
301 175 -1 0
300 175 -1 0
299 175 -1 0
298 175 -1 0
297 175 -1 0
308 174 -1 0
307 174 -1 0
306 174 -1 0
305 174 -1 0
304 174 -1 0
303 174 -1 0
302 174 -1 0
301 174 -1 0
300 174 -1 0
299 174 -1 0
298 174 -1 0
297 174 -1 0
309 173 -1 0
308 173 -1 0
307 173 -1 0
306 173 -1 0
305 173 -1 0
304 173 -1 0
303 173 -1 0
302 173 -1 0
301 173 -1 0
300 173 -1 0
299 173 -1 0
298 173 -1 0
297 173 -1 0
296 173 -1 0
309 172 -1 0
308 172 -1 0
307 172 -1 0
306 172 -1 0
305 172 -1 0
304 172 -1 0
303 172 -1 0
302 172 -1 0
301 172 -1 0
300 172 -1 0
299 172 -1 0
298 172 -1 0
297 172 -1 0
309 171 -1 0
308 171 -1 0
307 171 -1 0
306 171 -1 0
305 171 -1 0
304 171 -1 0
303 171 -1 0
302 171 -1 0
301 171 -1 0
300 171 -1 0
299 171 -1 0
298 171 -1 0
297 171 -1 0
310 170 -1 0
309 170 -1 0
308 170 -1 0
307 170 -1 0
306 170 -1 0
305 170 -1 0
304 170 -1 0
303 170 -1 0
302 170 -1 0
301 170 -1 0
300 170 -1 0
299 170 -1 0
298 170 -1 0
297 170 -1 0
310 169 -1 0
309 169 -1 0
308 169 -1 0
307 169 -1 0
306 169 -1 0
305 169 -1 0
304 169 -1 0
303 169 -1 0
302 169 -1 0
301 169 -1 0
300 169 -1 0
299 169 -1 0
298 169 -1 0
310 168 -1 0
309 168 -1 0
308 168 -1 0
307 168 -1 0
306 168 -1 0
305 168 -1 0
304 168 -1 0
303 168 -1 0
302 168 -1 0
301 168 -1 0
300 168 -1 0
299 168 -1 0
311 167 -1 0
310 167 -1 0
309 167 -1 0
308 167 -1 0
307 167 -1 0
306 167 -1 0
305 167 -1 0
304 167 -1 0
303 167 -1 0
302 167 -1 0
301 167 -1 0
300 167 -1 0
312 166 -1 0
311 166 -1 0
310 166 -1 0
309 166 -1 0
308 166 -1 0
307 166 -1 0
306 166 -1 0
305 166 -1 0
304 166 -1 0
303 166 -1 0
302 166 -1 0
301 166 -1 0
300 166 -1 0
313 165 -1 0
312 165 -1 0
311 165 -1 0
310 165 -1 0
309 165 -1 0
308 165 -1 0
307 165 -1 0
306 165 -1 0
305 165 -1 0
304 165 -1 0
303 165 -1 0
302 165 -1 0
301 165 -1 0
300 165 -1 0
313 164 -1 0
312 164 -1 0
311 164 -1 0
310 164 -1 0
309 164 -1 0
308 164 -1 0
307 164 -1 0
306 164 -1 0
305 164 -1 0
304 164 -1 0
303 164 -1 0
302 164 -1 0
301 164 -1 0
313 163 -1 0
312 163 -1 0
311 163 -1 0
310 163 -1 0
309 163 -1 0
308 163 -1 0
307 163 -1 0
306 163 -1 0
305 163 -1 0
304 163 -1 0
303 163 -1 0
302 163 -1 0
314 162 -1 0
313 162 -1 0
312 162 -1 0
311 162 -1 0
310 162 -1 0
309 162 -1 0
308 162 -1 0
307 162 -1 0
306 162 -1 0
305 162 -1 0
304 162 -1 0
303 162 -1 0
302 162 -1 0
181 162 -1 1
179 162 -1 1
313 161 -1 0
312 161 -1 0
311 161 -1 0
310 161 -1 0
309 161 -1 0
308 161 -1 0
307 161 -1 0
306 161 -1 0
305 161 -1 0
304 161 -1 0
303 161 -1 0
302 161 -1 0
184 161 -1 1
183 161 -1 1
182 161 -1 1
181 161 -1 1
180 161 -1 1
179 161 -1 1
178 161 -1 1
177 161 -1 1
176 161 -1 1
315 160 -1 0
314 160 -1 0
313 160 -1 0
312 160 -1 0
311 160 -1 0
310 160 -1 0
309 160 -1 0
308 160 -1 0
307 160 -1 0
306 160 -1 0
305 160 -1 0
304 160 -1 0
303 160 -1 0
193 160 -1 1
189 160 -1 1
186 160 -1 1
185 160 -1 1
184 160 -1 1
183 160 -1 1
182 160 -1 1
181 160 -1 1
180 160 -1 1
179 160 -1 1
178 160 -1 1
177 160 -1 1
176 160 -1 1
175 160 -1 1
316 159 -1 0
315 159 -1 0
314 159 -1 0
313 159 -1 0
312 159 -1 0
311 159 -1 0
310 159 -1 0
309 159 -1 0
308 159 -1 0
307 159 -1 0
306 159 -1 0
305 159 -1 0
196 159 -1 1
195 159 -1 1
194 159 -1 1
193 159 -1 1
192 159 -1 1
191 159 -1 1
190 159 -1 1
189 159 -1 1
188 159 -1 1
187 159 -1 1
186 159 -1 1
185 159 -1 1
184 159 -1 1
183 159 -1 1
182 159 -1 1
181 159 -1 1
180 159 -1 1
179 159 -1 1
178 159 -1 1
177 159 -1 1
176 159 -1 1
175 159 -1 1
316 158 -1 0
315 158 -1 0
314 158 -1 0
313 158 -1 0
312 158 -1 0
311 158 -1 0
310 158 -1 0
309 158 -1 0
308 158 -1 0
307 158 -1 0
306 158 -1 0
197 158 -1 1
196 158 -1 1
195 158 -1 1
194 158 -1 1
193 158 -1 1
192 158 -1 1
191 158 -1 1
190 158 -1 1
189 158 -1 1
188 158 -1 1
187 158 -1 1
186 158 -1 1
185 158 -1 1
184 158 -1 1
183 158 -1 1
182 158 -1 1
181 158 -1 1
180 158 -1 1
179 158 -1 1
178 158 -1 1
177 158 -1 1
176 158 -1 1
175 158 -1 1
316 157 -1 0
315 157 -1 0
314 157 -1 0
313 157 -1 0
312 157 -1 0
311 157 -1 0
310 157 -1 0
309 157 -1 0
308 157 -1 0
201 157 -1 1
198 157 -1 1
197 157 -1 1
196 157 -1 1
195 157 -1 1
194 157 -1 1
193 157 -1 1
192 157 -1 1
191 157 -1 1
190 157 -1 1
189 157 -1 1
188 157 -1 1
187 157 -1 1
186 157 -1 1
185 157 -1 1
184 157 -1 1
183 157 -1 1
182 157 -1 1
181 157 -1 1
180 157 -1 1
179 157 -1 1
178 157 -1 1
177 157 -1 1
176 157 -1 1
175 157 -1 1
174 157 -1 1
317 156 -1 0
316 156 -1 0
315 156 -1 0
314 156 -1 0
313 156 -1 0
312 156 -1 0
311 156 -1 0
310 156 -1 0
309 156 -1 0
308 156 -1 0
307 156 -1 0
204 156 -1 1
203 156 -1 1
202 156 -1 1
201 156 -1 1
200 156 -1 1
199 156 -1 1
198 156 -1 1
197 156 -1 1
196 156 -1 1
195 156 -1 1
194 156 -1 1
193 156 -1 1
192 156 -1 1
191 156 -1 1
190 156 -1 1
189 156 -1 1
188 156 -1 1
187 156 -1 1
186 156 -1 1
185 156 -1 1
184 156 -1 1
183 156 -1 1
182 156 -1 1
181 156 -1 1
180 156 -1 1
179 156 -1 1
178 156 -1 1
177 156 -1 1
176 156 -1 1
175 156 -1 1
316 155 -1 0
315 155 -1 0
314 155 -1 0
313 155 -1 0
312 155 -1 0
311 155 -1 0
310 155 -1 0
309 155 -1 0
308 155 -1 0
207 155 -1 1
206 155 -1 1
205 155 -1 1
204 155 -1 1
203 155 -1 1
202 155 -1 1
201 155 -1 1
200 155 -1 1
199 155 -1 1
198 155 -1 1
197 155 -1 1
196 155 -1 1
195 155 -1 1
194 155 -1 1
193 155 -1 1
192 155 -1 1
191 155 -1 1
190 155 -1 1
189 155 -1 1
188 155 -1 1
187 155 -1 1
186 155 -1 1
185 155 -1 1
184 155 -1 1
183 155 -1 1
182 155 -1 1
181 155 -1 1
180 155 -1 1
179 155 -1 1
178 155 -1 1
177 155 -1 1
176 155 -1 1
175 155 -1 1
317 154 -1 0
316 154 -1 0
315 154 -1 0
314 154 -1 0
313 154 -1 0
312 154 -1 0
311 154 -1 0
310 154 -1 0
309 154 -1 0
308 154 -1 0
210 154 -1 1
209 154 -1 1
208 154 -1 1
207 154 -1 1
206 154 -1 1
205 154 -1 1
204 154 -1 1
203 154 -1 1
202 154 -1 1
201 154 -1 1
200 154 -1 1
199 154 -1 1
198 154 -1 1
197 154 -1 1
196 154 -1 1
195 154 -1 1
194 154 -1 1
193 154 -1 1
192 154 -1 1
191 154 -1 1
190 154 -1 1
189 154 -1 1
188 154 -1 1
187 154 -1 1
186 154 -1 1
185 154 -1 1
184 154 -1 1
183 154 -1 1
182 154 -1 1
181 154 -1 1
180 154 -1 1
179 154 -1 1
178 154 -1 1
177 154 -1 1
176 154 -1 1
175 154 -1 1
320 153 -1 0
319 153 -1 0
318 153 -1 0
317 153 -1 0
316 153 -1 0
315 153 -1 0
314 153 -1 0
313 153 -1 0
312 153 -1 0
311 153 -1 0
310 153 -1 0
309 153 -1 0
308 153 -1 0
211 153 -1 1
210 153 -1 1
209 153 -1 1
208 153 -1 1
207 153 -1 1
206 153 -1 1
205 153 -1 1
204 153 -1 1
203 153 -1 1
202 153 -1 1
201 153 -1 1
200 153 -1 1
199 153 -1 1
198 153 -1 1
197 153 -1 1
196 153 -1 1
195 153 -1 1
194 153 -1 1
193 153 -1 1
192 153 -1 1
191 153 -1 1
190 153 -1 1
189 153 -1 1
188 153 -1 1
187 153 -1 1
186 153 -1 1
185 153 -1 1
184 153 -1 1
183 153 -1 1
182 153 -1 1
181 153 -1 1
180 153 -1 1
179 153 -1 1
178 153 -1 1
177 153 -1 1
176 153 -1 1
321 152 -1 0
320 152 -1 0
319 152 -1 0
318 152 -1 0
317 152 -1 0
316 152 -1 0
315 152 -1 0
314 152 -1 0
313 152 -1 0
312 152 -1 0
311 152 -1 0
310 152 -1 0
309 152 -1 0
215 152 -1 1
214 152 -1 1
213 152 -1 1
212 152 -1 1
211 152 -1 1
210 152 -1 1
209 152 -1 1
208 152 -1 1
207 152 -1 1
206 152 -1 1
205 152 -1 1
204 152 -1 1
203 152 -1 1
202 152 -1 1
201 152 -1 1
200 152 -1 1
199 152 -1 1
198 152 -1 1
197 152 -1 1
196 152 -1 1
195 152 -1 1
194 152 -1 1
193 152 -1 1
192 152 -1 1
191 152 -1 1
190 152 -1 1
189 152 -1 1
188 152 -1 1
187 152 -1 1
186 152 -1 1
185 152 -1 1
184 152 -1 1
183 152 -1 1
182 152 -1 1
181 152 -1 1
180 152 -1 1
179 152 -1 1
321 151 -1 0
320 151 -1 0
319 151 -1 0
318 151 -1 0
317 151 -1 0
316 151 -1 0
315 151 -1 0
314 151 -1 0
313 151 -1 0
312 151 -1 0
219 151 -1 1
218 151 -1 1
217 151 -1 1
216 151 -1 1
215 151 -1 1
214 151 -1 1
213 151 -1 1
212 151 -1 1
211 151 -1 1
210 151 -1 1
209 151 -1 1
208 151 -1 1
207 151 -1 1
206 151 -1 1
205 151 -1 1
204 151 -1 1
203 151 -1 1
202 151 -1 1
201 151 -1 1
200 151 -1 1
199 151 -1 1
198 151 -1 1
197 151 -1 1
196 151 -1 1
195 151 -1 1
194 151 -1 1
193 151 -1 1
192 151 -1 1
191 151 -1 1
190 151 -1 1
189 151 -1 1
188 151 -1 1
187 151 -1 1
186 151 -1 1
185 151 -1 1
184 151 -1 1
183 151 -1 1
321 150 -1 0
320 150 -1 0
319 150 -1 0
318 150 -1 0
317 150 -1 0
316 150 -1 0
315 150 -1 0
314 150 -1 0
313 150 -1 0
222 150 -1 1
221 150 -1 1
220 150 -1 1
219 150 -1 1
218 150 -1 1
217 150 -1 1
216 150 -1 1
215 150 -1 1
214 150 -1 1
213 150 -1 1
212 150 -1 1
211 150 -1 1
210 150 -1 1
209 150 -1 1
208 150 -1 1
207 150 -1 1
206 150 -1 1
205 150 -1 1
204 150 -1 1
203 150 -1 1
202 150 -1 1
201 150 -1 1
200 150 -1 1
199 150 -1 1
198 150 -1 1
197 150 -1 1
196 150 -1 1
195 150 -1 1
194 150 -1 1
193 150 -1 1
192 150 -1 1
191 150 -1 1
189 150 -1 1
186 150 -1 1
322 149 -1 0
321 149 -1 0
320 149 -1 0
319 149 -1 0
318 149 -1 0
317 149 -1 0
316 149 -1 0
315 149 -1 0
314 149 -1 0
313 149 -1 0
312 149 -1 0
223 149 -1 1
222 149 -1 1
221 149 -1 1
220 149 -1 1
219 149 -1 1
218 149 -1 1
217 149 -1 1
216 149 -1 1
215 149 -1 1
214 149 -1 1
213 149 -1 1
212 149 -1 1
211 149 -1 1
210 149 -1 1
209 149 -1 1
208 149 -1 1
207 149 -1 1
206 149 -1 1
205 149 -1 1
204 149 -1 1
203 149 -1 1
202 149 -1 1
201 149 -1 1
200 149 -1 1
199 149 -1 1
198 149 -1 1
197 149 -1 1
196 149 -1 1
195 149 -1 1
194 149 -1 1
322 148 -1 0
321 148 -1 0
320 148 -1 0
319 148 -1 0
318 148 -1 0
317 148 -1 0
316 148 -1 0
315 148 -1 0
314 148 -1 0
313 148 -1 0
312 148 -1 0
224 148 -1 1
223 148 -1 1
222 148 -1 1
221 148 -1 1
220 148 -1 1
219 148 -1 1
218 148 -1 1
217 148 -1 1
216 148 -1 1
215 148 -1 1
214 148 -1 1
213 148 -1 1
212 148 -1 1
211 148 -1 1
210 148 -1 1
209 148 -1 1
208 148 -1 1
207 148 -1 1
206 148 -1 1
205 148 -1 1
204 148 -1 1
203 148 -1 1
202 148 -1 1
201 148 -1 1
200 148 -1 1
199 148 -1 1
198 148 -1 1
197 148 -1 1
196 148 -1 1
195 148 -1 1
321 147 -1 0
320 147 -1 0
319 147 -1 0
318 147 -1 0
317 147 -1 0
316 147 -1 0
315 147 -1 0
314 147 -1 0
313 147 -1 0
227 147 -1 1
225 147 -1 1
224 147 -1 1
223 147 -1 1
222 147 -1 1
221 147 -1 1
220 147 -1 1
219 147 -1 1
218 147 -1 1
217 147 -1 1
216 147 -1 1
215 147 -1 1
214 147 -1 1
213 147 -1 1
212 147 -1 1
211 147 -1 1
210 147 -1 1
209 147 -1 1
208 147 -1 1
207 147 -1 1
206 147 -1 1
205 147 -1 1
204 147 -1 1
203 147 -1 1
202 147 -1 1
201 147 -1 1
200 147 -1 1
198 147 -1 1
321 146 -1 0
320 146 -1 0
319 146 -1 0
318 146 -1 0
317 146 -1 0
316 146 -1 0
315 146 -1 0
314 146 -1 0
313 146 -1 0
230 146 -1 1
229 146 -1 1
228 146 -1 1
227 146 -1 1
226 146 -1 1
225 146 -1 1
224 146 -1 1
223 146 -1 1
222 146 -1 1
221 146 -1 1
220 146 -1 1
219 146 -1 1
218 146 -1 1
217 146 -1 1
216 146 -1 1
215 146 -1 1
214 146 -1 1
213 146 -1 1
212 146 -1 1
211 146 -1 1
210 146 -1 1
209 146 -1 1
208 146 -1 1
207 146 -1 1
206 146 -1 1
205 146 -1 1
204 146 -1 1
203 146 -1 1
202 146 -1 1
321 145 -1 0
320 145 -1 0
319 145 -1 0
318 145 -1 0
317 145 -1 0
316 145 -1 0
315 145 -1 0
314 145 -1 0
313 145 -1 0
231 145 -1 1
230 145 -1 1
229 145 -1 1
228 145 -1 1
227 145 -1 1
226 145 -1 1
225 145 -1 1
224 145 -1 1
223 145 -1 1
222 145 -1 1
221 145 -1 1
220 145 -1 1
219 145 -1 1
218 145 -1 1
217 145 -1 1
216 145 -1 1
215 145 -1 1
214 145 -1 1
213 145 -1 1
212 145 -1 1
211 145 -1 1
210 145 -1 1
209 145 -1 1
208 145 -1 1
207 145 -1 1
205 145 -1 1
320 144 -1 0
319 144 -1 0
318 144 -1 0
317 144 -1 0
316 144 -1 0
315 144 -1 0
314 144 -1 0
234 144 -1 1
231 144 -1 1
230 144 -1 1
229 144 -1 1
228 144 -1 1
227 144 -1 1
226 144 -1 1
225 144 -1 1
224 144 -1 1
223 144 -1 1
222 144 -1 1
221 144 -1 1
220 144 -1 1
219 144 -1 1
218 144 -1 1
217 144 -1 1
216 144 -1 1
215 144 -1 1
214 144 -1 1
213 144 -1 1
212 144 -1 1
211 144 -1 1
210 144 -1 1
209 144 -1 1
208 144 -1 1
317 143 -1 0
237 143 -1 1
236 143 -1 1
235 143 -1 1
234 143 -1 1
233 143 -1 1
232 143 -1 1
231 143 -1 1
230 143 -1 1
229 143 -1 1
228 143 -1 1
227 143 -1 1
226 143 -1 1
225 143 -1 1
224 143 -1 1
223 143 -1 1
222 143 -1 1
221 143 -1 1
220 143 -1 1
219 143 -1 1
218 143 -1 1
217 143 -1 1
216 143 -1 1
215 143 -1 1
214 143 -1 1
213 143 -1 1
212 143 -1 1
211 143 -1 1
242 142 -1 1
240 142 -1 1
239 142 -1 1
238 142 -1 1
237 142 -1 1
236 142 -1 1
235 142 -1 1
234 142 -1 1
233 142 -1 1
232 142 -1 1
231 142 -1 1
230 142 -1 1
229 142 -1 1
228 142 -1 1
227 142 -1 1
226 142 -1 1
225 142 -1 1
224 142 -1 1
223 142 -1 1
222 142 -1 1
221 142 -1 1
220 142 -1 1
219 142 -1 1
218 142 -1 1
217 142 -1 1
216 142 -1 1
215 142 -1 1
214 142 -1 1
245 141 -1 1
244 141 -1 1
243 141 -1 1
242 141 -1 1
241 141 -1 1
240 141 -1 1
239 141 -1 1
238 141 -1 1
237 141 -1 1
236 141 -1 1
235 141 -1 1
234 141 -1 1
233 141 -1 1
232 141 -1 1
231 141 -1 1
230 141 -1 1
229 141 -1 1
228 141 -1 1
227 141 -1 1
226 141 -1 1
225 141 -1 1
224 141 -1 1
223 141 -1 1
222 141 -1 1
221 141 -1 1
220 141 -1 1
219 141 -1 1
218 141 -1 1
217 141 -1 1
246 140 -1 1
245 140 -1 1
244 140 -1 1
243 140 -1 1
242 140 -1 1
241 140 -1 1
240 140 -1 1
239 140 -1 1
238 140 -1 1
237 140 -1 1
236 140 -1 1
235 140 -1 1
234 140 -1 1
233 140 -1 1
232 140 -1 1
231 140 -1 1
230 140 -1 1
229 140 -1 1
228 140 -1 1
227 140 -1 1
226 140 -1 1
225 140 -1 1
224 140 -1 1
223 140 -1 1
222 140 -1 1
221 140 -1 1
220 140 -1 1
246 139 -1 1
245 139 -1 1
244 139 -1 1
243 139 -1 1
242 139 -1 1
241 139 -1 1
240 139 -1 1
239 139 -1 1
238 139 -1 1
237 139 -1 1
236 139 -1 1
235 139 -1 1
234 139 -1 1
233 139 -1 1
232 139 -1 1
231 139 -1 1
230 139 -1 1
229 139 -1 1
228 139 -1 1
227 139 -1 1
226 139 -1 1
225 139 -1 1
224 139 -1 1
223 139 -1 1
222 139 -1 1
221 139 -1 1
246 138 -1 1
245 138 -1 1
244 138 -1 1
243 138 -1 1
242 138 -1 1
241 138 -1 1
240 138 -1 1
239 138 -1 1
238 138 -1 1
237 138 -1 1
236 138 -1 1
235 138 -1 1
234 138 -1 1
233 138 -1 1
232 138 -1 1
231 138 -1 1
230 138 -1 1
229 138 -1 1
228 138 -1 1
227 138 -1 1
226 138 -1 1
225 138 -1 1
224 138 -1 1
223 138 -1 1
222 138 -1 1
247 137 -1 1
246 137 -1 1
245 137 -1 1
244 137 -1 1
243 137 -1 1
242 137 -1 1
241 137 -1 1
240 137 -1 1
239 137 -1 1
238 137 -1 1
237 137 -1 1
236 137 -1 1
235 137 -1 1
234 137 -1 1
233 137 -1 1
232 137 -1 1
231 137 -1 1
230 137 -1 1
229 137 -1 1
228 137 -1 1
227 137 -1 1
225 137 -1 1
246 136 -1 1
245 136 -1 1
244 136 -1 1
243 136 -1 1
242 136 -1 1
241 136 -1 1
240 136 -1 1
239 136 -1 1
238 136 -1 1
237 136 -1 1
236 136 -1 1
235 136 -1 1
234 136 -1 1
233 136 -1 1
232 136 -1 1
231 136 -1 1
230 136 -1 1
229 136 -1 1
228 136 -1 1
227 136 -1 1
246 135 -1 1
245 135 -1 1
244 135 -1 1
243 135 -1 1
242 135 -1 1
241 135 -1 1
240 135 -1 1
239 135 -1 1
238 135 -1 1
237 135 -1 1
236 135 -1 1
235 135 -1 1
234 135 -1 1
233 135 -1 1
232 135 -1 1
231 135 -1 1
230 135 -1 1
229 135 -1 1
228 135 -1 1
246 134 -1 1
245 134 -1 1
244 134 -1 1
243 134 -1 1
242 134 -1 1
241 134 -1 1
240 134 -1 1
239 134 -1 1
238 134 -1 1
237 134 -1 1
236 134 -1 1
235 134 -1 1
234 134 -1 1
233 134 -1 1
231 134 -1 1
245 133 -1 1
244 133 -1 1
243 133 -1 1
242 133 -1 1
241 133 -1 1
240 133 -1 1
239 133 -1 1
238 133 -1 1
237 133 -1 1
236 133 -1 1
235 133 -1 1
234 133 -1 1
242 132 -1 1
240 132 -1 1
239 132 -1 1
238 132 -1 1
237 132 -1 1
131 126 -1 0
134 125 -1 0
133 125 -1 0
132 125 -1 0
131 125 -1 0
130 125 -1 0
129 125 -1 0
128 125 -1 0
135 124 -1 0
134 124 -1 0
133 124 -1 0
132 124 -1 0
131 124 -1 0
130 124 -1 0
129 124 -1 0
128 124 -1 0
127 124 -1 0
136 123 -1 0
135 123 -1 0
134 123 -1 0
133 123 -1 0
132 123 -1 0
131 123 -1 0
130 123 -1 0
129 123 -1 0
128 123 -1 0
127 123 -1 0
138 122 -1 0
137 122 -1 0
136 122 -1 0
135 122 -1 0
134 122 -1 0
133 122 -1 0
132 122 -1 0
131 122 -1 0
130 122 -1 0
129 122 -1 0
128 122 -1 0
127 122 -1 0
139 121 -1 0
138 121 -1 0
137 121 -1 0
136 121 -1 0
135 121 -1 0
134 121 -1 0
133 121 -1 0
132 121 -1 0
131 121 -1 0
130 121 -1 0
129 121 -1 0
128 121 -1 0
127 121 -1 0
126 121 -1 0
141 120 -1 0
140 120 -1 0
139 120 -1 0
138 120 -1 0
137 120 -1 0
136 120 -1 0
135 120 -1 0
134 120 -1 0
133 120 -1 0
132 120 -1 0
131 120 -1 0
130 120 -1 0
129 120 -1 0
128 120 -1 0
127 120 -1 0
142 119 -1 0
141 119 -1 0
140 119 -1 0
139 119 -1 0
138 119 -1 0
137 119 -1 0
136 119 -1 0
135 119 -1 0
134 119 -1 0
133 119 -1 0
132 119 -1 0
131 119 -1 0
130 119 -1 0
129 119 -1 0
128 119 -1 0
127 119 -1 0
145 118 -1 0
144 118 -1 0
143 118 -1 0
142 118 -1 0
141 118 -1 0
140 118 -1 0
139 118 -1 0
138 118 -1 0
137 118 -1 0
136 118 -1 0
135 118 -1 0
134 118 -1 0
133 118 -1 0
132 118 -1 0
131 118 -1 0
130 118 -1 0
129 118 -1 0
128 118 -1 0
127 118 -1 0
146 117 -1 0
145 117 -1 0
144 117 -1 0
143 117 -1 0
142 117 -1 0
141 117 -1 0
140 117 -1 0
139 117 -1 0
138 117 -1 0
137 117 -1 0
136 117 -1 0
135 117 -1 0
134 117 -1 0
133 117 -1 0
132 117 -1 0
131 117 -1 0
130 117 -1 0
129 117 -1 0
128 117 -1 0
146 116 -1 0
145 116 -1 0
144 116 -1 0
143 116 -1 0
142 116 -1 0
141 116 -1 0
140 116 -1 0
139 116 -1 0
138 116 -1 0
137 116 -1 0
136 116 -1 0
135 116 -1 0
134 116 -1 0
133 116 -1 0
132 116 -1 0
131 116 -1 0
130 116 -1 0
129 116 -1 0
149 115 -1 0
148 115 -1 0
147 115 -1 0
146 115 -1 0
145 115 -1 0
144 115 -1 0
143 115 -1 0
142 115 -1 0
141 115 -1 0
140 115 -1 0
139 115 -1 0
138 115 -1 0
137 115 -1 0
136 115 -1 0
135 115 -1 0
134 115 -1 0
133 115 -1 0
132 115 -1 0
131 115 -1 0
130 115 -1 0
150 114 -1 0
149 114 -1 0
148 114 -1 0
147 114 -1 0
146 114 -1 0
145 114 -1 0
144 114 -1 0
143 114 -1 0
142 114 -1 0
141 114 -1 0
140 114 -1 0
139 114 -1 0
138 114 -1 0
137 114 -1 0
136 114 -1 0
135 114 -1 0
134 114 -1 0
133 114 -1 0
132 114 -1 0
150 113 -1 0
149 113 -1 0
148 113 -1 0
147 113 -1 0
146 113 -1 0
145 113 -1 0
144 113 -1 0
143 113 -1 0
142 113 -1 0
141 113 -1 0
140 113 -1 0
139 113 -1 0
138 113 -1 0
137 113 -1 0
136 113 -1 0
135 113 -1 0
134 113 -1 0
152 112 -1 0
151 112 -1 0
150 112 -1 0
149 112 -1 0
148 112 -1 0
147 112 -1 0
146 112 -1 0
145 112 -1 0
144 112 -1 0
143 112 -1 0
142 112 -1 0
141 112 -1 0
140 112 -1 0
139 112 -1 0
138 112 -1 0
137 112 -1 0
136 112 -1 0
135 112 -1 0
154 111 -1 0
153 111 -1 0
152 111 -1 0
151 111 -1 0
150 111 -1 0
149 111 -1 0
148 111 -1 0
147 111 -1 0
146 111 -1 0
145 111 -1 0
144 111 -1 0
143 111 -1 0
142 111 -1 0
141 111 -1 0
140 111 -1 0
139 111 -1 0
138 111 -1 0
137 111 -1 0
136 111 -1 0
155 110 -1 0
154 110 -1 0
153 110 -1 0
152 110 -1 0
151 110 -1 0
150 110 -1 0
149 110 -1 0
148 110 -1 0
147 110 -1 0
146 110 -1 0
145 110 -1 0
144 110 -1 0
143 110 -1 0
142 110 -1 0
141 110 -1 0
140 110 -1 0
139 110 -1 0
138 110 -1 0
137 110 -1 0
157 109 -1 0
156 109 -1 0
155 109 -1 0
154 109 -1 0
153 109 -1 0
152 109 -1 0
151 109 -1 0
150 109 -1 0
149 109 -1 0
148 109 -1 0
147 109 -1 0
146 109 -1 0
145 109 -1 0
144 109 -1 0
143 109 -1 0
142 109 -1 0
141 109 -1 0
140 109 -1 0
139 109 -1 0
138 109 -1 0
158 108 -1 0
157 108 -1 0
156 108 -1 0
155 108 -1 0
154 108 -1 0
153 108 -1 0
152 108 -1 0
151 108 -1 0
150 108 -1 0
149 108 -1 0
148 108 -1 0
147 108 -1 0
146 108 -1 0
145 108 -1 0
144 108 -1 0
143 108 -1 0
142 108 -1 0
141 108 -1 0
140 108 -1 0
139 108 -1 0
161 107 -1 0
160 107 -1 0
159 107 -1 0
158 107 -1 0
157 107 -1 0
156 107 -1 0
155 107 -1 0
154 107 -1 0
153 107 -1 0
152 107 -1 0
151 107 -1 0
150 107 -1 0
149 107 -1 0
148 107 -1 0
147 107 -1 0
146 107 -1 0
145 107 -1 0
144 107 -1 0
143 107 -1 0
142 107 -1 0
164 106 -1 0
163 106 -1 0
162 106 -1 0
161 106 -1 0
160 106 -1 0
159 106 -1 0
158 106 -1 0
157 106 -1 0
156 106 -1 0
155 106 -1 0
154 106 -1 0
153 106 -1 0
152 106 -1 0
151 106 -1 0
150 106 -1 0
149 106 -1 0
148 106 -1 0
147 106 -1 0
146 106 -1 0
145 106 -1 0
165 105 -1 0
164 105 -1 0
163 105 -1 0
162 105 -1 0
161 105 -1 0
160 105 -1 0
159 105 -1 0
158 105 -1 0
157 105 -1 0
156 105 -1 0
155 105 -1 0
154 105 -1 0
153 105 -1 0
152 105 -1 0
151 105 -1 0
150 105 -1 0
149 105 -1 0
148 105 -1 0
147 105 -1 0
146 105 -1 0
145 105 -1 0
167 104 -1 0
166 104 -1 0
165 104 -1 0
164 104 -1 0
163 104 -1 0
162 104 -1 0
161 104 -1 0
160 104 -1 0
159 104 -1 0
158 104 -1 0
157 104 -1 0
156 104 -1 0
155 104 -1 0
154 104 -1 0
153 104 -1 0
152 104 -1 0
151 104 -1 0
150 104 -1 0
149 104 -1 0
148 104 -1 0
147 104 -1 0
146 104 -1 0
168 103 -1 0
167 103 -1 0
166 103 -1 0
165 103 -1 0
164 103 -1 0
163 103 -1 0
162 103 -1 0
161 103 -1 0
160 103 -1 0
159 103 -1 0
158 103 -1 0
157 103 -1 0
156 103 -1 0
155 103 -1 0
154 103 -1 0
153 103 -1 0
152 103 -1 0
151 103 -1 0
150 103 -1 0
149 103 -1 0
148 103 -1 0
171 102 -1 0
170 102 -1 0
169 102 -1 0
168 102 -1 0
167 102 -1 0
166 102 -1 0
165 102 -1 0
164 102 -1 0
163 102 -1 0
162 102 -1 0
161 102 -1 0
160 102 -1 0
159 102 -1 0
158 102 -1 0
157 102 -1 0
156 102 -1 0
155 102 -1 0
154 102 -1 0
153 102 -1 0
152 102 -1 0
151 102 -1 0
150 102 -1 0
174 101 -1 0
173 101 -1 0
172 101 -1 0
171 101 -1 0
170 101 -1 0
169 101 -1 0
168 101 -1 0
167 101 -1 0
166 101 -1 0
165 101 -1 0
164 101 -1 0
163 101 -1 0
162 101 -1 0
161 101 -1 0
160 101 -1 0
159 101 -1 0
158 101 -1 0
157 101 -1 0
156 101 -1 0
155 101 -1 0
154 101 -1 0
153 101 -1 0
152 101 -1 0
151 101 -1 0
178 100 -1 0
175 100 -1 0
174 100 -1 0
173 100 -1 0
172 100 -1 0
171 100 -1 0
170 100 -1 0
169 100 -1 0
168 100 -1 0
167 100 -1 0
166 100 -1 0
165 100 -1 0
164 100 -1 0
163 100 -1 0
162 100 -1 0
161 100 -1 0
160 100 -1 0
159 100 -1 0
158 100 -1 0
157 100 -1 0
156 100 -1 0
155 100 -1 0
154 100 -1 0
153 100 -1 0
152 100 -1 0
181 99 -1 0
180 99 -1 0
179 99 -1 0
178 99 -1 0
177 99 -1 0
176 99 -1 0
175 99 -1 0
174 99 -1 0
173 99 -1 0
172 99 -1 0
171 99 -1 0
170 99 -1 0
169 99 -1 0
168 99 -1 0
167 99 -1 0
166 99 -1 0
165 99 -1 0
164 99 -1 0
163 99 -1 0
162 99 -1 0
161 99 -1 0
160 99 -1 0
159 99 -1 0
158 99 -1 0
157 99 -1 0
156 99 -1 0
155 99 -1 0
182 98 -1 0
181 98 -1 0
180 98 -1 0
179 98 -1 0
178 98 -1 0
177 98 -1 0
176 98 -1 0
175 98 -1 0
174 98 -1 0
173 98 -1 0
172 98 -1 0
171 98 -1 0
170 98 -1 0
169 98 -1 0
168 98 -1 0
167 98 -1 0
166 98 -1 0
165 98 -1 0
164 98 -1 0
163 98 -1 0
162 98 -1 0
161 98 -1 0
160 98 -1 0
159 98 -1 0
158 98 -1 0
191 97 -1 0
187 97 -1 0
186 97 -1 0
185 97 -1 0
184 97 -1 0
183 97 -1 0
182 97 -1 0
181 97 -1 0
180 97 -1 0
179 97 -1 0
178 97 -1 0
177 97 -1 0
176 97 -1 0
175 97 -1 0
174 97 -1 0
173 97 -1 0
172 97 -1 0
171 97 -1 0
170 97 -1 0
169 97 -1 0
168 97 -1 0
167 97 -1 0
166 97 -1 0
165 97 -1 0
164 97 -1 0
163 97 -1 0
162 97 -1 0
161 97 -1 0
160 97 -1 0
227 96 -1 0
225 96 -1 0
223 96 -1 0
222 96 -1 0
221 96 -1 0
220 96 -1 0
218 96 -1 0
216 96 -1 0
215 96 -1 0
214 96 -1 0
212 96 -1 0
211 96 -1 0
208 96 -1 0
207 96 -1 0
204 96 -1 0
203 96 -1 0
202 96 -1 0
201 96 -1 0
200 96 -1 0
198 96 -1 0
196 96 -1 0
195 96 -1 0
194 96 -1 0
193 96 -1 0
192 96 -1 0
191 96 -1 0
190 96 -1 0
189 96 -1 0
188 96 -1 0
187 96 -1 0
186 96 -1 0
185 96 -1 0
184 96 -1 0
183 96 -1 0
182 96 -1 0
181 96 -1 0
180 96 -1 0
179 96 -1 0
178 96 -1 0
177 96 -1 0
176 96 -1 0
175 96 -1 0
174 96 -1 0
173 96 -1 0
172 96 -1 0
171 96 -1 0
170 96 -1 0
169 96 -1 0
168 96 -1 0
167 96 -1 0
166 96 -1 0
165 96 -1 0
164 96 -1 0
163 96 -1 0
162 96 -1 0
161 96 -1 0
237 95 -1 0
236 95 -1 0
232 95 -1 0
231 95 -1 0
230 95 -1 0
229 95 -1 0
228 95 -1 0
227 95 -1 0
226 95 -1 0
225 95 -1 0
224 95 -1 0
223 95 -1 0
222 95 -1 0
221 95 -1 0
220 95 -1 0
219 95 -1 0
218 95 -1 0
217 95 -1 0
216 95 -1 0
215 95 -1 0
214 95 -1 0
213 95 -1 0
212 95 -1 0
211 95 -1 0
210 95 -1 0
209 95 -1 0
208 95 -1 0
207 95 -1 0
206 95 -1 0
205 95 -1 0
204 95 -1 0
203 95 -1 0
202 95 -1 0
201 95 -1 0
200 95 -1 0
199 95 -1 0
198 95 -1 0
197 95 -1 0
196 95 -1 0
195 95 -1 0
194 95 -1 0
193 95 -1 0
192 95 -1 0
191 95 -1 0
190 95 -1 0
189 95 -1 0
188 95 -1 0
187 95 -1 0
186 95 -1 0
185 95 -1 0
184 95 -1 0
183 95 -1 0
182 95 -1 0
181 95 -1 0
180 95 -1 0
179 95 -1 0
178 95 -1 0
177 95 -1 0
176 95 -1 0
175 95 -1 0
174 95 -1 0
173 95 -1 0
172 95 -1 0
171 95 -1 0
170 95 -1 0
169 95 -1 0
168 95 -1 0
167 95 -1 0
166 95 -1 0
165 95 -1 0
164 95 -1 0
163 95 -1 0
240 94 -1 0
239 94 -1 0
238 94 -1 0
237 94 -1 0
236 94 -1 0
235 94 -1 0
234 94 -1 0
233 94 -1 0
232 94 -1 0
231 94 -1 0
230 94 -1 0
229 94 -1 0
228 94 -1 0
227 94 -1 0
226 94 -1 0
225 94 -1 0
224 94 -1 0
223 94 -1 0
222 94 -1 0
221 94 -1 0
220 94 -1 0
219 94 -1 0
218 94 -1 0
217 94 -1 0
216 94 -1 0
215 94 -1 0
214 94 -1 0
213 94 -1 0
212 94 -1 0
211 94 -1 0
210 94 -1 0
209 94 -1 0
208 94 -1 0
207 94 -1 0
206 94 -1 0
205 94 -1 0
204 94 -1 0
203 94 -1 0
202 94 -1 0
201 94 -1 0
200 94 -1 0
199 94 -1 0
198 94 -1 0
197 94 -1 0
196 94 -1 0
195 94 -1 0
194 94 -1 0
193 94 -1 0
192 94 -1 0
191 94 -1 0
190 94 -1 0
189 94 -1 0
188 94 -1 0
187 94 -1 0
186 94 -1 0
185 94 -1 0
184 94 -1 0
183 94 -1 0
182 94 -1 0
181 94 -1 0
180 94 -1 0
179 94 -1 0
178 94 -1 0
177 94 -1 0
176 94 -1 0
175 94 -1 0
174 94 -1 0
173 94 -1 0
172 94 -1 0
171 94 -1 0
170 94 -1 0
169 94 -1 0
168 94 -1 0
167 94 -1 0
166 94 -1 0
165 94 -1 0
164 94 -1 0
241 93 -1 0
240 93 -1 0
239 93 -1 0
238 93 -1 0
237 93 -1 0
236 93 -1 0
235 93 -1 0
234 93 -1 0
233 93 -1 0
232 93 -1 0
231 93 -1 0
230 93 -1 0
229 93 -1 0
228 93 -1 0
227 93 -1 0
226 93 -1 0
225 93 -1 0
224 93 -1 0
223 93 -1 0
222 93 -1 0
221 93 -1 0
220 93 -1 0
219 93 -1 0
218 93 -1 0
217 93 -1 0
216 93 -1 0
215 93 -1 0
214 93 -1 0
213 93 -1 0
212 93 -1 0
211 93 -1 0
210 93 -1 0
209 93 -1 0
208 93 -1 0
207 93 -1 0
206 93 -1 0
205 93 -1 0
204 93 -1 0
203 93 -1 0
202 93 -1 0
201 93 -1 0
200 93 -1 0
199 93 -1 0
198 93 -1 0
197 93 -1 0
196 93 -1 0
195 93 -1 0
194 93 -1 0
193 93 -1 0
192 93 -1 0
191 93 -1 0
190 93 -1 0
189 93 -1 0
188 93 -1 0
187 93 -1 0
186 93 -1 0
185 93 -1 0
184 93 -1 0
183 93 -1 0
182 93 -1 0
181 93 -1 0
180 93 -1 0
179 93 -1 0
178 93 -1 0
177 93 -1 0
176 93 -1 0
175 93 -1 0
174 93 -1 0
173 93 -1 0
172 93 -1 0
171 93 -1 0
170 93 -1 0
169 93 -1 0
168 93 -1 0
167 93 -1 0
166 93 -1 0
165 93 -1 0
241 92 -1 0
240 92 -1 0
239 92 -1 0
238 92 -1 0
237 92 -1 0
236 92 -1 0
235 92 -1 0
234 92 -1 0
233 92 -1 0
232 92 -1 0
231 92 -1 0
230 92 -1 0
229 92 -1 0
228 92 -1 0
227 92 -1 0
226 92 -1 0
225 92 -1 0
224 92 -1 0
223 92 -1 0
222 92 -1 0
221 92 -1 0
220 92 -1 0
219 92 -1 0
218 92 -1 0
217 92 -1 0
216 92 -1 0
215 92 -1 0
214 92 -1 0
213 92 -1 0
212 92 -1 0
211 92 -1 0
210 92 -1 0
209 92 -1 0
208 92 -1 0
207 92 -1 0
206 92 -1 0
205 92 -1 0
204 92 -1 0
203 92 -1 0
202 92 -1 0
201 92 -1 0
200 92 -1 0
199 92 -1 0
198 92 -1 0
197 92 -1 0
196 92 -1 0
195 92 -1 0
194 92 -1 0
193 92 -1 0
192 92 -1 0
191 92 -1 0
190 92 -1 0
189 92 -1 0
188 92 -1 0
187 92 -1 0
186 92 -1 0
185 92 -1 0
184 92 -1 0
183 92 -1 0
182 92 -1 0
181 92 -1 0
180 92 -1 0
179 92 -1 0
178 92 -1 0
177 92 -1 0
176 92 -1 0
175 92 -1 0
174 92 -1 0
171 92 -1 0
168 92 -1 0
241 91 -1 0
240 91 -1 0
239 91 -1 0
238 91 -1 0
237 91 -1 0
236 91 -1 0
235 91 -1 0
234 91 -1 0
233 91 -1 0
232 91 -1 0
231 91 -1 0
230 91 -1 0
229 91 -1 0
228 91 -1 0
227 91 -1 0
226 91 -1 0
225 91 -1 0
224 91 -1 0
223 91 -1 0
222 91 -1 0
221 91 -1 0
220 91 -1 0
219 91 -1 0
218 91 -1 0
217 91 -1 0
216 91 -1 0
215 91 -1 0
214 91 -1 0
213 91 -1 0
212 91 -1 0
211 91 -1 0
210 91 -1 0
209 91 -1 0
208 91 -1 0
207 91 -1 0
206 91 -1 0
205 91 -1 0
204 91 -1 0
203 91 -1 0
202 91 -1 0
201 91 -1 0
200 91 -1 0
199 91 -1 0
198 91 -1 0
197 91 -1 0
196 91 -1 0
195 91 -1 0
194 91 -1 0
193 91 -1 0
192 91 -1 0
191 91 -1 0
190 91 -1 0
189 91 -1 0
188 91 -1 0
187 91 -1 0
186 91 -1 0
185 91 -1 0
184 91 -1 0
183 91 -1 0
182 91 -1 0
181 91 -1 0
180 91 -1 0
179 91 -1 0
178 91 -1 0
177 91 -1 0
176 91 -1 0
175 91 -1 0
242 90 -1 0
241 90 -1 0
240 90 -1 0
239 90 -1 0
238 90 -1 0
237 90 -1 0
236 90 -1 0
235 90 -1 0
234 90 -1 0
233 90 -1 0
232 90 -1 0
231 90 -1 0
230 90 -1 0
229 90 -1 0
228 90 -1 0
227 90 -1 0
226 90 -1 0
225 90 -1 0
224 90 -1 0
223 90 -1 0
222 90 -1 0
221 90 -1 0
220 90 -1 0
219 90 -1 0
218 90 -1 0
217 90 -1 0
216 90 -1 0
215 90 -1 0
214 90 -1 0
213 90 -1 0
212 90 -1 0
211 90 -1 0
210 90 -1 0
209 90 -1 0
208 90 -1 0
207 90 -1 0
206 90 -1 0
205 90 -1 0
204 90 -1 0
203 90 -1 0
202 90 -1 0
201 90 -1 0
200 90 -1 0
199 90 -1 0
198 90 -1 0
197 90 -1 0
196 90 -1 0
195 90 -1 0
194 90 -1 0
193 90 -1 0
192 90 -1 0
191 90 -1 0
190 90 -1 0
189 90 -1 0
188 90 -1 0
187 90 -1 0
186 90 -1 0
185 90 -1 0
184 90 -1 0
183 90 -1 0
182 90 -1 0
181 90 -1 0
180 90 -1 0
179 90 -1 0
178 90 -1 0
241 89 -1 0
240 89 -1 0
239 89 -1 0
238 89 -1 0
237 89 -1 0
236 89 -1 0
235 89 -1 0
234 89 -1 0
233 89 -1 0
232 89 -1 0
231 89 -1 0
230 89 -1 0
229 89 -1 0
228 89 -1 0
227 89 -1 0
226 89 -1 0
225 89 -1 0
224 89 -1 0
223 89 -1 0
222 89 -1 0
221 89 -1 0
220 89 -1 0
219 89 -1 0
218 89 -1 0
217 89 -1 0
216 89 -1 0
215 89 -1 0
214 89 -1 0
213 89 -1 0
212 89 -1 0
211 89 -1 0
210 89 -1 0
209 89 -1 0
208 89 -1 0
207 89 -1 0
206 89 -1 0
205 89 -1 0
204 89 -1 0
203 89 -1 0
202 89 -1 0
201 89 -1 0
200 89 -1 0
199 89 -1 0
198 89 -1 0
197 89 -1 0
196 89 -1 0
195 89 -1 0
194 89 -1 0
193 89 -1 0
192 89 -1 0
191 89 -1 0
190 89 -1 0
189 89 -1 0
188 89 -1 0
187 89 -1 0
186 89 -1 0
185 89 -1 0
184 89 -1 0
183 89 -1 0
182 89 -1 0
181 89 -1 0
180 89 -1 0
179 89 -1 0
241 88 -1 0
240 88 -1 0
239 88 -1 0
238 88 -1 0
237 88 -1 0
236 88 -1 0
235 88 -1 0
234 88 -1 0
233 88 -1 0
232 88 -1 0
231 88 -1 0
230 88 -1 0
229 88 -1 0
228 88 -1 0
227 88 -1 0
226 88 -1 0
225 88 -1 0
224 88 -1 0
223 88 -1 0
222 88 -1 0
221 88 -1 0
220 88 -1 0
219 88 -1 0
218 88 -1 0
217 88 -1 0
216 88 -1 0
215 88 -1 0
214 88 -1 0
213 88 -1 0
212 88 -1 0
211 88 -1 0
210 88 -1 0
209 88 -1 0
208 88 -1 0
207 88 -1 0
206 88 -1 0
205 88 -1 0
204 88 -1 0
203 88 -1 0
202 88 -1 0
201 88 -1 0
200 88 -1 0
199 88 -1 0
198 88 -1 0
197 88 -1 0
196 88 -1 0
195 88 -1 0
194 88 -1 0
193 88 -1 0
192 88 -1 0
191 88 -1 0
190 88 -1 0
189 88 -1 0
188 88 -1 0
187 88 -1 0
186 88 -1 0
185 88 -1 0
184 88 -1 0
183 88 -1 0
182 88 -1 0
241 87 -1 0
240 87 -1 0
239 87 -1 0
238 87 -1 0
237 87 -1 0
236 87 -1 0
235 87 -1 0
234 87 -1 0
233 87 -1 0
232 87 -1 0
231 87 -1 0
230 87 -1 0
229 87 -1 0
228 87 -1 0
227 87 -1 0
226 87 -1 0
225 87 -1 0
224 87 -1 0
223 87 -1 0
222 87 -1 0
221 87 -1 0
220 87 -1 0
219 87 -1 0
218 87 -1 0
217 87 -1 0
216 87 -1 0
215 87 -1 0
214 87 -1 0
213 87 -1 0
212 87 -1 0
211 87 -1 0
210 87 -1 0
209 87 -1 0
208 87 -1 0
207 87 -1 0
206 87 -1 0
205 87 -1 0
204 87 -1 0
203 87 -1 0
202 87 -1 0
201 87 -1 0
200 87 -1 0
199 87 -1 0
198 87 -1 0
197 87 -1 0
196 87 -1 0
195 87 -1 0
194 87 -1 0
193 87 -1 0
192 87 -1 0
191 87 -1 0
190 87 -1 0
189 87 -1 0
188 87 -1 0
187 87 -1 0
186 87 -1 0
185 87 -1 0
240 86 -1 0
239 86 -1 0
238 86 -1 0
237 86 -1 0
236 86 -1 0
235 86 -1 0
234 86 -1 0
233 86 -1 0
232 86 -1 0
231 86 -1 0
230 86 -1 0
229 86 -1 0
228 86 -1 0
227 86 -1 0
226 86 -1 0
225 86 -1 0
224 86 -1 0
223 86 -1 0
222 86 -1 0
221 86 -1 0
220 86 -1 0
218 86 -1 0
216 86 -1 0
215 86 -1 0
214 86 -1 0
213 86 -1 0
212 86 -1 0
211 86 -1 0
210 86 -1 0
209 86 -1 0
208 86 -1 0
207 86 -1 0
205 86 -1 0
204 86 -1 0
203 86 -1 0
202 86 -1 0
201 86 -1 0
200 86 -1 0
199 86 -1 0
198 86 -1 0
196 86 -1 0
195 86 -1 0
193 86 -1 0
192 86 -1 0
191 86 -1 0
189 86 -1 0
188 86 -1 0
237 85 -1 0
236 85 -1 0
232 85 -1 0
231 85 -1 0
230 85 -1 0
223 85 -1 0
212 85 -1 0
202 85 -1 0
