2809 408 341
102 284 -1 0
105 283 -1 0
104 283 -1 0
103 283 -1 0
102 283 -1 0
101 283 -1 0
100 283 -1 0
99 283 -1 0
106 282 -1 0
105 282 -1 0
104 282 -1 0
103 282 -1 0
102 282 -1 0
101 282 -1 0
100 282 -1 0
99 282 -1 0
98 282 -1 0
106 281 -1 0
105 281 -1 0
104 281 -1 0
103 281 -1 0
102 281 -1 0
101 281 -1 0
100 281 -1 0
99 281 -1 0
98 281 -1 0
97 281 -1 0
106 280 -1 0
105 280 -1 0
104 280 -1 0
103 280 -1 0
102 280 -1 0
101 280 -1 0
100 280 -1 0
99 280 -1 0
98 280 -1 0
97 280 -1 0
96 280 -1 0
107 279 -1 0
106 279 -1 0
105 279 -1 0
104 279 -1 0
103 279 -1 0
102 279 -1 0
101 279 -1 0
100 279 -1 0
99 279 -1 0
98 279 -1 0
97 279 -1 0
96 279 -1 0
95 279 -1 0
106 278 -1 0
105 278 -1 0
104 278 -1 0
103 278 -1 0
102 278 -1 0
101 278 -1 0
100 278 -1 0
99 278 -1 0
98 278 -1 0
97 278 -1 0
96 278 -1 0
95 278 -1 0
106 277 -1 0
105 277 -1 0
104 277 -1 0
103 277 -1 0
102 277 -1 0
101 277 -1 0
100 277 -1 0
99 277 -1 0
98 277 -1 0
97 277 -1 0
96 277 -1 0
95 277 -1 0
94 277 -1 0
106 276 -1 0
105 276 -1 0
104 276 -1 0
103 276 -1 0
102 276 -1 0
101 276 -1 0
100 276 -1 0
99 276 -1 0
98 276 -1 0
97 276 -1 0
96 276 -1 0
95 276 -1 0
94 276 -1 0
105 275 -1 0
104 275 -1 0
103 275 -1 0
102 275 -1 0
101 275 -1 0
100 275 -1 0
99 275 -1 0
98 275 -1 0
97 275 -1 0
96 275 -1 0
95 275 -1 0
94 275 -1 0
104 274 -1 0
103 274 -1 0
102 274 -1 0
101 274 -1 0
100 274 -1 0
99 274 -1 0
98 274 -1 0
97 274 -1 0
96 274 -1 0
95 274 -1 0
94 274 -1 0
93 274 -1 0
103 273 -1 0
102 273 -1 0
101 273 -1 0
100 273 -1 0
99 273 -1 0
98 273 -1 0
97 273 -1 0
96 273 -1 0
95 273 -1 0
94 273 -1 0
93 273 -1 0
103 272 -1 0
102 272 -1 0
101 272 -1 0
100 272 -1 0
99 272 -1 0
98 272 -1 0
97 272 -1 0
96 272 -1 0
95 272 -1 0
94 272 -1 0
93 272 -1 0
102 271 -1 0
101 271 -1 0
100 271 -1 0
99 271 -1 0
98 271 -1 0
97 271 -1 0
96 271 -1 0
95 271 -1 0
94 271 -1 0
93 271 -1 0
92 271 -1 0
102 270 -1 0
101 270 -1 0
100 270 -1 0
99 270 -1 0
98 270 -1 0
97 270 -1 0
96 270 -1 0
95 270 -1 0
94 270 -1 0
93 270 -1 0
92 270 -1 0
101 269 -1 0
100 269 -1 0
99 269 -1 0
98 269 -1 0
97 269 -1 0
96 269 -1 0
95 269 -1 0
94 269 -1 0
93 269 -1 0
92 269 -1 0
91 269 -1 0
101 268 -1 0
100 268 -1 0
99 268 -1 0
98 268 -1 0
97 268 -1 0
96 268 -1 0
95 268 -1 0
94 268 -1 0
93 268 -1 0
92 268 -1 0
91 268 -1 0
90 268 -1 0
101 267 -1 0
100 267 -1 0
99 267 -1 0
98 267 -1 0
97 267 -1 0
96 267 -1 0
95 267 -1 0
94 267 -1 0
93 267 -1 0
92 267 -1 0
91 267 -1 0
90 267 -1 0
100 266 -1 0
99 266 -1 0
98 266 -1 0
97 266 -1 0
96 266 -1 0
95 266 -1 0
94 266 -1 0
93 266 -1 0
92 266 -1 0
91 266 -1 0
90 266 -1 0
100 265 -1 0
99 265 -1 0
98 265 -1 0
97 265 -1 0
96 265 -1 0
95 265 -1 0
94 265 -1 0
93 265 -1 0
92 265 -1 0
91 265 -1 0
90 265 -1 0
89 265 -1 0
100 264 -1 0
99 264 -1 0
98 264 -1 0
97 264 -1 0
96 264 -1 0
95 264 -1 0
94 264 -1 0
93 264 -1 0
92 264 -1 0
91 264 -1 0
90 264 -1 0
89 264 -1 0
99 263 -1 0
98 263 -1 0
97 263 -1 0
96 263 -1 0
95 263 -1 0
94 263 -1 0
93 263 -1 0
92 263 -1 0
91 263 -1 0
90 263 -1 0
89 263 -1 0
98 262 -1 0
97 262 -1 0
96 262 -1 0
95 262 -1 0
94 262 -1 0
93 262 -1 0
92 262 -1 0
91 262 -1 0
90 262 -1 0
89 262 -1 0
98 261 -1 0
97 261 -1 0
96 261 -1 0
95 261 -1 0
94 261 -1 0
93 261 -1 0
92 261 -1 0
91 261 -1 0
90 261 -1 0
89 261 -1 0
88 261 -1 0
97 260 -1 0
96 260 -1 0
95 260 -1 0
94 260 -1 0
93 260 -1 0
92 260 -1 0
91 260 -1 0
90 260 -1 0
89 260 -1 0
88 260 -1 0
97 259 -1 0
96 259 -1 0
95 259 -1 0
94 259 -1 0
93 259 -1 0
92 259 -1 0
91 259 -1 0
90 259 -1 0
89 259 -1 0
88 259 -1 0
97 258 -1 0
96 258 -1 0
95 258 -1 0
94 258 -1 0
93 258 -1 0
92 258 -1 0
91 258 -1 0
90 258 -1 0
89 258 -1 0
88 258 -1 0
97 257 -1 0
96 257 -1 0
95 257 -1 0
94 257 -1 0
93 257 -1 0
92 257 -1 0
91 257 -1 0
90 257 -1 0
89 257 -1 0
88 257 -1 0
87 257 -1 0
96 256 -1 0
95 256 -1 0
94 256 -1 0
93 256 -1 0
92 256 -1 0
91 256 -1 0
90 256 -1 0
89 256 -1 0
88 256 -1 0
96 255 -1 0
95 255 -1 0
94 255 -1 0
93 255 -1 0
92 255 -1 0
91 255 -1 0
90 255 -1 0
89 255 -1 0
88 255 -1 0
96 254 -1 0
95 254 -1 0
94 254 -1 0
93 254 -1 0
92 254 -1 0
91 254 -1 0
90 254 -1 0
89 254 -1 0
88 254 -1 0
97 253 -1 0
96 253 -1 0
95 253 -1 0
94 253 -1 0
93 253 -1 0
92 253 -1 0
91 253 -1 0
90 253 -1 0
89 253 -1 0
88 253 -1 0
87 253 -1 0
96 252 -1 0
95 252 -1 0
94 252 -1 0
93 252 -1 0
92 252 -1 0
91 252 -1 0
90 252 -1 0
89 252 -1 0
88 252 -1 0
87 252 -1 0
86 252 -1 0
85 252 -1 0
96 251 -1 0
95 251 -1 0
94 251 -1 0
93 251 -1 0
92 251 -1 0
91 251 -1 0
90 251 -1 0
89 251 -1 0
88 251 -1 0
87 251 -1 0
86 251 -1 0
85 251 -1 0
84 251 -1 0
96 250 -1 0
95 250 -1 0
94 250 -1 0
93 250 -1 0
92 250 -1 0
91 250 -1 0
90 250 -1 0
89 250 -1 0
88 250 -1 0
87 250 -1 0
86 250 -1 0
85 250 -1 0
84 250 -1 0
95 249 -1 0
94 249 -1 0
93 249 -1 0
92 249 -1 0
91 249 -1 0
90 249 -1 0
89 249 -1 0
88 249 -1 0
87 249 -1 0
86 249 -1 0
85 249 -1 0
84 249 -1 0
83 249 -1 0
93 248 -1 0
92 248 -1 0
91 248 -1 0
90 248 -1 0
89 248 -1 0
88 248 -1 0
87 248 -1 0
86 248 -1 0
85 248 -1 0
84 248 -1 0
83 248 -1 0
82 248 -1 0
92 247 -1 0
91 247 -1 0
90 247 -1 0
89 247 -1 0
88 247 -1 0
87 247 -1 0
86 247 -1 0
85 247 -1 0
84 247 -1 0
83 247 -1 0
82 247 -1 0
92 246 -1 0
91 246 -1 0
90 246 -1 0
89 246 -1 0
88 246 -1 0
87 246 -1 0
86 246 -1 0
85 246 -1 0
84 246 -1 0
83 246 -1 0
82 246 -1 0
81 246 -1 0
92 245 -1 0
91 245 -1 0
90 245 -1 0
89 245 -1 0
88 245 -1 0
87 245 -1 0
86 245 -1 0
85 245 -1 0
84 245 -1 0
83 245 -1 0
82 245 -1 0
81 245 -1 0
91 244 -1 0
90 244 -1 0
89 244 -1 0
88 244 -1 0
87 244 -1 0
86 244 -1 0
85 244 -1 0
84 244 -1 0
83 244 -1 0
82 244 -1 0
81 244 -1 0
90 243 -1 0
89 243 -1 0
88 243 -1 0
87 243 -1 0
86 243 -1 0
85 243 -1 0
84 243 -1 0
83 243 -1 0
82 243 -1 0
81 243 -1 0
80 243 -1 0
90 242 -1 0
89 242 -1 0
88 242 -1 0
87 242 -1 0
86 242 -1 0
85 242 -1 0
84 242 -1 0
83 242 -1 0
82 242 -1 0
81 242 -1 0
80 242 -1 0
89 241 -1 0
88 241 -1 0
87 241 -1 0
86 241 -1 0
85 241 -1 0
84 241 -1 0
83 241 -1 0
82 241 -1 0
81 241 -1 0
80 241 -1 0
89 240 -1 0
88 240 -1 0
87 240 -1 0
86 240 -1 0
85 240 -1 0
84 240 -1 0
83 240 -1 0
82 240 -1 0
81 240 -1 0
80 240 -1 0
79 240 -1 0
89 239 -1 0
88 239 -1 0
87 239 -1 0
86 239 -1 0
85 239 -1 0
84 239 -1 0
83 239 -1 0
82 239 -1 0
81 239 -1 0
80 239 -1 0
79 239 -1 0
88 238 -1 0
87 238 -1 0
86 238 -1 0
85 238 -1 0
84 238 -1 0
83 238 -1 0
82 238 -1 0
81 238 -1 0
80 238 -1 0
79 238 -1 0
88 237 -1 0
87 237 -1 0
86 237 -1 0
85 237 -1 0
84 237 -1 0
83 237 -1 0
82 237 -1 0
81 237 -1 0
80 237 -1 0
79 237 -1 0
78 237 -1 0
87 236 -1 0
86 236 -1 0
85 236 -1 0
84 236 -1 0
83 236 -1 0
82 236 -1 0
81 236 -1 0
80 236 -1 0
79 236 -1 0
78 236 -1 0
87 235 -1 0
86 235 -1 0
85 235 -1 0
84 235 -1 0
83 235 -1 0
82 235 -1 0
81 235 -1 0
80 235 -1 0
79 235 -1 0
78 235 -1 0
77 235 -1 0
87 234 -1 0
86 234 -1 0
85 234 -1 0
84 234 -1 0
83 234 -1 0
82 234 -1 0
81 234 -1 0
80 234 -1 0
79 234 -1 0
78 234 -1 0
77 234 -1 0
76 234 -1 0
87 233 -1 0
86 233 -1 0
85 233 -1 0
84 233 -1 0
83 233 -1 0
82 233 -1 0
81 233 -1 0
80 233 -1 0
79 233 -1 0
78 233 -1 0
77 233 -1 0
76 233 -1 0
86 232 -1 0
85 232 -1 0
84 232 -1 0
83 232 -1 0
82 232 -1 0
81 232 -1 0
80 232 -1 0
79 232 -1 0
78 232 -1 0
77 232 -1 0
76 232 -1 0
86 231 -1 0
85 231 -1 0
84 231 -1 0
83 231 -1 0
82 231 -1 0
81 231 -1 0
80 231 -1 0
79 231 -1 0
78 231 -1 0
77 231 -1 0
76 231 -1 0
75 231 -1 0
86 230 -1 0
85 230 -1 0
84 230 -1 0
83 230 -1 0
82 230 -1 0
81 230 -1 0
80 230 -1 0
79 230 -1 0
78 230 -1 0
77 230 -1 0
76 230 -1 0
75 230 -1 0
85 229 -1 0
84 229 -1 0
83 229 -1 0
82 229 -1 0
81 229 -1 0
80 229 -1 0
79 229 -1 0
78 229 -1 0
77 229 -1 0
76 229 -1 0
75 229 -1 0
84 228 -1 0
83 228 -1 0
82 228 -1 0
81 228 -1 0
80 228 -1 0
79 228 -1 0
78 228 -1 0
77 228 -1 0
76 228 -1 0
75 228 -1 0
84 227 -1 0
83 227 -1 0
82 227 -1 0
81 227 -1 0
80 227 -1 0
79 227 -1 0
78 227 -1 0
77 227 -1 0
76 227 -1 0
75 227 -1 0
74 227 -1 0
73 227 -1 0
83 226 -1 0
82 226 -1 0
81 226 -1 0
80 226 -1 0
79 226 -1 0
78 226 -1 0
77 226 -1 0
76 226 -1 0
75 226 -1 0
74 226 -1 0
73 226 -1 0
72 226 -1 0
83 225 -1 0
82 225 -1 0
81 225 -1 0
80 225 -1 0
79 225 -1 0
78 225 -1 0
77 225 -1 0
76 225 -1 0
75 225 -1 0
74 225 -1 0
73 225 -1 0
72 225 -1 0
83 224 -1 0
82 224 -1 0
81 224 -1 0
80 224 -1 0
79 224 -1 0
78 224 -1 0
77 224 -1 0
76 224 -1 0
75 224 -1 0
74 224 -1 0
73 224 -1 0
72 224 -1 0
82 223 -1 0
81 223 -1 0
80 223 -1 0
79 223 -1 0
78 223 -1 0
77 223 -1 0
76 223 -1 0
75 223 -1 0
74 223 -1 0
73 223 -1 0
72 223 -1 0
71 223 -1 0
80 222 -1 0
79 222 -1 0
78 222 -1 0
77 222 -1 0
76 222 -1 0
75 222 -1 0
74 222 -1 0
73 222 -1 0
72 222 -1 0
80 221 -1 0
79 221 -1 0
78 221 -1 0
77 221 -1 0
76 221 -1 0
75 221 -1 0
74 221 -1 0
73 221 -1 0
72 221 -1 0
71 221 -1 0
80 220 -1 0
79 220 -1 0
78 220 -1 0
77 220 -1 0
76 220 -1 0
75 220 -1 0
74 220 -1 0
73 220 -1 0
72 220 -1 0
71 220 -1 0
70 220 -1 0
79 219 -1 0
78 219 -1 0
77 219 -1 0
76 219 -1 0
75 219 -1 0
74 219 -1 0
73 219 -1 0
72 219 -1 0
71 219 -1 0
70 219 -1 0
78 218 -1 0
77 218 -1 0
76 218 -1 0
75 218 -1 0
74 218 -1 0
73 218 -1 0
72 218 -1 0
71 218 -1 0
70 218 -1 0
69 218 -1 0
79 217 -1 0
78 217 -1 0
77 217 -1 0
76 217 -1 0
75 217 -1 0
74 217 -1 0
73 217 -1 0
72 217 -1 0
71 217 -1 0
70 217 -1 0
69 217 -1 0
78 216 -1 0
77 216 -1 0
76 216 -1 0
75 216 -1 0
74 216 -1 0
73 216 -1 0
72 216 -1 0
71 216 -1 0
70 216 -1 0
69 216 -1 0
78 215 -1 0
77 215 -1 0
76 215 -1 0
75 215 -1 0
74 215 -1 0
73 215 -1 0
72 215 -1 0
71 215 -1 0
70 215 -1 0
69 215 -1 0
68 215 -1 0
78 214 -1 0
77 214 -1 0
76 214 -1 0
75 214 -1 0
74 214 -1 0
73 214 -1 0
72 214 -1 0
71 214 -1 0
70 214 -1 0
69 214 -1 0
68 214 -1 0
77 213 -1 0
76 213 -1 0
75 213 -1 0
74 213 -1 0
73 213 -1 0
72 213 -1 0
71 213 -1 0
70 213 -1 0
69 213 -1 0
68 213 -1 0
67 213 -1 0
77 212 -1 0
76 212 -1 0
75 212 -1 0
74 212 -1 0
73 212 -1 0
72 212 -1 0
71 212 -1 0
70 212 -1 0
69 212 -1 0
68 212 -1 0
67 212 -1 0
77 211 -1 0
76 211 -1 0
75 211 -1 0
74 211 -1 0
73 211 -1 0
72 211 -1 0
71 211 -1 0
70 211 -1 0
69 211 -1 0
68 211 -1 0
67 211 -1 0
76 210 -1 0
75 210 -1 0
74 210 -1 0
73 210 -1 0
72 210 -1 0
71 210 -1 0
70 210 -1 0
69 210 -1 0
68 210 -1 0
67 210 -1 0
66 210 -1 0
172 209 -1 1
76 209 -1 0
75 209 -1 0
74 209 -1 0
73 209 -1 0
72 209 -1 0
71 209 -1 0
70 209 -1 0
69 209 -1 0
68 209 -1 0
67 209 -1 0
175 208 -1 1
174 208 -1 1
173 208 -1 1
172 208 -1 1
171 208 -1 1
170 208 -1 1
169 208 -1 1
76 208 -1 0
75 208 -1 0
74 208 -1 0
73 208 -1 0
72 208 -1 0
71 208 -1 0
70 208 -1 0
69 208 -1 0
68 208 -1 0
67 208 -1 0
178 207 -1 1
177 207 -1 1
176 207 -1 1
175 207 -1 1
174 207 -1 1
173 207 -1 1
172 207 -1 1
171 207 -1 1
170 207 -1 1
169 207 -1 1
168 207 -1 1
75 207 -1 0
74 207 -1 0
73 207 -1 0
72 207 -1 0
71 207 -1 0
70 207 -1 0
69 207 -1 0
68 207 -1 0
67 207 -1 0
180 206 -1 1
179 206 -1 1
178 206 -1 1
177 206 -1 1
176 206 -1 1
175 206 -1 1
174 206 -1 1
173 206 -1 1
172 206 -1 1
171 206 -1 1
170 206 -1 1
169 206 -1 1
168 206 -1 1
74 206 -1 0
73 206 -1 0
72 206 -1 0
71 206 -1 0
70 206 -1 0
69 206 -1 0
68 206 -1 0
182 205 -1 1
181 205 -1 1
180 205 -1 1
179 205 -1 1
178 205 -1 1
177 205 -1 1
176 205 -1 1
175 205 -1 1
174 205 -1 1
173 205 -1 1
172 205 -1 1
171 205 -1 1
170 205 -1 1
169 205 -1 1
168 205 -1 1
71 205 -1 0
183 204 -1 1
182 204 -1 1
181 204 -1 1
180 204 -1 1
179 204 -1 1
178 204 -1 1
177 204 -1 1
176 204 -1 1
175 204 -1 1
174 204 -1 1
173 204 -1 1
172 204 -1 1
171 204 -1 1
170 204 -1 1
169 204 -1 1
168 204 -1 1
167 204 -1 1
185 203 -1 1
184 203 -1 1
183 203 -1 1
182 203 -1 1
181 203 -1 1
180 203 -1 1
179 203 -1 1
178 203 -1 1
177 203 -1 1
176 203 -1 1
175 203 -1 1
174 203 -1 1
173 203 -1 1
172 203 -1 1
171 203 -1 1
170 203 -1 1
169 203 -1 1
168 203 -1 1
187 202 -1 1
186 202 -1 1
185 202 -1 1
184 202 -1 1
183 202 -1 1
182 202 -1 1
181 202 -1 1
180 202 -1 1
179 202 -1 1
178 202 -1 1
177 202 -1 1
176 202 -1 1
175 202 -1 1
174 202 -1 1
173 202 -1 1
172 202 -1 1
171 202 -1 1
170 202 -1 1
169 202 -1 1
168 202 -1 1
188 201 -1 1
187 201 -1 1
186 201 -1 1
185 201 -1 1
184 201 -1 1
183 201 -1 1
182 201 -1 1
181 201 -1 1
180 201 -1 1
179 201 -1 1
178 201 -1 1
177 201 -1 1
176 201 -1 1
175 201 -1 1
174 201 -1 1
173 201 -1 1
172 201 -1 1
171 201 -1 1
170 201 -1 1
169 201 -1 1
168 201 -1 1
190 200 -1 1
189 200 -1 1
188 200 -1 1
187 200 -1 1
186 200 -1 1
185 200 -1 1
184 200 -1 1
183 200 -1 1
182 200 -1 1
181 200 -1 1
180 200 -1 1
179 200 -1 1
178 200 -1 1
177 200 -1 1
176 200 -1 1
175 200 -1 1
174 200 -1 1
173 200 -1 1
172 200 -1 1
171 200 -1 1
170 200 -1 1
169 200 -1 1
192 199 -1 1
191 199 -1 1
190 199 -1 1
189 199 -1 1
188 199 -1 1
187 199 -1 1
186 199 -1 1
185 199 -1 1
184 199 -1 1
183 199 -1 1
182 199 -1 1
181 199 -1 1
180 199 -1 1
179 199 -1 1
178 199 -1 1
177 199 -1 1
176 199 -1 1
175 199 -1 1
174 199 -1 1
173 199 -1 1
172 199 -1 1
171 199 -1 1
170 199 -1 1
193 198 -1 1
192 198 -1 1
191 198 -1 1
190 198 -1 1
189 198 -1 1
188 198 -1 1
187 198 -1 1
186 198 -1 1
185 198 -1 1
184 198 -1 1
183 198 -1 1
182 198 -1 1
181 198 -1 1
180 198 -1 1
179 198 -1 1
178 198 -1 1
177 198 -1 1
176 198 -1 1
175 198 -1 1
174 198 -1 1
173 198 -1 1
172 198 -1 1
194 197 -1 1
193 197 -1 1
192 197 -1 1
191 197 -1 1
190 197 -1 1
189 197 -1 1
188 197 -1 1
187 197 -1 1
186 197 -1 1
185 197 -1 1
184 197 -1 1
183 197 -1 1
182 197 -1 1
181 197 -1 1
180 197 -1 1
179 197 -1 1
178 197 -1 1
177 197 -1 1
176 197 -1 1
175 197 -1 1
195 196 -1 1
194 196 -1 1
193 196 -1 1
192 196 -1 1
191 196 -1 1
190 196 -1 1
189 196 -1 1
188 196 -1 1
187 196 -1 1
186 196 -1 1
185 196 -1 1
184 196 -1 1
183 196 -1 1
182 196 -1 1
181 196 -1 1
180 196 -1 1
179 196 -1 1
178 196 -1 1
177 196 -1 1
196 195 -1 1
195 195 -1 1
194 195 -1 1
193 195 -1 1
192 195 -1 1
191 195 -1 1
190 195 -1 1
189 195 -1 1
188 195 -1 1
187 195 -1 1
186 195 -1 1
185 195 -1 1
184 195 -1 1
183 195 -1 1
182 195 -1 1
181 195 -1 1
180 195 -1 1
179 195 -1 1
178 195 -1 1
197 194 -1 1
196 194 -1 1
195 194 -1 1
194 194 -1 1
193 194 -1 1
192 194 -1 1
191 194 -1 1
190 194 -1 1
189 194 -1 1
188 194 -1 1
187 194 -1 1
186 194 -1 1
185 194 -1 1
184 194 -1 1
183 194 -1 1
182 194 -1 1
181 194 -1 1
198 193 -1 1
197 193 -1 1
196 193 -1 1
195 193 -1 1
194 193 -1 1
193 193 -1 1
192 193 -1 1
191 193 -1 1
190 193 -1 1
189 193 -1 1
188 193 -1 1
187 193 -1 1
186 193 -1 1
185 193 -1 1
184 193 -1 1
183 193 -1 1
199 192 -1 1
198 192 -1 1
197 192 -1 1
196 192 -1 1
195 192 -1 1
194 192 -1 1
193 192 -1 1
192 192 -1 1
191 192 -1 1
190 192 -1 1
189 192 -1 1
188 192 -1 1
187 192 -1 1
186 192 -1 1
185 192 -1 1
184 192 -1 1
200 191 -1 1
199 191 -1 1
198 191 -1 1
197 191 -1 1
196 191 -1 1
195 191 -1 1
194 191 -1 1
193 191 -1 1
192 191 -1 1
191 191 -1 1
190 191 -1 1
189 191 -1 1
188 191 -1 1
187 191 -1 1
186 191 -1 1
201 190 -1 1
200 190 -1 1
199 190 -1 1
198 190 -1 1
197 190 -1 1
196 190 -1 1
195 190 -1 1
194 190 -1 1
193 190 -1 1
192 190 -1 1
191 190 -1 1
190 190 -1 1
189 190 -1 1
188 190 -1 1
187 190 -1 1
202 189 -1 1
201 189 -1 1
200 189 -1 1
199 189 -1 1
198 189 -1 1
197 189 -1 1
196 189 -1 1
195 189 -1 1
194 189 -1 1
193 189 -1 1
192 189 -1 1
191 189 -1 1
190 189 -1 1
189 189 -1 1
188 189 -1 1
145 189 -1 0
203 188 -1 1
202 188 -1 1
201 188 -1 1
200 188 -1 1
199 188 -1 1
198 188 -1 1
197 188 -1 1
196 188 -1 1
195 188 -1 1
194 188 -1 1
193 188 -1 1
192 188 -1 1
191 188 -1 1
190 188 -1 1
189 188 -1 1
148 188 -1 0
147 188 -1 0
146 188 -1 0
145 188 -1 0
144 188 -1 0
143 188 -1 0
142 188 -1 0
204 187 -1 1
203 187 -1 1
202 187 -1 1
201 187 -1 1
200 187 -1 1
199 187 -1 1
198 187 -1 1
197 187 -1 1
196 187 -1 1
195 187 -1 1
194 187 -1 1
193 187 -1 1
192 187 -1 1
191 187 -1 1
190 187 -1 1
149 187 -1 0
148 187 -1 0
147 187 -1 0
146 187 -1 0
145 187 -1 0
144 187 -1 0
143 187 -1 0
142 187 -1 0
141 187 -1 0
204 186 -1 1
203 186 -1 1
202 186 -1 1
201 186 -1 1
200 186 -1 1
199 186 -1 1
198 186 -1 1
197 186 -1 1
196 186 -1 1
195 186 -1 1
194 186 -1 1
193 186 -1 1
192 186 -1 1
191 186 -1 1
149 186 -1 0
148 186 -1 0
147 186 -1 0
146 186 -1 0
145 186 -1 0
144 186 -1 0
143 186 -1 0
142 186 -1 0
141 186 -1 0
207 185 -1 1
206 185 -1 1
205 185 -1 1
204 185 -1 1
203 185 -1 1
202 185 -1 1
201 185 -1 1
200 185 -1 1
199 185 -1 1
198 185 -1 1
197 185 -1 1
196 185 -1 1
195 185 -1 1
194 185 -1 1
193 185 -1 1
192 185 -1 1
149 185 -1 0
148 185 -1 0
147 185 -1 0
146 185 -1 0
145 185 -1 0
144 185 -1 0
143 185 -1 0
142 185 -1 0
141 185 -1 0
208 184 -1 1
207 184 -1 1
206 184 -1 1
205 184 -1 1
204 184 -1 1
203 184 -1 1
202 184 -1 1
201 184 -1 1
200 184 -1 1
199 184 -1 1
198 184 -1 1
197 184 -1 1
196 184 -1 1
195 184 -1 1
194 184 -1 1
193 184 -1 1
150 184 -1 0
149 184 -1 0
148 184 -1 0
147 184 -1 0
146 184 -1 0
145 184 -1 0
144 184 -1 0
143 184 -1 0
142 184 -1 0
141 184 -1 0
140 184 -1 0
209 183 -1 1
208 183 -1 1
207 183 -1 1
206 183 -1 1
205 183 -1 1
204 183 -1 1
203 183 -1 1
202 183 -1 1
201 183 -1 1
200 183 -1 1
199 183 -1 1
198 183 -1 1
197 183 -1 1
196 183 -1 1
195 183 -1 1
194 183 -1 1
149 183 -1 0
148 183 -1 0
147 183 -1 0
146 183 -1 0
145 183 -1 0
144 183 -1 0
143 183 -1 0
142 183 -1 0
141 183 -1 0
209 182 -1 1
208 182 -1 1
207 182 -1 1
206 182 -1 1
205 182 -1 1
204 182 -1 1
203 182 -1 1
202 182 -1 1
201 182 -1 1
200 182 -1 1
199 182 -1 1
198 182 -1 1
197 182 -1 1
196 182 -1 1
195 182 -1 1
150 182 -1 0
149 182 -1 0
148 182 -1 0
147 182 -1 0
146 182 -1 0
145 182 -1 0
144 182 -1 0
143 182 -1 0
142 182 -1 0
141 182 -1 0
140 182 -1 0
209 181 -1 1
208 181 -1 1
207 181 -1 1
206 181 -1 1
205 181 -1 1
204 181 -1 1
203 181 -1 1
202 181 -1 1
201 181 -1 1
200 181 -1 1
199 181 -1 1
198 181 -1 1
197 181 -1 1
196 181 -1 1
150 181 -1 0
149 181 -1 0
148 181 -1 0
147 181 -1 0
146 181 -1 0
145 181 -1 0
144 181 -1 0
143 181 -1 0
142 181 -1 0
141 181 -1 0
212 180 -1 1
211 180 -1 1
210 180 -1 1
209 180 -1 1
208 180 -1 1
207 180 -1 1
206 180 -1 1
205 180 -1 1
204 180 -1 1
203 180 -1 1
202 180 -1 1
201 180 -1 1
200 180 -1 1
199 180 -1 1
198 180 -1 1
197 180 -1 1
150 180 -1 0
149 180 -1 0
148 180 -1 0
147 180 -1 0
146 180 -1 0
145 180 -1 0
144 180 -1 0
143 180 -1 0
142 180 -1 0
141 180 -1 0
140 180 -1 0
213 179 -1 1
212 179 -1 1
211 179 -1 1
210 179 -1 1
209 179 -1 1
208 179 -1 1
207 179 -1 1
206 179 -1 1
205 179 -1 1
204 179 -1 1
203 179 -1 1
202 179 -1 1
201 179 -1 1
200 179 -1 1
150 179 -1 0
149 179 -1 0
148 179 -1 0
147 179 -1 0
146 179 -1 0
145 179 -1 0
144 179 -1 0
143 179 -1 0
142 179 -1 0
141 179 -1 0
140 179 -1 0
213 178 -1 1
212 178 -1 1
211 178 -1 1
210 178 -1 1
209 178 -1 1
208 178 -1 1
207 178 -1 1
206 178 -1 1
205 178 -1 1
204 178 -1 1
203 178 -1 1
202 178 -1 1
201 178 -1 1
200 178 -1 1
151 178 -1 0
150 178 -1 0
149 178 -1 0
148 178 -1 0
147 178 -1 0
146 178 -1 0
145 178 -1 0
144 178 -1 0
143 178 -1 0
142 178 -1 0
141 178 -1 0
213 177 -1 1
212 177 -1 1
211 177 -1 1
210 177 -1 1
209 177 -1 1
208 177 -1 1
207 177 -1 1
206 177 -1 1
205 177 -1 1
204 177 -1 1
203 177 -1 1
202 177 -1 1
201 177 -1 1
151 177 -1 0
150 177 -1 0
149 177 -1 0
148 177 -1 0
147 177 -1 0
146 177 -1 0
145 177 -1 0
144 177 -1 0
143 177 -1 0
142 177 -1 0
141 177 -1 0
214 176 -1 1
213 176 -1 1
212 176 -1 1
211 176 -1 1
210 176 -1 1
209 176 -1 1
208 176 -1 1
207 176 -1 1
206 176 -1 1
205 176 -1 1
204 176 -1 1
203 176 -1 1
202 176 -1 1
201 176 -1 1
151 176 -1 0
150 176 -1 0
149 176 -1 0
148 176 -1 0
147 176 -1 0
146 176 -1 0
145 176 -1 0
144 176 -1 0
143 176 -1 0
142 176 -1 0
141 176 -1 0
214 175 -1 1
213 175 -1 1
212 175 -1 1
211 175 -1 1
210 175 -1 1
209 175 -1 1
208 175 -1 1
207 175 -1 1
206 175 -1 1
205 175 -1 1
204 175 -1 1
203 175 -1 1
202 175 -1 1
152 175 -1 0
151 175 -1 0
150 175 -1 0
149 175 -1 0
148 175 -1 0
147 175 -1 0
146 175 -1 0
145 175 -1 0
144 175 -1 0
143 175 -1 0
142 175 -1 0
214 174 -1 1
213 174 -1 1
212 174 -1 1
211 174 -1 1
210 174 -1 1
209 174 -1 1
208 174 -1 1
207 174 -1 1
206 174 -1 1
205 174 -1 1
204 174 -1 1
151 174 -1 0
150 174 -1 0
149 174 -1 0
148 174 -1 0
147 174 -1 0
146 174 -1 0
145 174 -1 0
144 174 -1 0
143 174 -1 0
215 173 -1 1
214 173 -1 1
213 173 -1 1
212 173 -1 1
211 173 -1 1
210 173 -1 1
209 173 -1 1
208 173 -1 1
207 173 -1 1
206 173 -1 1
205 173 -1 1
204 173 -1 1
152 173 -1 0
151 173 -1 0
150 173 -1 0
149 173 -1 0
148 173 -1 0
147 173 -1 0
146 173 -1 0
145 173 -1 0
144 173 -1 0
143 173 -1 0
142 173 -1 0
215 172 -1 1
214 172 -1 1
213 172 -1 1
212 172 -1 1
211 172 -1 1
210 172 -1 1
209 172 -1 1
208 172 -1 1
207 172 -1 1
206 172 -1 1
205 172 -1 1
152 172 -1 0
151 172 -1 0
150 172 -1 0
149 172 -1 0
148 172 -1 0
147 172 -1 0
146 172 -1 0
145 172 -1 0
144 172 -1 0
143 172 -1 0
142 172 -1 0
215 171 -1 1
214 171 -1 1
213 171 -1 1
212 171 -1 1
211 171 -1 1
210 171 -1 1
209 171 -1 1
208 171 -1 1
207 171 -1 1
206 171 -1 1
205 171 -1 1
152 171 -1 0
151 171 -1 0
150 171 -1 0
149 171 -1 0
148 171 -1 0
147 171 -1 0
146 171 -1 0
145 171 -1 0
144 171 -1 0
143 171 -1 0
216 170 -1 1
215 170 -1 1
214 170 -1 1
213 170 -1 1
212 170 -1 1
211 170 -1 1
210 170 -1 1
209 170 -1 1
208 170 -1 1
207 170 -1 1
206 170 -1 1
152 170 -1 0
151 170 -1 0
150 170 -1 0
149 170 -1 0
148 170 -1 0
147 170 -1 0
146 170 -1 0
145 170 -1 0
144 170 -1 0
143 170 -1 0
215 169 -1 1
214 169 -1 1
213 169 -1 1
212 169 -1 1
211 169 -1 1
210 169 -1 1
209 169 -1 1
208 169 -1 1
207 169 -1 1
206 169 -1 1
153 169 -1 0
152 169 -1 0
151 169 -1 0
150 169 -1 0
149 169 -1 0
148 169 -1 0
147 169 -1 0
146 169 -1 0
145 169 -1 0
144 169 -1 0
143 169 -1 0
215 168 -1 1
214 168 -1 1
213 168 -1 1
212 168 -1 1
211 168 -1 1
210 168 -1 1
209 168 -1 1
208 168 -1 1
207 168 -1 1
206 168 -1 1
152 168 -1 0
151 168 -1 0
150 168 -1 0
149 168 -1 0
148 168 -1 0
147 168 -1 0
146 168 -1 0
145 168 -1 0
144 168 -1 0
215 167 -1 1
214 167 -1 1
213 167 -1 1
212 167 -1 1
211 167 -1 1
210 167 -1 1
209 167 -1 1
208 167 -1 1
207 167 -1 1
153 167 -1 0
152 167 -1 0
151 167 -1 0
150 167 -1 0
149 167 -1 0
148 167 -1 0
147 167 -1 0
146 167 -1 0
145 167 -1 0
144 167 -1 0
214 166 -1 1
213 166 -1 1
212 166 -1 1
211 166 -1 1
210 166 -1 1
209 166 -1 1
208 166 -1 1
154 166 -1 0
153 166 -1 0
152 166 -1 0
151 166 -1 0
150 166 -1 0
149 166 -1 0
148 166 -1 0
147 166 -1 0
146 166 -1 0
145 166 -1 0
144 166 -1 0
143 166 -1 0
211 165 -1 1
154 165 -1 0
153 165 -1 0
152 165 -1 0
151 165 -1 0
150 165 -1 0
149 165 -1 0
148 165 -1 0
147 165 -1 0
146 165 -1 0
145 165 -1 0
144 165 -1 0
155 164 -1 0
154 164 -1 0
153 164 -1 0
152 164 -1 0
151 164 -1 0
150 164 -1 0
149 164 -1 0
148 164 -1 0
147 164 -1 0
146 164 -1 0
145 164 -1 0
144 164 -1 0
155 163 -1 0
154 163 -1 0
153 163 -1 0
152 163 -1 0
151 163 -1 0
150 163 -1 0
149 163 -1 0
148 163 -1 0
147 163 -1 0
146 163 -1 0
145 163 -1 0
144 163 -1 0
155 162 -1 0
154 162 -1 0
153 162 -1 0
152 162 -1 0
151 162 -1 0
150 162 -1 0
149 162 -1 0
148 162 -1 0
147 162 -1 0
146 162 -1 0
145 162 -1 0
156 161 -1 0
155 161 -1 0
154 161 -1 0
153 161 -1 0
152 161 -1 0
151 161 -1 0
150 161 -1 0
149 161 -1 0
148 161 -1 0
147 161 -1 0
146 161 -1 0
157 160 -1 0
156 160 -1 0
155 160 -1 0
154 160 -1 0
153 160 -1 0
152 160 -1 0
151 160 -1 0
150 160 -1 0
149 160 -1 0
148 160 -1 0
147 160 -1 0
146 160 -1 0
157 159 -1 0
156 159 -1 0
155 159 -1 0
154 159 -1 0
153 159 -1 0
152 159 -1 0
151 159 -1 0
150 159 -1 0
149 159 -1 0
148 159 -1 0
147 159 -1 0
157 158 -1 0
156 158 -1 0
155 158 -1 0
154 158 -1 0
153 158 -1 0
152 158 -1 0
151 158 -1 0
150 158 -1 0
149 158 -1 0
148 158 -1 0
147 158 -1 0
158 157 -1 0
157 157 -1 0
156 157 -1 0
155 157 -1 0
154 157 -1 0
153 157 -1 0
152 157 -1 0
151 157 -1 0
150 157 -1 0
149 157 -1 0
148 157 -1 0
158 156 -1 0
157 156 -1 0
156 156 -1 0
155 156 -1 0
154 156 -1 0
153 156 -1 0
152 156 -1 0
151 156 -1 0
150 156 -1 0
149 156 -1 0
159 155 -1 0
158 155 -1 0
157 155 -1 0
156 155 -1 0
155 155 -1 0
154 155 -1 0
153 155 -1 0
152 155 -1 0
151 155 -1 0
150 155 -1 0
149 155 -1 0
159 154 -1 0
158 154 -1 0
157 154 -1 0
156 154 -1 0
155 154 -1 0
154 154 -1 0
153 154 -1 0
152 154 -1 0
151 154 -1 0
150 154 -1 0
149 154 -1 0
159 153 -1 0
158 153 -1 0
157 153 -1 0
156 153 -1 0
155 153 -1 0
154 153 -1 0
153 153 -1 0
152 153 -1 0
151 153 -1 0
150 153 -1 0
160 152 -1 0
159 152 -1 0
158 152 -1 0
157 152 -1 0
156 152 -1 0
155 152 -1 0
154 152 -1 0
153 152 -1 0
152 152 -1 0
151 152 -1 0
150 152 -1 0
160 151 -1 0
159 151 -1 0
158 151 -1 0
157 151 -1 0
156 151 -1 0
155 151 -1 0
154 151 -1 0
153 151 -1 0
152 151 -1 0
151 151 -1 0
161 150 -1 0
160 150 -1 0
159 150 -1 0
158 150 -1 0
157 150 -1 0
156 150 -1 0
155 150 -1 0
154 150 -1 0
153 150 -1 0
152 150 -1 0
151 150 -1 0
162 149 -1 0
161 149 -1 0
160 149 -1 0
159 149 -1 0
158 149 -1 0
157 149 -1 0
156 149 -1 0
155 149 -1 0
154 149 -1 0
153 149 -1 0
152 149 -1 0
151 149 -1 0
162 148 -1 0
161 148 -1 0
160 148 -1 0
159 148 -1 0
158 148 -1 0
157 148 -1 0
156 148 -1 0
155 148 -1 0
154 148 -1 0
153 148 -1 0
152 148 -1 0
162 147 -1 0
161 147 -1 0
160 147 -1 0
159 147 -1 0
158 147 -1 0
157 147 -1 0
156 147 -1 0
155 147 -1 0
154 147 -1 0
153 147 -1 0
152 147 -1 0
163 146 -1 0
162 146 -1 0
161 146 -1 0
160 146 -1 0
159 146 -1 0
158 146 -1 0
157 146 -1 0
156 146 -1 0
155 146 -1 0
154 146 -1 0
153 146 -1 0
152 146 -1 0
162 145 -1 0
161 145 -1 0
160 145 -1 0
159 145 -1 0
158 145 -1 0
157 145 -1 0
156 145 -1 0
155 145 -1 0
154 145 -1 0
153 145 -1 0
162 144 -1 0
161 144 -1 0
160 144 -1 0
159 144 -1 0
158 144 -1 0
157 144 -1 0
156 144 -1 0
155 144 -1 0
154 144 -1 0
162 143 -1 0
161 143 -1 0
160 143 -1 0
159 143 -1 0
158 143 -1 0
157 143 -1 0
156 143 -1 0
155 143 -1 0
154 143 -1 0
163 142 -1 0
162 142 -1 0
161 142 -1 0
160 142 -1 0
159 142 -1 0
158 142 -1 0
157 142 -1 0
156 142 -1 0
155 142 -1 0
154 142 -1 0
153 142 -1 0
163 141 -1 0
162 141 -1 0
161 141 -1 0
160 141 -1 0
159 141 -1 0
158 141 -1 0
157 141 -1 0
156 141 -1 0
155 141 -1 0
154 141 -1 0
164 140 -1 0
163 140 -1 0
162 140 -1 0
161 140 -1 0
160 140 -1 0
159 140 -1 0
158 140 -1 0
157 140 -1 0
156 140 -1 0
155 140 -1 0
154 140 -1 0
164 139 -1 0
163 139 -1 0
162 139 -1 0
161 139 -1 0
160 139 -1 0
159 139 -1 0
158 139 -1 0
157 139 -1 0
156 139 -1 0
155 139 -1 0
154 139 -1 0
164 138 -1 0
163 138 -1 0
162 138 -1 0
161 138 -1 0
160 138 -1 0
159 138 -1 0
158 138 -1 0
157 138 -1 0
156 138 -1 0
155 138 -1 0
154 138 -1 0
165 137 -1 0
164 137 -1 0
163 137 -1 0
162 137 -1 0
161 137 -1 0
160 137 -1 0
159 137 -1 0
158 137 -1 0
157 137 -1 0
156 137 -1 0
155 137 -1 0
165 136 -1 0
164 136 -1 0
163 136 -1 0
162 136 -1 0
161 136 -1 0
160 136 -1 0
159 136 -1 0
158 136 -1 0
157 136 -1 0
156 136 -1 0
155 136 -1 0
168 135 -1 0
167 135 -1 0
166 135 -1 0
165 135 -1 0
164 135 -1 0
163 135 -1 0
162 135 -1 0
161 135 -1 0
160 135 -1 0
159 135 -1 0
158 135 -1 0
157 135 -1 0
156 135 -1 0
155 135 -1 0
169 134 -1 0
168 134 -1 0
167 134 -1 0
166 134 -1 0
165 134 -1 0
164 134 -1 0
163 134 -1 0
162 134 -1 0
161 134 -1 0
160 134 -1 0
159 134 -1 0
158 134 -1 0
157 134 -1 0
156 134 -1 0
169 133 -1 0
168 133 -1 0
167 133 -1 0
166 133 -1 0
165 133 -1 0
164 133 -1 0
163 133 -1 0
162 133 -1 0
161 133 -1 0
160 133 -1 0
159 133 -1 0
158 133 -1 0
157 133 -1 0
169 132 -1 0
168 132 -1 0
167 132 -1 0
166 132 -1 0
165 132 -1 0
164 132 -1 0
163 132 -1 0
162 132 -1 0
161 132 -1 0
160 132 -1 0
170 131 -1 0
169 131 -1 0
168 131 -1 0
167 131 -1 0
166 131 -1 0
165 131 -1 0
164 131 -1 0
163 131 -1 0
162 131 -1 0
161 131 -1 0
160 131 -1 0
171 130 -1 0
170 130 -1 0
169 130 -1 0
168 130 -1 0
167 130 -1 0
166 130 -1 0
165 130 -1 0
164 130 -1 0
163 130 -1 0
162 130 -1 0
161 130 -1 0
171 129 -1 0
170 129 -1 0
169 129 -1 0
168 129 -1 0
167 129 -1 0
166 129 -1 0
165 129 -1 0
164 129 -1 0
163 129 -1 0
162 129 -1 0
161 129 -1 0
171 128 -1 0
170 128 -1 0
169 128 -1 0
168 128 -1 0
167 128 -1 0
166 128 -1 0
165 128 -1 0
164 128 -1 0
163 128 -1 0
162 128 -1 0
161 128 -1 0
172 127 -1 0
171 127 -1 0
170 127 -1 0
169 127 -1 0
168 127 -1 0
167 127 -1 0
166 127 -1 0
165 127 -1 0
164 127 -1 0
163 127 -1 0
162 127 -1 0
172 126 -1 0
171 126 -1 0
170 126 -1 0
169 126 -1 0
168 126 -1 0
167 126 -1 0
166 126 -1 0
165 126 -1 0
164 126 -1 0
163 126 -1 0
173 125 -1 0
172 125 -1 0
171 125 -1 0
170 125 -1 0
169 125 -1 0
168 125 -1 0
167 125 -1 0
166 125 -1 0
165 125 -1 0
164 125 -1 0
163 125 -1 0
174 124 -1 0
173 124 -1 0
172 124 -1 0
171 124 -1 0
170 124 -1 0
169 124 -1 0
168 124 -1 0
167 124 -1 0
166 124 -1 0
165 124 -1 0
164 124 -1 0
163 124 -1 0
174 123 -1 0
173 123 -1 0
172 123 -1 0
171 123 -1 0
170 123 -1 0
169 123 -1 0
168 123 -1 0
167 123 -1 0
166 123 -1 0
165 123 -1 0
164 123 -1 0
174 122 -1 0
173 122 -1 0
172 122 -1 0
171 122 -1 0
170 122 -1 0
169 122 -1 0
168 122 -1 0
167 122 -1 0
166 122 -1 0
165 122 -1 0
164 122 -1 0
175 121 -1 0
174 121 -1 0
173 121 -1 0
172 121 -1 0
171 121 -1 0
170 121 -1 0
169 121 -1 0
168 121 -1 0
167 121 -1 0
166 121 -1 0
165 121 -1 0
164 121 -1 0
175 120 -1 0
174 120 -1 0
173 120 -1 0
172 120 -1 0
171 120 -1 0
170 120 -1 0
169 120 -1 0
168 120 -1 0
167 120 -1 0
166 120 -1 0
165 120 -1 0
176 119 -1 0
175 119 -1 0
174 119 -1 0
173 119 -1 0
172 119 -1 0
171 119 -1 0
170 119 -1 0
169 119 -1 0
168 119 -1 0
167 119 -1 0
166 119 -1 0
177 118 -1 0
176 118 -1 0
175 118 -1 0
174 118 -1 0
173 118 -1 0
172 118 -1 0
171 118 -1 0
170 118 -1 0
169 118 -1 0
168 118 -1 0
167 118 -1 0
166 118 -1 0
178 117 -1 0
177 117 -1 0
176 117 -1 0
175 117 -1 0
174 117 -1 0
173 117 -1 0
172 117 -1 0
171 117 -1 0
170 117 -1 0
169 117 -1 0
168 117 -1 0
167 117 -1 0
179 116 -1 0
178 116 -1 0
177 116 -1 0
176 116 -1 0
175 116 -1 0
174 116 -1 0
173 116 -1 0
172 116 -1 0
171 116 -1 0
170 116 -1 0
169 116 -1 0
168 116 -1 0
167 116 -1 0
166 116 -1 0
179 115 -1 0
178 115 -1 0
177 115 -1 0
176 115 -1 0
175 115 -1 0
174 115 -1 0
173 115 -1 0
172 115 -1 0
171 115 -1 0
170 115 -1 0
169 115 -1 0
168 115 -1 0
167 115 -1 0
181 114 -1 0
180 114 -1 0
179 114 -1 0
178 114 -1 0
177 114 -1 0
176 114 -1 0
175 114 -1 0
174 114 -1 0
173 114 -1 0
172 114 -1 0
171 114 -1 0
170 114 -1 0
169 114 -1 0
168 114 -1 0
167 114 -1 0
182 113 -1 0
181 113 -1 0
180 113 -1 0
179 113 -1 0
178 113 -1 0
177 113 -1 0
176 113 -1 0
175 113 -1 0
174 113 -1 0
173 113 -1 0
172 113 -1 0
171 113 -1 0
170 113 -1 0
169 113 -1 0
168 113 -1 0
167 113 -1 0
182 112 -1 0
181 112 -1 0
180 112 -1 0
179 112 -1 0
178 112 -1 0
177 112 -1 0
176 112 -1 0
175 112 -1 0
174 112 -1 0
173 112 -1 0
172 112 -1 0
171 112 -1 0
170 112 -1 0
169 112 -1 0
168 112 -1 0
184 111 -1 0
183 111 -1 0
182 111 -1 0
181 111 -1 0
180 111 -1 0
179 111 -1 0
178 111 -1 0
177 111 -1 0
176 111 -1 0
175 111 -1 0
174 111 -1 0
173 111 -1 0
172 111 -1 0
171 111 -1 0
170 111 -1 0
185 110 -1 0
184 110 -1 0
183 110 -1 0
182 110 -1 0
181 110 -1 0
180 110 -1 0
179 110 -1 0
178 110 -1 0
177 110 -1 0
176 110 -1 0
175 110 -1 0
174 110 -1 0
173 110 -1 0
172 110 -1 0
171 110 -1 0
185 109 -1 0
184 109 -1 0
183 109 -1 0
182 109 -1 0
181 109 -1 0
180 109 -1 0
179 109 -1 0
178 109 -1 0
177 109 -1 0
176 109 -1 0
175 109 -1 0
174 109 -1 0
173 109 -1 0
172 109 -1 0
188 108 -1 0
187 108 -1 0
186 108 -1 0
185 108 -1 0
184 108 -1 0
183 108 -1 0
182 108 -1 0
181 108 -1 0
180 108 -1 0
179 108 -1 0
178 108 -1 0
177 108 -1 0
176 108 -1 0
175 108 -1 0
174 108 -1 0
189 107 -1 0
188 107 -1 0
187 107 -1 0
186 107 -1 0
185 107 -1 0
184 107 -1 0
183 107 -1 0
182 107 -1 0
181 107 -1 0
180 107 -1 0
179 107 -1 0
178 107 -1 0
177 107 -1 0
176 107 -1 0
175 107 -1 0
174 107 -1 0
191 106 -1 0
190 106 -1 0
189 106 -1 0
188 106 -1 0
187 106 -1 0
186 106 -1 0
185 106 -1 0
184 106 -1 0
183 106 -1 0
182 106 -1 0
181 106 -1 0
180 106 -1 0
179 106 -1 0
178 106 -1 0
177 106 -1 0
176 106 -1 0
175 106 -1 0
192 105 -1 0
191 105 -1 0
190 105 -1 0
189 105 -1 0
188 105 -1 0
187 105 -1 0
186 105 -1 0
185 105 -1 0
184 105 -1 0
183 105 -1 0
182 105 -1 0
181 105 -1 0
180 105 -1 0
179 105 -1 0
178 105 -1 0
177 105 -1 0
192 104 -1 0
191 104 -1 0
190 104 -1 0
189 104 -1 0
188 104 -1 0
187 104 -1 0
186 104 -1 0
185 104 -1 0
184 104 -1 0
183 104 -1 0
182 104 -1 0
181 104 -1 0
180 104 -1 0
179 104 -1 0
178 104 -1 0
177 104 -1 0
194 103 -1 0
193 103 -1 0
192 103 -1 0
191 103 -1 0
190 103 -1 0
189 103 -1 0
188 103 -1 0
187 103 -1 0
186 103 -1 0
185 103 -1 0
184 103 -1 0
183 103 -1 0
182 103 -1 0
181 103 -1 0
180 103 -1 0
179 103 -1 0
178 103 -1 0
195 102 -1 0
194 102 -1 0
193 102 -1 0
192 102 -1 0
191 102 -1 0
190 102 -1 0
189 102 -1 0
188 102 -1 0
187 102 -1 0
186 102 -1 0
185 102 -1 0
184 102 -1 0
183 102 -1 0
182 102 -1 0
181 102 -1 0
196 101 -1 0
195 101 -1 0
194 101 -1 0
193 101 -1 0
192 101 -1 0
191 101 -1 0
190 101 -1 0
189 101 -1 0
188 101 -1 0
187 101 -1 0
186 101 -1 0
185 101 -1 0
184 101 -1 0
183 101 -1 0
182 101 -1 0
181 101 -1 0
199 100 -1 0
198 100 -1 0
197 100 -1 0
196 100 -1 0
195 100 -1 0
194 100 -1 0
193 100 -1 0
192 100 -1 0
191 100 -1 0
190 100 -1 0
189 100 -1 0
188 100 -1 0
187 100 -1 0
186 100 -1 0
185 100 -1 0
184 100 -1 0
183 100 -1 0
182 100 -1 0
200 99 -1 0
199 99 -1 0
198 99 -1 0
197 99 -1 0
196 99 -1 0
195 99 -1 0
194 99 -1 0
193 99 -1 0
192 99 -1 0
191 99 -1 0
190 99 -1 0
189 99 -1 0
188 99 -1 0
187 99 -1 0
186 99 -1 0
185 99 -1 0
184 99 -1 0
202 98 -1 0
200 98 -1 0
199 98 -1 0
198 98 -1 0
197 98 -1 0
196 98 -1 0
195 98 -1 0
194 98 -1 0
193 98 -1 0
192 98 -1 0
191 98 -1 0
190 98 -1 0
189 98 -1 0
188 98 -1 0
187 98 -1 0
186 98 -1 0
185 98 -1 0
205 97 -1 0
204 97 -1 0
203 97 -1 0
202 97 -1 0
201 97 -1 0
200 97 -1 0
199 97 -1 0
198 97 -1 0
197 97 -1 0
196 97 -1 0
195 97 -1 0
194 97 -1 0
193 97 -1 0
192 97 -1 0
191 97 -1 0
190 97 -1 0
189 97 -1 0
188 97 -1 0
187 97 -1 0
206 96 -1 0
205 96 -1 0
204 96 -1 0
203 96 -1 0
202 96 -1 0
201 96 -1 0
200 96 -1 0
199 96 -1 0
198 96 -1 0
197 96 -1 0
196 96 -1 0
195 96 -1 0
194 96 -1 0
193 96 -1 0
192 96 -1 0
191 96 -1 0
190 96 -1 0
189 96 -1 0
188 96 -1 0
187 96 -1 0
206 95 -1 0
205 95 -1 0
204 95 -1 0
203 95 -1 0
202 95 -1 0
201 95 -1 0
200 95 -1 0
199 95 -1 0
198 95 -1 0
197 95 -1 0
196 95 -1 0
195 95 -1 0
194 95 -1 0
193 95 -1 0
192 95 -1 0
191 95 -1 0
190 95 -1 0
189 95 -1 0
188 95 -1 0
206 94 -1 0
205 94 -1 0
204 94 -1 0
203 94 -1 0
202 94 -1 0
201 94 -1 0
200 94 -1 0
199 94 -1 0
198 94 -1 0
197 94 -1 0
196 94 -1 0
195 94 -1 0
194 94 -1 0
193 94 -1 0
192 94 -1 0
191 94 -1 0
209 93 -1 0
207 93 -1 0
206 93 -1 0
205 93 -1 0
204 93 -1 0
203 93 -1 0
202 93 -1 0
201 93 -1 0
200 93 -1 0
199 93 -1 0
198 93 -1 0
197 93 -1 0
196 93 -1 0
195 93 -1 0
194 93 -1 0
193 93 -1 0
192 93 -1 0
212 92 -1 0
211 92 -1 0
210 92 -1 0
209 92 -1 0
208 92 -1 0
207 92 -1 0
206 92 -1 0
205 92 -1 0
204 92 -1 0
203 92 -1 0
202 92 -1 0
201 92 -1 0
200 92 -1 0
199 92 -1 0
198 92 -1 0
197 92 -1 0
196 92 -1 0
195 92 -1 0
194 92 -1 0
193 92 -1 0
213 91 -1 0
212 91 -1 0
211 91 -1 0
210 91 -1 0
209 91 -1 0
208 91 -1 0
207 91 -1 0
206 91 -1 0
205 91 -1 0
204 91 -1 0
203 91 -1 0
202 91 -1 0
201 91 -1 0
200 91 -1 0
199 91 -1 0
198 91 -1 0
196 91 -1 0
213 90 -1 0
212 90 -1 0
211 90 -1 0
210 90 -1 0
209 90 -1 0
208 90 -1 0
207 90 -1 0
206 90 -1 0
205 90 -1 0
204 90 -1 0
203 90 -1 0
202 90 -1 0
201 90 -1 0
200 90 -1 0
199 90 -1 0
198 90 -1 0
213 89 -1 0
212 89 -1 0
211 89 -1 0
210 89 -1 0
209 89 -1 0
208 89 -1 0
207 89 -1 0
206 89 -1 0
205 89 -1 0
204 89 -1 0
203 89 -1 0
202 89 -1 0
201 89 -1 0
200 89 -1 0
199 89 -1 0
214 88 -1 0
213 88 -1 0
212 88 -1 0
211 88 -1 0
210 88 -1 0
209 88 -1 0
208 88 -1 0
207 88 -1 0
206 88 -1 0
205 88 -1 0
204 88 -1 0
202 88 -1 0
213 87 -1 0
212 87 -1 0
211 87 -1 0
210 87 -1 0
209 87 -1 0
208 87 -1 0
207 87 -1 0
206 87 -1 0
205 87 -1 0
213 86 -1 0
212 86 -1 0
211 86 -1 0
210 86 -1 0
209 86 -1 0
208 86 -1 0
207 86 -1 0
206 86 -1 0
205 86 -1 0
214 85 -1 0
213 85 -1 0
212 85 -1 0
211 85 -1 0
210 85 -1 0
209 85 -1 0
208 85 -1 0
207 85 -1 0
206 85 -1 0
205 85 -1 0
204 85 -1 0
213 84 -1 0
212 84 -1 0
211 84 -1 0
210 84 -1 0
209 84 -1 0
208 84 -1 0
207 84 -1 0
206 84 -1 0
205 84 -1 0
213 83 -1 0
212 83 -1 0
211 83 -1 0
210 83 -1 0
209 83 -1 0
208 83 -1 0
207 83 -1 0
206 83 -1 0
205 83 -1 0
213 82 -1 0
212 82 -1 0
211 82 -1 0
210 82 -1 0
209 82 -1 0
208 82 -1 0
207 82 -1 0
206 82 -1 0
205 82 -1 0
212 81 -1 0
211 81 -1 0
210 81 -1 0
209 81 -1 0
208 81 -1 0
207 81 -1 0
206 81 -1 0
209 80 -1 0
