2648 408 341
229 259 -1 0
225 259 -1 0
223 259 -1 0
222 259 -1 0
221 259 -1 0
220 259 -1 0
233 258 -1 0
232 258 -1 0
231 258 -1 0
230 258 -1 0
229 258 -1 0
228 258 -1 0
227 258 -1 0
226 258 -1 0
225 258 -1 0
224 258 -1 0
223 258 -1 0
222 258 -1 0
221 258 -1 0
220 258 -1 0
219 258 -1 0
218 258 -1 0
217 258 -1 0
216 258 -1 0
214 258 -1 0
236 257 -1 0
235 257 -1 0
234 257 -1 0
233 257 -1 0
232 257 -1 0
231 257 -1 0
230 257 -1 0
229 257 -1 0
228 257 -1 0
227 257 -1 0
226 257 -1 0
225 257 -1 0
224 257 -1 0
223 257 -1 0
222 257 -1 0
221 257 -1 0
220 257 -1 0
219 257 -1 0
218 257 -1 0
217 257 -1 0
216 257 -1 0
215 257 -1 0
214 257 -1 0
213 257 -1 0
212 257 -1 0
211 257 -1 0
237 256 -1 0
236 256 -1 0
235 256 -1 0
234 256 -1 0
233 256 -1 0
232 256 -1 0
231 256 -1 0
230 256 -1 0
229 256 -1 0
228 256 -1 0
227 256 -1 0
226 256 -1 0
225 256 -1 0
224 256 -1 0
223 256 -1 0
222 256 -1 0
221 256 -1 0
220 256 -1 0
219 256 -1 0
218 256 -1 0
217 256 -1 0
216 256 -1 0
215 256 -1 0
214 256 -1 0
213 256 -1 0
212 256 -1 0
211 256 -1 0
210 256 -1 0
237 255 -1 0
236 255 -1 0
235 255 -1 0
234 255 -1 0
233 255 -1 0
232 255 -1 0
231 255 -1 0
230 255 -1 0
229 255 -1 0
228 255 -1 0
227 255 -1 0
226 255 -1 0
225 255 -1 0
224 255 -1 0
223 255 -1 0
222 255 -1 0
221 255 -1 0
220 255 -1 0
219 255 -1 0
218 255 -1 0
217 255 -1 0
216 255 -1 0
215 255 -1 0
214 255 -1 0
213 255 -1 0
212 255 -1 0
211 255 -1 0
210 255 -1 0
209 255 -1 0
237 254 -1 0
236 254 -1 0
235 254 -1 0
234 254 -1 0
233 254 -1 0
232 254 -1 0
231 254 -1 0
230 254 -1 0
229 254 -1 0
228 254 -1 0
227 254 -1 0
226 254 -1 0
225 254 -1 0
224 254 -1 0
223 254 -1 0
222 254 -1 0
221 254 -1 0
220 254 -1 0
219 254 -1 0
218 254 -1 0
217 254 -1 0
216 254 -1 0
215 254 -1 0
214 254 -1 0
213 254 -1 0
212 254 -1 0
211 254 -1 0
210 254 -1 0
209 254 -1 0
208 254 -1 0
207 254 -1 0
238 253 -1 0
237 253 -1 0
236 253 -1 0
235 253 -1 0
234 253 -1 0
233 253 -1 0
232 253 -1 0
231 253 -1 0
230 253 -1 0
229 253 -1 0
228 253 -1 0
227 253 -1 0
226 253 -1 0
225 253 -1 0
224 253 -1 0
223 253 -1 0
222 253 -1 0
221 253 -1 0
220 253 -1 0
219 253 -1 0
218 253 -1 0
217 253 -1 0
216 253 -1 0
215 253 -1 0
214 253 -1 0
213 253 -1 0
212 253 -1 0
211 253 -1 0
210 253 -1 0
209 253 -1 0
208 253 -1 0
207 253 -1 0
206 253 -1 0
237 252 -1 0
236 252 -1 0
235 252 -1 0
234 252 -1 0
233 252 -1 0
232 252 -1 0
231 252 -1 0
230 252 -1 0
229 252 -1 0
228 252 -1 0
227 252 -1 0
226 252 -1 0
225 252 -1 0
224 252 -1 0
223 252 -1 0
222 252 -1 0
221 252 -1 0
220 252 -1 0
219 252 -1 0
218 252 -1 0
217 252 -1 0
216 252 -1 0
215 252 -1 0
214 252 -1 0
213 252 -1 0
212 252 -1 0
211 252 -1 0
210 252 -1 0
209 252 -1 0
208 252 -1 0
207 252 -1 0
206 252 -1 0
205 252 -1 0
204 252 -1 0
203 252 -1 0
237 251 -1 0
236 251 -1 0
235 251 -1 0
234 251 -1 0
233 251 -1 0
232 251 -1 0
231 251 -1 0
230 251 -1 0
229 251 -1 0
228 251 -1 0
227 251 -1 0
226 251 -1 0
225 251 -1 0
224 251 -1 0
223 251 -1 0
222 251 -1 0
221 251 -1 0
220 251 -1 0
219 251 -1 0
218 251 -1 0
217 251 -1 0
216 251 -1 0
215 251 -1 0
214 251 -1 0
213 251 -1 0
212 251 -1 0
211 251 -1 0
210 251 -1 0
209 251 -1 0
208 251 -1 0
207 251 -1 0
206 251 -1 0
205 251 -1 0
204 251 -1 0
203 251 -1 0
202 251 -1 0
201 251 -1 0
237 250 -1 0
236 250 -1 0
235 250 -1 0
234 250 -1 0
233 250 -1 0
232 250 -1 0
231 250 -1 0
230 250 -1 0
229 250 -1 0
228 250 -1 0
227 250 -1 0
226 250 -1 0
225 250 -1 0
224 250 -1 0
223 250 -1 0
222 250 -1 0
221 250 -1 0
220 250 -1 0
219 250 -1 0
218 250 -1 0
217 250 -1 0
216 250 -1 0
215 250 -1 0
214 250 -1 0
213 250 -1 0
212 250 -1 0
211 250 -1 0
210 250 -1 0
209 250 -1 0
208 250 -1 0
207 250 -1 0
206 250 -1 0
205 250 -1 0
204 250 -1 0
203 250 -1 0
202 250 -1 0
201 250 -1 0
200 250 -1 0
236 249 -1 0
235 249 -1 0
234 249 -1 0
233 249 -1 0
232 249 -1 0
231 249 -1 0
230 249 -1 0
229 249 -1 0
225 249 -1 0
223 249 -1 0
222 249 -1 0
221 249 -1 0
220 249 -1 0
219 249 -1 0
218 249 -1 0
217 249 -1 0
216 249 -1 0
215 249 -1 0
214 249 -1 0
213 249 -1 0
212 249 -1 0
211 249 -1 0
210 249 -1 0
209 249 -1 0
208 249 -1 0
207 249 -1 0
206 249 -1 0
205 249 -1 0
204 249 -1 0
203 249 -1 0
202 249 -1 0
201 249 -1 0
200 249 -1 0
199 249 -1 0
198 249 -1 0
233 248 -1 0
219 248 -1 0
218 248 -1 0
216 248 -1 0
215 248 -1 0
214 248 -1 0
213 248 -1 0
212 248 -1 0
211 248 -1 0
210 248 -1 0
209 248 -1 0
208 248 -1 0
207 248 -1 0
206 248 -1 0
205 248 -1 0
204 248 -1 0
203 248 -1 0
202 248 -1 0
201 248 -1 0
200 248 -1 0
199 248 -1 0
198 248 -1 0
197 248 -1 0
196 248 -1 0
195 248 -1 0
214 247 -1 0
213 247 -1 0
212 247 -1 0
211 247 -1 0
210 247 -1 0
209 247 -1 0
208 247 -1 0
207 247 -1 0
206 247 -1 0
205 247 -1 0
204 247 -1 0
203 247 -1 0
202 247 -1 0
201 247 -1 0
200 247 -1 0
199 247 -1 0
198 247 -1 0
197 247 -1 0
196 247 -1 0
195 247 -1 0
194 247 -1 0
213 246 -1 0
212 246 -1 0
211 246 -1 0
210 246 -1 0
209 246 -1 0
208 246 -1 0
207 246 -1 0
206 246 -1 0
205 246 -1 0
204 246 -1 0
203 246 -1 0
202 246 -1 0
201 246 -1 0
200 246 -1 0
199 246 -1 0
198 246 -1 0
197 246 -1 0
196 246 -1 0
195 246 -1 0
194 246 -1 0
193 246 -1 0
210 245 -1 0
209 245 -1 0
208 245 -1 0
207 245 -1 0
206 245 -1 0
205 245 -1 0
204 245 -1 0
203 245 -1 0
202 245 -1 0
201 245 -1 0
200 245 -1 0
199 245 -1 0
198 245 -1 0
197 245 -1 0
196 245 -1 0
195 245 -1 0
194 245 -1 0
193 245 -1 0
192 245 -1 0
209 244 -1 0
208 244 -1 0
207 244 -1 0
206 244 -1 0
205 244 -1 0
204 244 -1 0
203 244 -1 0
202 244 -1 0
201 244 -1 0
200 244 -1 0
199 244 -1 0
198 244 -1 0
197 244 -1 0
196 244 -1 0
195 244 -1 0
194 244 -1 0
193 244 -1 0
192 244 -1 0
191 244 -1 0
190 244 -1 0
189 244 -1 0
207 243 -1 0
206 243 -1 0
205 243 -1 0
204 243 -1 0
203 243 -1 0
202 243 -1 0
201 243 -1 0
200 243 -1 0
199 243 -1 0
198 243 -1 0
197 243 -1 0
196 243 -1 0
195 243 -1 0
194 243 -1 0
193 243 -1 0
192 243 -1 0
191 243 -1 0
190 243 -1 0
189 243 -1 0
188 243 -1 0
187 243 -1 0
186 243 -1 0
205 242 -1 0
204 242 -1 0
203 242 -1 0
202 242 -1 0
201 242 -1 0
200 242 -1 0
199 242 -1 0
198 242 -1 0
197 242 -1 0
196 242 -1 0
195 242 -1 0
194 242 -1 0
193 242 -1 0
192 242 -1 0
191 242 -1 0
190 242 -1 0
189 242 -1 0
188 242 -1 0
187 242 -1 0
186 242 -1 0
185 242 -1 0
204 241 -1 0
203 241 -1 0
202 241 -1 0
201 241 -1 0
200 241 -1 0
199 241 -1 0
198 241 -1 0
197 241 -1 0
196 241 -1 0
195 241 -1 0
194 241 -1 0
193 241 -1 0
192 241 -1 0
191 241 -1 0
190 241 -1 0
189 241 -1 0
188 241 -1 0
187 241 -1 0
186 241 -1 0
185 241 -1 0
184 241 -1 0
201 240 -1 0
200 240 -1 0
199 240 -1 0
198 240 -1 0
197 240 -1 0
196 240 -1 0
195 240 -1 0
194 240 -1 0
193 240 -1 0
192 240 -1 0
191 240 -1 0
190 240 -1 0
189 240 -1 0
188 240 -1 0
187 240 -1 0
186 240 -1 0
185 240 -1 0
184 240 -1 0
183 240 -1 0
200 239 -1 0
199 239 -1 0
198 239 -1 0
197 239 -1 0
196 239 -1 0
195 239 -1 0
194 239 -1 0
193 239 -1 0
192 239 -1 0
191 239 -1 0
190 239 -1 0
189 239 -1 0
188 239 -1 0
187 239 -1 0
186 239 -1 0
185 239 -1 0
184 239 -1 0
183 239 -1 0
182 239 -1 0
181 239 -1 0
197 238 -1 0
196 238 -1 0
195 238 -1 0
194 238 -1 0
193 238 -1 0
192 238 -1 0
191 238 -1 0
190 238 -1 0
189 238 -1 0
188 238 -1 0
187 238 -1 0
186 238 -1 0
185 238 -1 0
184 238 -1 0
183 238 -1 0
182 238 -1 0
181 238 -1 0
180 238 -1 0
179 238 -1 0
196 237 -1 0
195 237 -1 0
194 237 -1 0
193 237 -1 0
192 237 -1 0
191 237 -1 0
190 237 -1 0
189 237 -1 0
188 237 -1 0
187 237 -1 0
186 237 -1 0
185 237 -1 0
184 237 -1 0
183 237 -1 0
182 237 -1 0
181 237 -1 0
180 237 -1 0
179 237 -1 0
178 237 -1 0
177 237 -1 0
176 237 -1 0
195 236 -1 0
194 236 -1 0
193 236 -1 0
192 236 -1 0
191 236 -1 0
190 236 -1 0
189 236 -1 0
188 236 -1 0
187 236 -1 0
186 236 -1 0
185 236 -1 0
184 236 -1 0
183 236 -1 0
182 236 -1 0
181 236 -1 0
180 236 -1 0
179 236 -1 0
178 236 -1 0
177 236 -1 0
176 236 -1 0
175 236 -1 0
192 235 -1 0
191 235 -1 0
190 235 -1 0
189 235 -1 0
188 235 -1 0
187 235 -1 0
186 235 -1 0
185 235 -1 0
184 235 -1 0
183 235 -1 0
182 235 -1 0
181 235 -1 0
180 235 -1 0
179 235 -1 0
178 235 -1 0
177 235 -1 0
176 235 -1 0
175 235 -1 0
174 235 -1 0
173 235 -1 0
172 235 -1 0
191 234 -1 0
190 234 -1 0
189 234 -1 0
188 234 -1 0
187 234 -1 0
186 234 -1 0
185 234 -1 0
184 234 -1 0
183 234 -1 0
182 234 -1 0
181 234 -1 0
180 234 -1 0
179 234 -1 0
178 234 -1 0
177 234 -1 0
176 234 -1 0
175 234 -1 0
174 234 -1 0
173 234 -1 0
172 234 -1 0
171 234 -1 0
190 233 -1 0
189 233 -1 0
188 233 -1 0
187 233 -1 0
186 233 -1 0
185 233 -1 0
184 233 -1 0
183 233 -1 0
182 233 -1 0
181 233 -1 0
180 233 -1 0
179 233 -1 0
178 233 -1 0
177 233 -1 0
176 233 -1 0
175 233 -1 0
174 233 -1 0
173 233 -1 0
172 233 -1 0
171 233 -1 0
170 233 -1 0
188 232 -1 0
187 232 -1 0
186 232 -1 0
185 232 -1 0
184 232 -1 0
183 232 -1 0
182 232 -1 0
181 232 -1 0
180 232 -1 0
179 232 -1 0
178 232 -1 0
177 232 -1 0
176 232 -1 0
175 232 -1 0
174 232 -1 0
173 232 -1 0
172 232 -1 0
171 232 -1 0
170 232 -1 0
187 231 -1 0
186 231 -1 0
185 231 -1 0
184 231 -1 0
183 231 -1 0
182 231 -1 0
181 231 -1 0
180 231 -1 0
179 231 -1 0
178 231 -1 0
177 231 -1 0
176 231 -1 0
175 231 -1 0
174 231 -1 0
173 231 -1 0
172 231 -1 0
171 231 -1 0
170 231 -1 0
169 231 -1 0
168 231 -1 0
186 230 -1 0
185 230 -1 0
184 230 -1 0
183 230 -1 0
182 230 -1 0
181 230 -1 0
180 230 -1 0
179 230 -1 0
178 230 -1 0
177 230 -1 0
176 230 -1 0
175 230 -1 0
174 230 -1 0
173 230 -1 0
172 230 -1 0
171 230 -1 0
170 230 -1 0
169 230 -1 0
168 230 -1 0
167 230 -1 0
166 230 -1 0
165 230 -1 0
183 229 -1 0
182 229 -1 0
181 229 -1 0
180 229 -1 0
179 229 -1 0
178 229 -1 0
177 229 -1 0
176 229 -1 0
175 229 -1 0
174 229 -1 0
173 229 -1 0
172 229 -1 0
171 229 -1 0
170 229 -1 0
169 229 -1 0
168 229 -1 0
167 229 -1 0
166 229 -1 0
165 229 -1 0
164 229 -1 0
181 228 -1 0
180 228 -1 0
179 228 -1 0
178 228 -1 0
177 228 -1 0
176 228 -1 0
175 228 -1 0
174 228 -1 0
173 228 -1 0
172 228 -1 0
171 228 -1 0
170 228 -1 0
169 228 -1 0
168 228 -1 0
167 228 -1 0
166 228 -1 0
165 228 -1 0
164 228 -1 0
178 227 -1 0
177 227 -1 0
176 227 -1 0
175 227 -1 0
174 227 -1 0
173 227 -1 0
172 227 -1 0
171 227 -1 0
170 227 -1 0
169 227 -1 0
168 227 -1 0
167 227 -1 0
166 227 -1 0
165 227 -1 0
164 227 -1 0
177 226 -1 0
176 226 -1 0
175 226 -1 0
174 226 -1 0
173 226 -1 0
172 226 -1 0
171 226 -1 0
170 226 -1 0
169 226 -1 0
168 226 -1 0
167 226 -1 0
166 226 -1 0
165 226 -1 0
164 226 -1 0
163 226 -1 0
177 225 -1 0
176 225 -1 0
175 225 -1 0
174 225 -1 0
173 225 -1 0
172 225 -1 0
171 225 -1 0
170 225 -1 0
169 225 -1 0
168 225 -1 0
167 225 -1 0
166 225 -1 0
165 225 -1 0
164 225 -1 0
163 225 -1 0
162 225 -1 0
176 224 -1 0
175 224 -1 0
174 224 -1 0
173 224 -1 0
172 224 -1 0
171 224 -1 0
170 224 -1 0
169 224 -1 0
168 224 -1 0
167 224 -1 0
166 224 -1 0
165 224 -1 0
164 224 -1 0
163 224 -1 0
162 224 -1 0
174 223 -1 0
173 223 -1 0
172 223 -1 0
171 223 -1 0
170 223 -1 0
169 223 -1 0
168 223 -1 0
167 223 -1 0
166 223 -1 0
165 223 -1 0
164 223 -1 0
163 223 -1 0
162 223 -1 0
161 223 -1 0
160 223 -1 0
173 222 -1 0
172 222 -1 0
171 222 -1 0
170 222 -1 0
169 222 -1 0
168 222 -1 0
167 222 -1 0
166 222 -1 0
165 222 -1 0
164 222 -1 0
163 222 -1 0
162 222 -1 0
161 222 -1 0
160 222 -1 0
159 222 -1 0
170 221 -1 0
169 221 -1 0
168 221 -1 0
167 221 -1 0
166 221 -1 0
165 221 -1 0
164 221 -1 0
163 221 -1 0
162 221 -1 0
161 221 -1 0
160 221 -1 0
159 221 -1 0
170 220 -1 0
169 220 -1 0
168 220 -1 0
167 220 -1 0
166 220 -1 0
165 220 -1 0
164 220 -1 0
163 220 -1 0
162 220 -1 0
161 220 -1 0
160 220 -1 0
159 220 -1 0
170 219 -1 0
169 219 -1 0
168 219 -1 0
167 219 -1 0
166 219 -1 0
165 219 -1 0
164 219 -1 0
163 219 -1 0
162 219 -1 0
161 219 -1 0
160 219 -1 0
159 219 -1 0
158 219 -1 0
169 218 -1 0
168 218 -1 0
167 218 -1 0
166 218 -1 0
165 218 -1 0
164 218 -1 0
163 218 -1 0
162 218 -1 0
161 218 -1 0
160 218 -1 0
159 218 -1 0
158 218 -1 0
157 218 -1 0
167 217 -1 0
166 217 -1 0
165 217 -1 0
164 217 -1 0
163 217 -1 0
162 217 -1 0
161 217 -1 0
160 217 -1 0
159 217 -1 0
158 217 -1 0
157 217 -1 0
167 216 -1 0
166 216 -1 0
165 216 -1 0
164 216 -1 0
163 216 -1 0
162 216 -1 0
161 216 -1 0
160 216 -1 0
159 216 -1 0
158 216 -1 0
157 216 -1 0
156 216 -1 0
166 215 -1 0
165 215 -1 0
164 215 -1 0
163 215 -1 0
162 215 -1 0
161 215 -1 0
160 215 -1 0
159 215 -1 0
158 215 -1 0
157 215 -1 0
156 215 -1 0
155 215 -1 0
165 214 -1 0
164 214 -1 0
163 214 -1 0
162 214 -1 0
161 214 -1 0
160 214 -1 0
159 214 -1 0
158 214 -1 0
157 214 -1 0
156 214 -1 0
155 214 -1 0
154 214 -1 0
165 213 -1 0
164 213 -1 0
163 213 -1 0
162 213 -1 0
161 213 -1 0
160 213 -1 0
159 213 -1 0
158 213 -1 0
157 213 -1 0
156 213 -1 0
155 213 -1 0
154 213 -1 0
165 212 -1 0
164 212 -1 0
163 212 -1 0
162 212 -1 0
161 212 -1 0
160 212 -1 0
159 212 -1 0
158 212 -1 0
157 212 -1 0
156 212 -1 0
155 212 -1 0
154 212 -1 0
164 211 -1 0
163 211 -1 0
162 211 -1 0
161 211 -1 0
160 211 -1 0
159 211 -1 0
158 211 -1 0
157 211 -1 0
156 211 -1 0
155 211 -1 0
154 211 -1 0
153 211 -1 0
164 210 -1 0
163 210 -1 0
162 210 -1 0
161 210 -1 0
160 210 -1 0
159 210 -1 0
158 210 -1 0
157 210 -1 0
156 210 -1 0
155 210 -1 0
154 210 -1 0
153 210 -1 0
152 210 -1 0
163 209 -1 0
162 209 -1 0
161 209 -1 0
160 209 -1 0
159 209 -1 0
158 209 -1 0
157 209 -1 0
156 209 -1 0
155 209 -1 0
154 209 -1 0
153 209 -1 0
152 209 -1 0
162 208 -1 0
161 208 -1 0
160 208 -1 0
159 208 -1 0
158 208 -1 0
157 208 -1 0
156 208 -1 0
155 208 -1 0
154 208 -1 0
153 208 -1 0
152 208 -1 0
162 207 -1 0
161 207 -1 0
160 207 -1 0
159 207 -1 0
158 207 -1 0
157 207 -1 0
156 207 -1 0
155 207 -1 0
154 207 -1 0
153 207 -1 0
152 207 -1 0
151 207 -1 0
161 206 -1 0
160 206 -1 0
159 206 -1 0
158 206 -1 0
157 206 -1 0
156 206 -1 0
155 206 -1 0
154 206 -1 0
153 206 -1 0
152 206 -1 0
151 206 -1 0
161 205 -1 0
160 205 -1 0
159 205 -1 0
158 205 -1 0
157 205 -1 0
156 205 -1 0
155 205 -1 0
154 205 -1 0
153 205 -1 0
152 205 -1 0
151 205 -1 0
150 205 -1 0
149 205 -1 0
161 204 -1 0
160 204 -1 0
159 204 -1 0
158 204 -1 0
157 204 -1 0
156 204 -1 0
155 204 -1 0
154 204 -1 0
153 204 -1 0
152 204 -1 0
151 204 -1 0
150 204 -1 0
149 204 -1 0
148 204 -1 0
160 203 -1 0
159 203 -1 0
158 203 -1 0
157 203 -1 0
156 203 -1 0
155 203 -1 0
154 203 -1 0
153 203 -1 0
152 203 -1 0
151 203 -1 0
150 203 -1 0
149 203 -1 0
148 203 -1 0
159 202 -1 0
158 202 -1 0
157 202 -1 0
156 202 -1 0
155 202 -1 0
154 202 -1 0
153 202 -1 0
152 202 -1 0
151 202 -1 0
150 202 -1 0
149 202 -1 0
148 202 -1 0
147 202 -1 0
159 201 -1 0
158 201 -1 0
157 201 -1 0
156 201 -1 0
155 201 -1 0
154 201 -1 0
153 201 -1 0
152 201 -1 0
151 201 -1 0
150 201 -1 0
149 201 -1 0
148 201 -1 0
147 201 -1 0
146 201 -1 0
158 200 -1 0
157 200 -1 0
156 200 -1 0
155 200 -1 0
154 200 -1 0
153 200 -1 0
152 200 -1 0
151 200 -1 0
150 200 -1 0
149 200 -1 0
148 200 -1 0
147 200 -1 0
146 200 -1 0
145 200 -1 0
144 200 -1 0
156 199 -1 0
155 199 -1 0
154 199 -1 0
153 199 -1 0
152 199 -1 0
151 199 -1 0
150 199 -1 0
149 199 -1 0
148 199 -1 0
147 199 -1 0
146 199 -1 0
145 199 -1 0
144 199 -1 0
143 199 -1 0
156 198 -1 0
155 198 -1 0
154 198 -1 0
153 198 -1 0
152 198 -1 0
151 198 -1 0
150 198 -1 0
149 198 -1 0
148 198 -1 0
147 198 -1 0
146 198 -1 0
145 198 -1 0
144 198 -1 0
143 198 -1 0
155 197 -1 0
154 197 -1 0
153 197 -1 0
152 197 -1 0
151 197 -1 0
150 197 -1 0
149 197 -1 0
148 197 -1 0
147 197 -1 0
146 197 -1 0
145 197 -1 0
144 197 -1 0
143 197 -1 0
155 196 -1 0
154 196 -1 0
153 196 -1 0
152 196 -1 0
151 196 -1 0
150 196 -1 0
149 196 -1 0
148 196 -1 0
147 196 -1 0
146 196 -1 0
145 196 -1 0
144 196 -1 0
143 196 -1 0
142 196 -1 0
154 195 -1 0
153 195 -1 0
152 195 -1 0
151 195 -1 0
150 195 -1 0
149 195 -1 0
148 195 -1 0
147 195 -1 0
146 195 -1 0
145 195 -1 0
144 195 -1 0
143 195 -1 0
153 194 -1 0
152 194 -1 0
151 194 -1 0
150 194 -1 0
149 194 -1 0
148 194 -1 0
147 194 -1 0
146 194 -1 0
145 194 -1 0
144 194 -1 0
143 194 -1 0
308 193 -1 0
152 193 -1 0
151 193 -1 0
150 193 -1 0
149 193 -1 0
148 193 -1 0
147 193 -1 0
146 193 -1 0
145 193 -1 0
144 193 -1 0
143 193 -1 0
142 193 -1 0
311 192 -1 0
310 192 -1 0
309 192 -1 0
308 192 -1 0
307 192 -1 0
306 192 -1 0
305 192 -1 0
151 192 -1 0
150 192 -1 0
149 192 -1 0
148 192 -1 0
147 192 -1 0
146 192 -1 0
145 192 -1 0
144 192 -1 0
143 192 -1 0
312 191 -1 0
311 191 -1 0
310 191 -1 0
309 191 -1 0
308 191 -1 0
307 191 -1 0
306 191 -1 0
305 191 -1 0
304 191 -1 0
151 191 -1 0
150 191 -1 0
149 191 -1 0
148 191 -1 0
147 191 -1 0
146 191 -1 0
145 191 -1 0
144 191 -1 0
143 191 -1 0
312 190 -1 0
311 190 -1 0
310 190 -1 0
309 190 -1 0
308 190 -1 0
307 190 -1 0
306 190 -1 0
305 190 -1 0
304 190 -1 0
151 190 -1 0
150 190 -1 0
149 190 -1 0
148 190 -1 0
147 190 -1 0
146 190 -1 0
145 190 -1 0
144 190 -1 0
143 190 -1 0
312 189 -1 0
311 189 -1 0
310 189 -1 0
309 189 -1 0
308 189 -1 0
307 189 -1 0
306 189 -1 0
305 189 -1 0
304 189 -1 0
150 189 -1 0
149 189 -1 0
148 189 -1 0
147 189 -1 0
146 189 -1 0
145 189 -1 0
144 189 -1 0
313 188 -1 0
312 188 -1 0
311 188 -1 0
310 188 -1 0
309 188 -1 0
308 188 -1 0
307 188 -1 0
306 188 -1 0
305 188 -1 0
304 188 -1 0
303 188 -1 0
147 188 -1 0
313 187 -1 0
312 187 -1 0
311 187 -1 0
310 187 -1 0
309 187 -1 0
308 187 -1 0
307 187 -1 0
306 187 -1 0
305 187 -1 0
304 187 -1 0
303 187 -1 0
313 186 -1 0
312 186 -1 0
311 186 -1 0
310 186 -1 0
309 186 -1 0
308 186 -1 0
307 186 -1 0
306 186 -1 0
305 186 -1 0
304 186 -1 0
303 186 -1 0
312 185 -1 0
311 185 -1 0
310 185 -1 0
309 185 -1 0
308 185 -1 0
307 185 -1 0
306 185 -1 0
305 185 -1 0
304 185 -1 0
313 184 -1 0
312 184 -1 0
311 184 -1 0
310 184 -1 0
309 184 -1 0
308 184 -1 0
307 184 -1 0
306 184 -1 0
305 184 -1 0
304 184 -1 0
303 184 -1 0
221 184 -1 1
313 183 -1 0
312 183 -1 0
311 183 -1 0
310 183 -1 0
309 183 -1 0
308 183 -1 0
307 183 -1 0
306 183 -1 0
305 183 -1 0
304 183 -1 0
303 183 -1 0
224 183 -1 1
223 183 -1 1
222 183 -1 1
221 183 -1 1
220 183 -1 1
219 183 -1 1
218 183 -1 1
312 182 -1 0
311 182 -1 0
310 182 -1 0
309 182 -1 0
308 182 -1 0
307 182 -1 0
306 182 -1 0
305 182 -1 0
304 182 -1 0
225 182 -1 1
224 182 -1 1
223 182 -1 1
222 182 -1 1
221 182 -1 1
220 182 -1 1
219 182 -1 1
218 182 -1 1
217 182 -1 1
313 181 -1 0
312 181 -1 0
311 181 -1 0
310 181 -1 0
309 181 -1 0
308 181 -1 0
307 181 -1 0
306 181 -1 0
305 181 -1 0
304 181 -1 0
303 181 -1 0
225 181 -1 1
224 181 -1 1
223 181 -1 1
222 181 -1 1
221 181 -1 1
220 181 -1 1
219 181 -1 1
218 181 -1 1
217 181 -1 1
216 181 -1 1
215 181 -1 1
313 180 -1 0
312 180 -1 0
311 180 -1 0
310 180 -1 0
309 180 -1 0
308 180 -1 0
307 180 -1 0
306 180 -1 0
305 180 -1 0
304 180 -1 0
303 180 -1 0
225 180 -1 1
224 180 -1 1
223 180 -1 1
222 180 -1 1
221 180 -1 1
220 180 -1 1
219 180 -1 1
218 180 -1 1
217 180 -1 1
216 180 -1 1
215 180 -1 1
214 180 -1 1
313 179 -1 0
312 179 -1 0
311 179 -1 0
310 179 -1 0
309 179 -1 0
308 179 -1 0
307 179 -1 0
306 179 -1 0
305 179 -1 0
304 179 -1 0
303 179 -1 0
226 179 -1 1
225 179 -1 1
224 179 -1 1
223 179 -1 1
222 179 -1 1
221 179 -1 1
220 179 -1 1
219 179 -1 1
218 179 -1 1
217 179 -1 1
216 179 -1 1
215 179 -1 1
214 179 -1 1
313 178 -1 0
312 178 -1 0
311 178 -1 0
310 178 -1 0
309 178 -1 0
308 178 -1 0
307 178 -1 0
306 178 -1 0
305 178 -1 0
304 178 -1 0
303 178 -1 0
226 178 -1 1
225 178 -1 1
224 178 -1 1
223 178 -1 1
222 178 -1 1
221 178 -1 1
220 178 -1 1
219 178 -1 1
218 178 -1 1
217 178 -1 1
216 178 -1 1
215 178 -1 1
214 178 -1 1
313 177 -1 0
312 177 -1 0
311 177 -1 0
310 177 -1 0
309 177 -1 0
308 177 -1 0
307 177 -1 0
306 177 -1 0
305 177 -1 0
304 177 -1 0
303 177 -1 0
225 177 -1 1
224 177 -1 1
223 177 -1 1
222 177 -1 1
221 177 -1 1
220 177 -1 1
219 177 -1 1
218 177 -1 1
217 177 -1 1
216 177 -1 1
215 177 -1 1
214 177 -1 1
213 177 -1 1
313 176 -1 0
312 176 -1 0
311 176 -1 0
310 176 -1 0
309 176 -1 0
308 176 -1 0
307 176 -1 0
306 176 -1 0
305 176 -1 0
304 176 -1 0
303 176 -1 0
225 176 -1 1
224 176 -1 1
223 176 -1 1
222 176 -1 1
221 176 -1 1
220 176 -1 1
219 176 -1 1
218 176 -1 1
217 176 -1 1
216 176 -1 1
215 176 -1 1
214 176 -1 1
213 176 -1 1
313 175 -1 0
312 175 -1 0
311 175 -1 0
310 175 -1 0
309 175 -1 0
308 175 -1 0
307 175 -1 0
306 175 -1 0
305 175 -1 0
304 175 -1 0
303 175 -1 0
225 175 -1 1
224 175 -1 1
223 175 -1 1
222 175 -1 1
221 175 -1 1
220 175 -1 1
219 175 -1 1
218 175 -1 1
217 175 -1 1
216 175 -1 1
215 175 -1 1
214 175 -1 1
213 175 -1 1
212 175 -1 1
313 174 -1 0
312 174 -1 0
311 174 -1 0
310 174 -1 0
309 174 -1 0
308 174 -1 0
307 174 -1 0
306 174 -1 0
305 174 -1 0
304 174 -1 0
303 174 -1 0
224 174 -1 1
223 174 -1 1
222 174 -1 1
221 174 -1 1
220 174 -1 1
219 174 -1 1
218 174 -1 1
217 174 -1 1
216 174 -1 1
215 174 -1 1
214 174 -1 1
213 174 -1 1
212 174 -1 1
211 174 -1 1
312 173 -1 0
311 173 -1 0
310 173 -1 0
309 173 -1 0
308 173 -1 0
307 173 -1 0
306 173 -1 0
305 173 -1 0
304 173 -1 0
222 173 -1 1
221 173 -1 1
220 173 -1 1
219 173 -1 1
218 173 -1 1
217 173 -1 1
216 173 -1 1
215 173 -1 1
214 173 -1 1
213 173 -1 1
212 173 -1 1
211 173 -1 1
210 173 -1 1
313 172 -1 0
312 172 -1 0
311 172 -1 0
310 172 -1 0
309 172 -1 0
308 172 -1 0
307 172 -1 0
306 172 -1 0
305 172 -1 0
304 172 -1 0
303 172 -1 0
222 172 -1 1
221 172 -1 1
220 172 -1 1
219 172 -1 1
218 172 -1 1
217 172 -1 1
216 172 -1 1
215 172 -1 1
214 172 -1 1
213 172 -1 1
212 172 -1 1
211 172 -1 1
210 172 -1 1
209 172 -1 1
313 171 -1 0
312 171 -1 0
311 171 -1 0
310 171 -1 0
309 171 -1 0
308 171 -1 0
307 171 -1 0
306 171 -1 0
305 171 -1 0
304 171 -1 0
303 171 -1 0
222 171 -1 1
221 171 -1 1
220 171 -1 1
219 171 -1 1
218 171 -1 1
217 171 -1 1
216 171 -1 1
215 171 -1 1
214 171 -1 1
213 171 -1 1
212 171 -1 1
211 171 -1 1
210 171 -1 1
209 171 -1 1
208 171 -1 1
207 171 -1 1
313 170 -1 0
312 170 -1 0
311 170 -1 0
310 170 -1 0
309 170 -1 0
308 170 -1 0
307 170 -1 0
306 170 -1 0
305 170 -1 0
304 170 -1 0
303 170 -1 0
221 170 -1 1
220 170 -1 1
219 170 -1 1
218 170 -1 1
217 170 -1 1
216 170 -1 1
215 170 -1 1
214 170 -1 1
213 170 -1 1
212 170 -1 1
211 170 -1 1
210 170 -1 1
209 170 -1 1
208 170 -1 1
207 170 -1 1
206 170 -1 1
205 170 -1 1
313 169 -1 0
312 169 -1 0
311 169 -1 0
310 169 -1 0
309 169 -1 0
308 169 -1 0
307 169 -1 0
306 169 -1 0
305 169 -1 0
304 169 -1 0
303 169 -1 0
221 169 -1 1
220 169 -1 1
219 169 -1 1
218 169 -1 1
217 169 -1 1
216 169 -1 1
215 169 -1 1
214 169 -1 1
213 169 -1 1
212 169 -1 1
211 169 -1 1
210 169 -1 1
209 169 -1 1
208 169 -1 1
207 169 -1 1
206 169 -1 1
205 169 -1 1
204 169 -1 1
313 168 -1 0
312 168 -1 0
311 168 -1 0
310 168 -1 0
309 168 -1 0
308 168 -1 0
307 168 -1 0
306 168 -1 0
305 168 -1 0
304 168 -1 0
303 168 -1 0
220 168 -1 1
219 168 -1 1
218 168 -1 1
217 168 -1 1
216 168 -1 1
215 168 -1 1
214 168 -1 1
213 168 -1 1
212 168 -1 1
211 168 -1 1
210 168 -1 1
209 168 -1 1
208 168 -1 1
207 168 -1 1
206 168 -1 1
205 168 -1 1
204 168 -1 1
203 168 -1 1
312 167 -1 0
311 167 -1 0
310 167 -1 0
309 167 -1 0
308 167 -1 0
307 167 -1 0
306 167 -1 0
305 167 -1 0
304 167 -1 0
219 167 -1 1
218 167 -1 1
217 167 -1 1
216 167 -1 1
215 167 -1 1
214 167 -1 1
213 167 -1 1
212 167 -1 1
211 167 -1 1
210 167 -1 1
209 167 -1 1
208 167 -1 1
207 167 -1 1
206 167 -1 1
205 167 -1 1
204 167 -1 1
203 167 -1 1
202 167 -1 1
313 166 -1 0
312 166 -1 0
311 166 -1 0
310 166 -1 0
309 166 -1 0
308 166 -1 0
307 166 -1 0
306 166 -1 0
305 166 -1 0
304 166 -1 0
303 166 -1 0
217 166 -1 1
216 166 -1 1
215 166 -1 1
214 166 -1 1
213 166 -1 1
212 166 -1 1
211 166 -1 1
210 166 -1 1
209 166 -1 1
208 166 -1 1
207 166 -1 1
206 166 -1 1
205 166 -1 1
204 166 -1 1
203 166 -1 1
202 166 -1 1
313 165 -1 0
312 165 -1 0
311 165 -1 0
310 165 -1 0
309 165 -1 0
308 165 -1 0
307 165 -1 0
306 165 -1 0
305 165 -1 0
304 165 -1 0
303 165 -1 0
217 165 -1 1
216 165 -1 1
215 165 -1 1
214 165 -1 1
213 165 -1 1
212 165 -1 1
211 165 -1 1
210 165 -1 1
209 165 -1 1
208 165 -1 1
207 165 -1 1
206 165 -1 1
205 165 -1 1
204 165 -1 1
203 165 -1 1
202 165 -1 1
201 165 -1 1
312 164 -1 0
311 164 -1 0
310 164 -1 0
309 164 -1 0
308 164 -1 0
307 164 -1 0
306 164 -1 0
305 164 -1 0
304 164 -1 0
216 164 -1 1
215 164 -1 1
214 164 -1 1
213 164 -1 1
212 164 -1 1
211 164 -1 1
210 164 -1 1
209 164 -1 1
208 164 -1 1
207 164 -1 1
206 164 -1 1
205 164 -1 1
204 164 -1 1
203 164 -1 1
202 164 -1 1
201 164 -1 1
200 164 -1 1
313 163 -1 0
312 163 -1 0
311 163 -1 0
310 163 -1 0
309 163 -1 0
308 163 -1 0
307 163 -1 0
306 163 -1 0
305 163 -1 0
304 163 -1 0
303 163 -1 0
213 163 -1 1
212 163 -1 1
211 163 -1 1
210 163 -1 1
209 163 -1 1
208 163 -1 1
207 163 -1 1
206 163 -1 1
205 163 -1 1
204 163 -1 1
203 163 -1 1
202 163 -1 1
201 163 -1 1
200 163 -1 1
313 162 -1 0
312 162 -1 0
311 162 -1 0
310 162 -1 0
309 162 -1 0
308 162 -1 0
307 162 -1 0
306 162 -1 0
305 162 -1 0
304 162 -1 0
303 162 -1 0
211 162 -1 1
210 162 -1 1
209 162 -1 1
208 162 -1 1
207 162 -1 1
206 162 -1 1
205 162 -1 1
204 162 -1 1
203 162 -1 1
202 162 -1 1
201 162 -1 1
200 162 -1 1
312 161 -1 0
311 161 -1 0
310 161 -1 0
309 161 -1 0
308 161 -1 0
307 161 -1 0
306 161 -1 0
305 161 -1 0
304 161 -1 0
210 161 -1 1
209 161 -1 1
208 161 -1 1
207 161 -1 1
206 161 -1 1
205 161 -1 1
204 161 -1 1
203 161 -1 1
202 161 -1 1
201 161 -1 1
200 161 -1 1
199 161 -1 1
313 160 -1 0
312 160 -1 0
311 160 -1 0
310 160 -1 0
309 160 -1 0
308 160 -1 0
307 160 -1 0
306 160 -1 0
305 160 -1 0
304 160 -1 0
303 160 -1 0
209 160 -1 1
208 160 -1 1
207 160 -1 1
206 160 -1 1
205 160 -1 1
204 160 -1 1
203 160 -1 1
202 160 -1 1
201 160 -1 1
200 160 -1 1
312 159 -1 0
311 159 -1 0
310 159 -1 0
309 159 -1 0
308 159 -1 0
307 159 -1 0
306 159 -1 0
305 159 -1 0
304 159 -1 0
303 159 -1 0
209 159 -1 1
208 159 -1 1
207 159 -1 1
206 159 -1 1
205 159 -1 1
204 159 -1 1
203 159 -1 1
202 159 -1 1
201 159 -1 1
200 159 -1 1
312 158 -1 0
311 158 -1 0
310 158 -1 0
309 158 -1 0
308 158 -1 0
307 158 -1 0
306 158 -1 0
305 158 -1 0
304 158 -1 0
303 158 -1 0
208 158 -1 1
207 158 -1 1
206 158 -1 1
205 158 -1 1
204 158 -1 1
203 158 -1 1
202 158 -1 1
201 158 -1 1
200 158 -1 1
313 157 -1 0
312 157 -1 0
311 157 -1 0
310 157 -1 0
309 157 -1 0
308 157 -1 0
307 157 -1 0
306 157 -1 0
305 157 -1 0
304 157 -1 0
303 157 -1 0
207 157 -1 1
206 157 -1 1
205 157 -1 1
204 157 -1 1
203 157 -1 1
202 157 -1 1
201 157 -1 1
312 156 -1 0
311 156 -1 0
310 156 -1 0
309 156 -1 0
308 156 -1 0
307 156 -1 0
306 156 -1 0
305 156 -1 0
304 156 -1 0
303 156 -1 0
302 156 -1 0
204 156 -1 1
312 155 -1 0
311 155 -1 0
310 155 -1 0
309 155 -1 0
308 155 -1 0
307 155 -1 0
306 155 -1 0
305 155 -1 0
304 155 -1 0
303 155 -1 0
312 154 -1 0
311 154 -1 0
310 154 -1 0
309 154 -1 0
308 154 -1 0
307 154 -1 0
306 154 -1 0
305 154 -1 0
304 154 -1 0
303 154 -1 0
302 154 -1 0
311 153 -1 0
310 153 -1 0
309 153 -1 0
308 153 -1 0
307 153 -1 0
306 153 -1 0
305 153 -1 0
304 153 -1 0
303 153 -1 0
311 152 -1 0
310 152 -1 0
309 152 -1 0
308 152 -1 0
307 152 -1 0
306 152 -1 0
305 152 -1 0
304 152 -1 0
303 152 -1 0
312 151 -1 0
311 151 -1 0
310 151 -1 0
309 151 -1 0
308 151 -1 0
307 151 -1 0
306 151 -1 0
305 151 -1 0
304 151 -1 0
303 151 -1 0
302 151 -1 0
311 150 -1 0
310 150 -1 0
309 150 -1 0
308 150 -1 0
307 150 -1 0
306 150 -1 0
305 150 -1 0
304 150 -1 0
303 150 -1 0
302 150 -1 0
311 149 -1 0
310 149 -1 0
309 149 -1 0
308 149 -1 0
307 149 -1 0
306 149 -1 0
305 149 -1 0
304 149 -1 0
303 149 -1 0
302 149 -1 0
301 149 -1 0
312 148 -1 0
311 148 -1 0
310 148 -1 0
309 148 -1 0
308 148 -1 0
307 148 -1 0
306 148 -1 0
305 148 -1 0
304 148 -1 0
303 148 -1 0
302 148 -1 0
301 148 -1 0
312 147 -1 0
311 147 -1 0
310 147 -1 0
309 147 -1 0
308 147 -1 0
307 147 -1 0
306 147 -1 0
305 147 -1 0
304 147 -1 0
303 147 -1 0
302 147 -1 0
301 147 -1 0
311 146 -1 0
310 146 -1 0
309 146 -1 0
308 146 -1 0
307 146 -1 0
306 146 -1 0
305 146 -1 0
304 146 -1 0
303 146 -1 0
302 146 -1 0
301 146 -1 0
300 146 -1 0
299 146 -1 0
311 145 -1 0
310 145 -1 0
309 145 -1 0
308 145 -1 0
307 145 -1 0
306 145 -1 0
305 145 -1 0
304 145 -1 0
303 145 -1 0
302 145 -1 0
301 145 -1 0
300 145 -1 0
299 145 -1 0
298 145 -1 0
311 144 -1 0
310 144 -1 0
309 144 -1 0
308 144 -1 0
307 144 -1 0
306 144 -1 0
305 144 -1 0
304 144 -1 0
303 144 -1 0
302 144 -1 0
301 144 -1 0
300 144 -1 0
299 144 -1 0
298 144 -1 0
310 143 -1 0
309 143 -1 0
308 143 -1 0
307 143 -1 0
306 143 -1 0
305 143 -1 0
304 143 -1 0
303 143 -1 0
302 143 -1 0
301 143 -1 0
300 143 -1 0
299 143 -1 0
298 143 -1 0
309 142 -1 0
308 142 -1 0
307 142 -1 0
306 142 -1 0
305 142 -1 0
304 142 -1 0
303 142 -1 0
302 142 -1 0
301 142 -1 0
300 142 -1 0
299 142 -1 0
298 142 -1 0
297 142 -1 0
308 141 -1 0
307 141 -1 0
306 141 -1 0
305 141 -1 0
304 141 -1 0
303 141 -1 0
302 141 -1 0
301 141 -1 0
300 141 -1 0
299 141 -1 0
298 141 -1 0
306 140 -1 0
305 140 -1 0
304 140 -1 0
303 140 -1 0
302 140 -1 0
301 140 -1 0
300 140 -1 0
299 140 -1 0
298 140 -1 0
297 140 -1 0
307 139 -1 0
306 139 -1 0
305 139 -1 0
304 139 -1 0
303 139 -1 0
302 139 -1 0
301 139 -1 0
300 139 -1 0
299 139 -1 0
298 139 -1 0
297 139 -1 0
306 138 -1 0
305 138 -1 0
304 138 -1 0
303 138 -1 0
302 138 -1 0
301 138 -1 0
300 138 -1 0
299 138 -1 0
298 138 -1 0
297 138 -1 0
296 138 -1 0
306 137 -1 0
305 137 -1 0
304 137 -1 0
303 137 -1 0
302 137 -1 0
301 137 -1 0
300 137 -1 0
299 137 -1 0
298 137 -1 0
297 137 -1 0
296 137 -1 0
295 137 -1 0
306 136 -1 0
305 136 -1 0
304 136 -1 0
303 136 -1 0
302 136 -1 0
301 136 -1 0
300 136 -1 0
299 136 -1 0
298 136 -1 0
297 136 -1 0
296 136 -1 0
295 136 -1 0
294 136 -1 0
305 135 -1 0
304 135 -1 0
303 135 -1 0
302 135 -1 0
301 135 -1 0
300 135 -1 0
299 135 -1 0
298 135 -1 0
297 135 -1 0
296 135 -1 0
295 135 -1 0
294 135 -1 0
305 134 -1 0
304 134 -1 0
303 134 -1 0
302 134 -1 0
301 134 -1 0
300 134 -1 0
299 134 -1 0
298 134 -1 0
297 134 -1 0
296 134 -1 0
295 134 -1 0
294 134 -1 0
293 134 -1 0
304 133 -1 0
303 133 -1 0
302 133 -1 0
301 133 -1 0
300 133 -1 0
299 133 -1 0
298 133 -1 0
297 133 -1 0
296 133 -1 0
295 133 -1 0
294 133 -1 0
293 133 -1 0
292 133 -1 0
304 132 -1 0
303 132 -1 0
302 132 -1 0
301 132 -1 0
300 132 -1 0
299 132 -1 0
298 132 -1 0
297 132 -1 0
296 132 -1 0
295 132 -1 0
294 132 -1 0
293 132 -1 0
292 132 -1 0
291 132 -1 0
303 131 -1 0
302 131 -1 0
301 131 -1 0
300 131 -1 0
299 131 -1 0
298 131 -1 0
297 131 -1 0
296 131 -1 0
295 131 -1 0
294 131 -1 0
293 131 -1 0
292 131 -1 0
291 131 -1 0
290 131 -1 0
302 130 -1 0
301 130 -1 0
300 130 -1 0
299 130 -1 0
298 130 -1 0
297 130 -1 0
296 130 -1 0
295 130 -1 0
294 130 -1 0
293 130 -1 0
292 130 -1 0
291 130 -1 0
290 130 -1 0
301 129 -1 0
300 129 -1 0
299 129 -1 0
298 129 -1 0
297 129 -1 0
296 129 -1 0
295 129 -1 0
294 129 -1 0
293 129 -1 0
292 129 -1 0
291 129 -1 0
290 129 -1 0
289 129 -1 0
301 128 -1 0
300 128 -1 0
299 128 -1 0
298 128 -1 0
297 128 -1 0
296 128 -1 0
295 128 -1 0
294 128 -1 0
293 128 -1 0
292 128 -1 0
291 128 -1 0
290 128 -1 0
289 128 -1 0
300 127 -1 0
299 127 -1 0
298 127 -1 0
297 127 -1 0
296 127 -1 0
295 127 -1 0
294 127 -1 0
293 127 -1 0
292 127 -1 0
291 127 -1 0
290 127 -1 0
289 127 -1 0
299 126 -1 0
298 126 -1 0
297 126 -1 0
296 126 -1 0
295 126 -1 0
294 126 -1 0
293 126 -1 0
292 126 -1 0
291 126 -1 0
290 126 -1 0
289 126 -1 0
288 126 -1 0
287 126 -1 0
298 125 -1 0
297 125 -1 0
296 125 -1 0
295 125 -1 0
294 125 -1 0
293 125 -1 0
292 125 -1 0
291 125 -1 0
290 125 -1 0
289 125 -1 0
288 125 -1 0
287 125 -1 0
286 125 -1 0
297 124 -1 0
296 124 -1 0
295 124 -1 0
294 124 -1 0
293 124 -1 0
292 124 -1 0
291 124 -1 0
290 124 -1 0
289 124 -1 0
288 124 -1 0
287 124 -1 0
286 124 -1 0
297 123 -1 0
296 123 -1 0
295 123 -1 0
294 123 -1 0
293 123 -1 0
292 123 -1 0
291 123 -1 0
290 123 -1 0
289 123 -1 0
288 123 -1 0
287 123 -1 0
286 123 -1 0
296 122 -1 0
295 122 -1 0
294 122 -1 0
293 122 -1 0
292 122 -1 0
291 122 -1 0
290 122 -1 0
289 122 -1 0
288 122 -1 0
287 122 -1 0
286 122 -1 0
285 122 -1 0
294 121 -1 0
293 121 -1 0
292 121 -1 0
291 121 -1 0
290 121 -1 0
289 121 -1 0
288 121 -1 0
287 121 -1 0
286 121 -1 0
294 120 -1 0
293 120 -1 0
292 120 -1 0
291 120 -1 0
290 120 -1 0
289 120 -1 0
288 120 -1 0
287 120 -1 0
286 120 -1 0
285 120 -1 0
284 120 -1 0
283 120 -1 0
294 119 -1 0
293 119 -1 0
292 119 -1 0
291 119 -1 0
290 119 -1 0
289 119 -1 0
288 119 -1 0
287 119 -1 0
286 119 -1 0
285 119 -1 0
284 119 -1 0
283 119 -1 0
282 119 -1 0
293 118 -1 0
292 118 -1 0
291 118 -1 0
290 118 -1 0
289 118 -1 0
288 118 -1 0
287 118 -1 0
286 118 -1 0
285 118 -1 0
284 118 -1 0
283 118 -1 0
282 118 -1 0
290 117 -1 0
289 117 -1 0
288 117 -1 0
287 117 -1 0
286 117 -1 0
285 117 -1 0
284 117 -1 0
283 117 -1 0
282 117 -1 0
291 116 -1 0
290 116 -1 0
289 116 -1 0
288 116 -1 0
287 116 -1 0
286 116 -1 0
285 116 -1 0
284 116 -1 0
283 116 -1 0
282 116 -1 0
281 116 -1 0
290 115 -1 0
289 115 -1 0
288 115 -1 0
287 115 -1 0
286 115 -1 0
285 115 -1 0
284 115 -1 0
283 115 -1 0
282 115 -1 0
290 114 -1 0
289 114 -1 0
288 114 -1 0
287 114 -1 0
286 114 -1 0
285 114 -1 0
284 114 -1 0
283 114 -1 0
282 114 -1 0
281 114 -1 0
280 114 -1 0
290 113 -1 0
289 113 -1 0
288 113 -1 0
287 113 -1 0
286 113 -1 0
285 113 -1 0
284 113 -1 0
283 113 -1 0
282 113 -1 0
281 113 -1 0
280 113 -1 0
279 113 -1 0
289 112 -1 0
288 112 -1 0
287 112 -1 0
286 112 -1 0
285 112 -1 0
284 112 -1 0
283 112 -1 0
282 112 -1 0
281 112 -1 0
280 112 -1 0
279 112 -1 0
278 112 -1 0
287 111 -1 0
286 111 -1 0
285 111 -1 0
284 111 -1 0
283 111 -1 0
282 111 -1 0
281 111 -1 0
280 111 -1 0
279 111 -1 0
278 111 -1 0
277 111 -1 0
288 110 -1 0
287 110 -1 0
286 110 -1 0
285 110 -1 0
284 110 -1 0
283 110 -1 0
282 110 -1 0
281 110 -1 0
280 110 -1 0
279 110 -1 0
278 110 -1 0
277 110 -1 0
287 109 -1 0
286 109 -1 0
285 109 -1 0
284 109 -1 0
283 109 -1 0
282 109 -1 0
281 109 -1 0
280 109 -1 0
279 109 -1 0
278 109 -1 0
277 109 -1 0
287 108 -1 0
286 108 -1 0
285 108 -1 0
284 108 -1 0
283 108 -1 0
282 108 -1 0
281 108 -1 0
280 108 -1 0
279 108 -1 0
278 108 -1 0
277 108 -1 0
276 108 -1 0
275 108 -1 0
274 108 -1 0
287 107 -1 0
286 107 -1 0
285 107 -1 0
284 107 -1 0
283 107 -1 0
282 107 -1 0
281 107 -1 0
280 107 -1 0
279 107 -1 0
278 107 -1 0
277 107 -1 0
276 107 -1 0
275 107 -1 0
274 107 -1 0
273 107 -1 0
286 106 -1 0
285 106 -1 0
284 106 -1 0
283 106 -1 0
282 106 -1 0
281 106 -1 0
280 106 -1 0
279 106 -1 0
278 106 -1 0
277 106 -1 0
276 106 -1 0
275 106 -1 0
274 106 -1 0
273 106 -1 0
285 105 -1 0
284 105 -1 0
283 105 -1 0
282 105 -1 0
281 105 -1 0
280 105 -1 0
279 105 -1 0
278 105 -1 0
277 105 -1 0
276 105 -1 0
275 105 -1 0
274 105 -1 0
273 105 -1 0
284 104 -1 0
283 104 -1 0
282 104 -1 0
281 104 -1 0
280 104 -1 0
279 104 -1 0
278 104 -1 0
277 104 -1 0
276 104 -1 0
275 104 -1 0
274 104 -1 0
273 104 -1 0
272 104 -1 0
283 103 -1 0
282 103 -1 0
281 103 -1 0
280 103 -1 0
279 103 -1 0
278 103 -1 0
277 103 -1 0
276 103 -1 0
275 103 -1 0
274 103 -1 0
273 103 -1 0
283 102 -1 0
282 102 -1 0
281 102 -1 0
280 102 -1 0
279 102 -1 0
278 102 -1 0
277 102 -1 0
276 102 -1 0
275 102 -1 0
274 102 -1 0
273 102 -1 0
283 101 -1 0
282 101 -1 0
281 101 -1 0
280 101 -1 0
279 101 -1 0
278 101 -1 0
277 101 -1 0
276 101 -1 0
275 101 -1 0
274 101 -1 0
273 101 -1 0
282 100 -1 0
281 100 -1 0
280 100 -1 0
279 100 -1 0
278 100 -1 0
277 100 -1 0
276 100 -1 0
275 100 -1 0
274 100 -1 0
279 99 -1 0
277 99 -1 0
