2842 408 341
293 206 -1 0
290 206 -1 0
296 205 -1 0
295 205 -1 0
294 205 -1 0
293 205 -1 0
292 205 -1 0
291 205 -1 0
290 205 -1 0
289 205 -1 0
288 205 -1 0
287 205 -1 0
299 204 -1 0
298 204 -1 0
297 204 -1 0
296 204 -1 0
295 204 -1 0
294 204 -1 0
293 204 -1 0
292 204 -1 0
291 204 -1 0
290 204 -1 0
289 204 -1 0
288 204 -1 0
287 204 -1 0
286 204 -1 0
300 203 -1 0
299 203 -1 0
298 203 -1 0
297 203 -1 0
296 203 -1 0
295 203 -1 0
294 203 -1 0
293 203 -1 0
292 203 -1 0
291 203 -1 0
290 203 -1 0
289 203 -1 0
288 203 -1 0
287 203 -1 0
286 203 -1 0
301 202 -1 0
300 202 -1 0
299 202 -1 0
298 202 -1 0
297 202 -1 0
296 202 -1 0
295 202 -1 0
294 202 -1 0
293 202 -1 0
292 202 -1 0
291 202 -1 0
290 202 -1 0
289 202 -1 0
288 202 -1 0
287 202 -1 0
286 202 -1 0
302 201 -1 0
301 201 -1 0
300 201 -1 0
299 201 -1 0
298 201 -1 0
297 201 -1 0
296 201 -1 0
295 201 -1 0
294 201 -1 0
293 201 -1 0
292 201 -1 0
291 201 -1 0
290 201 -1 0
289 201 -1 0
288 201 -1 0
287 201 -1 0
286 201 -1 0
285 201 -1 0
304 200 -1 0
303 200 -1 0
302 200 -1 0
301 200 -1 0
300 200 -1 0
299 200 -1 0
298 200 -1 0
297 200 -1 0
296 200 -1 0
295 200 -1 0
294 200 -1 0
293 200 -1 0
292 200 -1 0
291 200 -1 0
290 200 -1 0
289 200 -1 0
288 200 -1 0
287 200 -1 0
286 200 -1 0
305 199 -1 0
304 199 -1 0
303 199 -1 0
302 199 -1 0
301 199 -1 0
300 199 -1 0
299 199 -1 0
298 199 -1 0
297 199 -1 0
296 199 -1 0
295 199 -1 0
294 199 -1 0
293 199 -1 0
292 199 -1 0
291 199 -1 0
290 199 -1 0
289 199 -1 0
288 199 -1 0
287 199 -1 0
286 199 -1 0
306 198 -1 0
305 198 -1 0
304 198 -1 0
303 198 -1 0
302 198 -1 0
301 198 -1 0
300 198 -1 0
299 198 -1 0
298 198 -1 0
297 198 -1 0
296 198 -1 0
295 198 -1 0
294 198 -1 0
293 198 -1 0
292 198 -1 0
291 198 -1 0
290 198 -1 0
289 198 -1 0
288 198 -1 0
287 198 -1 0
286 198 -1 0
307 197 -1 0
306 197 -1 0
305 197 -1 0
304 197 -1 0
303 197 -1 0
302 197 -1 0
301 197 -1 0
300 197 -1 0
299 197 -1 0
298 197 -1 0
297 197 -1 0
296 197 -1 0
295 197 -1 0
294 197 -1 0
293 197 -1 0
292 197 -1 0
291 197 -1 0
290 197 -1 0
289 197 -1 0
288 197 -1 0
287 197 -1 0
308 196 -1 0
307 196 -1 0
306 196 -1 0
305 196 -1 0
304 196 -1 0
303 196 -1 0
302 196 -1 0
301 196 -1 0
300 196 -1 0
299 196 -1 0
298 196 -1 0
297 196 -1 0
296 196 -1 0
295 196 -1 0
294 196 -1 0
293 196 -1 0
292 196 -1 0
291 196 -1 0
290 196 -1 0
309 195 -1 0
308 195 -1 0
307 195 -1 0
306 195 -1 0
305 195 -1 0
304 195 -1 0
303 195 -1 0
302 195 -1 0
301 195 -1 0
300 195 -1 0
299 195 -1 0
298 195 -1 0
297 195 -1 0
296 195 -1 0
295 195 -1 0
294 195 -1 0
311 194 -1 0
310 194 -1 0
309 194 -1 0
308 194 -1 0
307 194 -1 0
306 194 -1 0
305 194 -1 0
304 194 -1 0
303 194 -1 0
302 194 -1 0
301 194 -1 0
300 194 -1 0
299 194 -1 0
298 194 -1 0
297 194 -1 0
296 194 -1 0
295 194 -1 0
312 193 -1 0
311 193 -1 0
310 193 -1 0
309 193 -1 0
308 193 -1 0
307 193 -1 0
306 193 -1 0
305 193 -1 0
304 193 -1 0
303 193 -1 0
302 193 -1 0
301 193 -1 0
300 193 -1 0
299 193 -1 0
298 193 -1 0
297 193 -1 0
296 193 -1 0
313 192 -1 0
312 192 -1 0
311 192 -1 0
310 192 -1 0
309 192 -1 0
308 192 -1 0
307 192 -1 0
306 192 -1 0
305 192 -1 0
304 192 -1 0
303 192 -1 0
302 192 -1 0
301 192 -1 0
300 192 -1 0
299 192 -1 0
298 192 -1 0
316 191 -1 0
315 191 -1 0
314 191 -1 0
313 191 -1 0
312 191 -1 0
311 191 -1 0
310 191 -1 0
309 191 -1 0
308 191 -1 0
307 191 -1 0
306 191 -1 0
305 191 -1 0
304 191 -1 0
303 191 -1 0
302 191 -1 0
301 191 -1 0
300 191 -1 0
299 191 -1 0
298 191 -1 0
317 190 -1 0
316 190 -1 0
315 190 -1 0
314 190 -1 0
313 190 -1 0
312 190 -1 0
311 190 -1 0
310 190 -1 0
309 190 -1 0
308 190 -1 0
307 190 -1 0
306 190 -1 0
305 190 -1 0
304 190 -1 0
303 190 -1 0
302 190 -1 0
301 190 -1 0
300 190 -1 0
299 190 -1 0
318 189 -1 0
317 189 -1 0
316 189 -1 0
315 189 -1 0
314 189 -1 0
313 189 -1 0
312 189 -1 0
311 189 -1 0
310 189 -1 0
309 189 -1 0
308 189 -1 0
307 189 -1 0
306 189 -1 0
305 189 -1 0
304 189 -1 0
303 189 -1 0
302 189 -1 0
301 189 -1 0
300 189 -1 0
321 188 -1 0
320 188 -1 0
319 188 -1 0
318 188 -1 0
317 188 -1 0
316 188 -1 0
315 188 -1 0
314 188 -1 0
313 188 -1 0
312 188 -1 0
311 188 -1 0
310 188 -1 0
309 188 -1 0
308 188 -1 0
307 188 -1 0
306 188 -1 0
305 188 -1 0
304 188 -1 0
303 188 -1 0
302 188 -1 0
301 188 -1 0
322 187 -1 0
321 187 -1 0
320 187 -1 0
319 187 -1 0
318 187 -1 0
317 187 -1 0
316 187 -1 0
315 187 -1 0
314 187 -1 0
313 187 -1 0
312 187 -1 0
311 187 -1 0
310 187 -1 0
309 187 -1 0
308 187 -1 0
307 187 -1 0
306 187 -1 0
305 187 -1 0
304 187 -1 0
303 187 -1 0
302 187 -1 0
324 186 -1 0
322 186 -1 0
321 186 -1 0
320 186 -1 0
319 186 -1 0
318 186 -1 0
317 186 -1 0
316 186 -1 0
315 186 -1 0
314 186 -1 0
313 186 -1 0
312 186 -1 0
311 186 -1 0
310 186 -1 0
309 186 -1 0
308 186 -1 0
307 186 -1 0
306 186 -1 0
305 186 -1 0
327 185 -1 0
326 185 -1 0
325 185 -1 0
324 185 -1 0
323 185 -1 0
322 185 -1 0
321 185 -1 0
320 185 -1 0
319 185 -1 0
318 185 -1 0
317 185 -1 0
316 185 -1 0
315 185 -1 0
314 185 -1 0
313 185 -1 0
312 185 -1 0
311 185 -1 0
310 185 -1 0
309 185 -1 0
308 185 -1 0
328 184 -1 0
327 184 -1 0
326 184 -1 0
325 184 -1 0
324 184 -1 0
323 184 -1 0
322 184 -1 0
321 184 -1 0
320 184 -1 0
319 184 -1 0
318 184 -1 0
317 184 -1 0
316 184 -1 0
315 184 -1 0
314 184 -1 0
313 184 -1 0
312 184 -1 0
311 184 -1 0
310 184 -1 0
309 184 -1 0
330 183 -1 0
329 183 -1 0
328 183 -1 0
327 183 -1 0
326 183 -1 0
325 183 -1 0
324 183 -1 0
323 183 -1 0
322 183 -1 0
321 183 -1 0
320 183 -1 0
319 183 -1 0
318 183 -1 0
317 183 -1 0
316 183 -1 0
315 183 -1 0
314 183 -1 0
313 183 -1 0
312 183 -1 0
311 183 -1 0
310 183 -1 0
331 182 -1 0
330 182 -1 0
329 182 -1 0
328 182 -1 0
327 182 -1 0
326 182 -1 0
325 182 -1 0
324 182 -1 0
323 182 -1 0
322 182 -1 0
321 182 -1 0
320 182 -1 0
319 182 -1 0
318 182 -1 0
317 182 -1 0
316 182 -1 0
315 182 -1 0
314 182 -1 0
313 182 -1 0
331 181 -1 0
330 181 -1 0
329 181 -1 0
328 181 -1 0
327 181 -1 0
326 181 -1 0
325 181 -1 0
324 181 -1 0
323 181 -1 0
322 181 -1 0
321 181 -1 0
320 181 -1 0
319 181 -1 0
318 181 -1 0
317 181 -1 0
316 181 -1 0
315 181 -1 0
314 181 -1 0
333 180 -1 0
331 180 -1 0
330 180 -1 0
329 180 -1 0
328 180 -1 0
327 180 -1 0
326 180 -1 0
325 180 -1 0
324 180 -1 0
323 180 -1 0
322 180 -1 0
321 180 -1 0
320 180 -1 0
319 180 -1 0
318 180 -1 0
317 180 -1 0
316 180 -1 0
315 180 -1 0
336 179 -1 0
335 179 -1 0
334 179 -1 0
333 179 -1 0
332 179 -1 0
331 179 -1 0
330 179 -1 0
329 179 -1 0
328 179 -1 0
327 179 -1 0
326 179 -1 0
325 179 -1 0
324 179 -1 0
323 179 -1 0
322 179 -1 0
321 179 -1 0
320 179 -1 0
318 179 -1 0
337 178 -1 0
336 178 -1 0
335 178 -1 0
334 178 -1 0
333 178 -1 0
332 178 -1 0
331 178 -1 0
330 178 -1 0
329 178 -1 0
328 178 -1 0
327 178 -1 0
326 178 -1 0
325 178 -1 0
324 178 -1 0
323 178 -1 0
322 178 -1 0
321 178 -1 0
320 178 -1 0
337 177 -1 0
336 177 -1 0
335 177 -1 0
334 177 -1 0
333 177 -1 0
332 177 -1 0
331 177 -1 0
330 177 -1 0
329 177 -1 0
328 177 -1 0
327 177 -1 0
326 177 -1 0
325 177 -1 0
324 177 -1 0
323 177 -1 0
322 177 -1 0
321 177 -1 0
340 176 -1 0
339 176 -1 0
338 176 -1 0
337 176 -1 0
336 176 -1 0
335 176 -1 0
334 176 -1 0
333 176 -1 0
332 176 -1 0
331 176 -1 0
330 176 -1 0
329 176 -1 0
328 176 -1 0
327 176 -1 0
326 176 -1 0
325 176 -1 0
324 176 -1 0
323 176 -1 0
341 175 -1 0
340 175 -1 0
339 175 -1 0
338 175 -1 0
337 175 -1 0
336 175 -1 0
335 175 -1 0
334 175 -1 0
333 175 -1 0
332 175 -1 0
331 175 -1 0
330 175 -1 0
329 175 -1 0
328 175 -1 0
327 175 -1 0
326 175 -1 0
325 175 -1 0
324 175 -1 0
344 174 -1 0
343 174 -1 0
342 174 -1 0
341 174 -1 0
340 174 -1 0
339 174 -1 0
338 174 -1 0
337 174 -1 0
336 174 -1 0
335 174 -1 0
334 174 -1 0
333 174 -1 0
332 174 -1 0
331 174 -1 0
330 174 -1 0
329 174 -1 0
327 174 -1 0
345 173 -1 0
344 173 -1 0
343 173 -1 0
342 173 -1 0
341 173 -1 0
340 173 -1 0
339 173 -1 0
338 173 -1 0
337 173 -1 0
336 173 -1 0
335 173 -1 0
334 173 -1 0
333 173 -1 0
332 173 -1 0
331 173 -1 0
330 173 -1 0
329 173 -1 0
345 172 -1 0
344 172 -1 0
343 172 -1 0
342 172 -1 0
341 172 -1 0
340 172 -1 0
339 172 -1 0
338 172 -1 0
337 172 -1 0
336 172 -1 0
335 172 -1 0
334 172 -1 0
333 172 -1 0
332 172 -1 0
331 172 -1 0
330 172 -1 0
329 172 -1 0
347 171 -1 0
346 171 -1 0
345 171 -1 0
344 171 -1 0
343 171 -1 0
342 171 -1 0
341 171 -1 0
340 171 -1 0
339 171 -1 0
338 171 -1 0
337 171 -1 0
336 171 -1 0
335 171 -1 0
334 171 -1 0
333 171 -1 0
332 171 -1 0
331 171 -1 0
330 171 -1 0
348 170 -1 0
347 170 -1 0
346 170 -1 0
345 170 -1 0
344 170 -1 0
343 170 -1 0
342 170 -1 0
341 170 -1 0
340 170 -1 0
339 170 -1 0
338 170 -1 0
337 170 -1 0
336 170 -1 0
335 170 -1 0
334 170 -1 0
333 170 -1 0
351 169 -1 0
350 169 -1 0
349 169 -1 0
348 169 -1 0
347 169 -1 0
346 169 -1 0
345 169 -1 0
344 169 -1 0
343 169 -1 0
342 169 -1 0
341 169 -1 0
340 169 -1 0
339 169 -1 0
338 169 -1 0
337 169 -1 0
336 169 -1 0
335 169 -1 0
334 169 -1 0
333 169 -1 0
352 168 -1 0
351 168 -1 0
350 168 -1 0
349 168 -1 0
348 168 -1 0
347 168 -1 0
346 168 -1 0
345 168 -1 0
344 168 -1 0
343 168 -1 0
342 168 -1 0
341 168 -1 0
340 168 -1 0
339 168 -1 0
338 168 -1 0
337 168 -1 0
336 168 -1 0
335 168 -1 0
334 168 -1 0
353 167 -1 0
352 167 -1 0
351 167 -1 0
350 167 -1 0
349 167 -1 0
348 167 -1 0
347 167 -1 0
346 167 -1 0
345 167 -1 0
344 167 -1 0
343 167 -1 0
342 167 -1 0
341 167 -1 0
340 167 -1 0
339 167 -1 0
338 167 -1 0
337 167 -1 0
353 166 -1 0
352 166 -1 0
351 166 -1 0
350 166 -1 0
349 166 -1 0
348 166 -1 0
347 166 -1 0
346 166 -1 0
345 166 -1 0
344 166 -1 0
343 166 -1 0
342 166 -1 0
341 166 -1 0
340 166 -1 0
339 166 -1 0
338 166 -1 0
355 165 -1 0
354 165 -1 0
353 165 -1 0
352 165 -1 0
351 165 -1 0
350 165 -1 0
349 165 -1 0
348 165 -1 0
347 165 -1 0
346 165 -1 0
345 165 -1 0
344 165 -1 0
343 165 -1 0
342 165 -1 0
341 165 -1 0
340 165 -1 0
216 165 -1 0
357 164 -1 0
356 164 -1 0
355 164 -1 0
354 164 -1 0
353 164 -1 0
352 164 -1 0
351 164 -1 0
350 164 -1 0
349 164 -1 0
348 164 -1 0
347 164 -1 0
346 164 -1 0
345 164 -1 0
344 164 -1 0
343 164 -1 0
342 164 -1 0
341 164 -1 0
340 164 -1 0
219 164 -1 0
218 164 -1 0
217 164 -1 0
216 164 -1 0
215 164 -1 0
214 164 -1 0
213 164 -1 0
358 163 -1 0
357 163 -1 0
356 163 -1 0
355 163 -1 0
354 163 -1 0
353 163 -1 0
352 163 -1 0
351 163 -1 0
350 163 -1 0
349 163 -1 0
348 163 -1 0
347 163 -1 0
346 163 -1 0
345 163 -1 0
344 163 -1 0
343 163 -1 0
342 163 -1 0
341 163 -1 0
220 163 -1 0
219 163 -1 0
218 163 -1 0
217 163 -1 0
216 163 -1 0
215 163 -1 0
214 163 -1 0
213 163 -1 0
212 163 -1 0
359 162 -1 0
358 162 -1 0
357 162 -1 0
356 162 -1 0
355 162 -1 0
354 162 -1 0
353 162 -1 0
352 162 -1 0
351 162 -1 0
350 162 -1 0
349 162 -1 0
348 162 -1 0
347 162 -1 0
346 162 -1 0
345 162 -1 0
344 162 -1 0
220 162 -1 0
219 162 -1 0
218 162 -1 0
217 162 -1 0
216 162 -1 0
215 162 -1 0
214 162 -1 0
213 162 -1 0
212 162 -1 0
361 161 -1 0
360 161 -1 0
359 161 -1 0
358 161 -1 0
357 161 -1 0
356 161 -1 0
355 161 -1 0
354 161 -1 0
353 161 -1 0
352 161 -1 0
351 161 -1 0
350 161 -1 0
349 161 -1 0
348 161 -1 0
347 161 -1 0
346 161 -1 0
345 161 -1 0
220 161 -1 0
219 161 -1 0
218 161 -1 0
217 161 -1 0
216 161 -1 0
215 161 -1 0
214 161 -1 0
213 161 -1 0
212 161 -1 0
362 160 -1 0
361 160 -1 0
360 160 -1 0
359 160 -1 0
358 160 -1 0
357 160 -1 0
356 160 -1 0
355 160 -1 0
354 160 -1 0
353 160 -1 0
352 160 -1 0
351 160 -1 0
350 160 -1 0
349 160 -1 0
348 160 -1 0
347 160 -1 0
346 160 -1 0
221 160 -1 0
220 160 -1 0
219 160 -1 0
218 160 -1 0
217 160 -1 0
216 160 -1 0
215 160 -1 0
214 160 -1 0
213 160 -1 0
212 160 -1 0
211 160 -1 0
363 159 -1 0
362 159 -1 0
361 159 -1 0
360 159 -1 0
359 159 -1 0
358 159 -1 0
357 159 -1 0
356 159 -1 0
355 159 -1 0
354 159 -1 0
353 159 -1 0
352 159 -1 0
351 159 -1 0
350 159 -1 0
349 159 -1 0
348 159 -1 0
221 159 -1 0
220 159 -1 0
219 159 -1 0
218 159 -1 0
217 159 -1 0
216 159 -1 0
215 159 -1 0
214 159 -1 0
213 159 -1 0
212 159 -1 0
211 159 -1 0
363 158 -1 0
362 158 -1 0
361 158 -1 0
360 158 -1 0
359 158 -1 0
358 158 -1 0
357 158 -1 0
356 158 -1 0
355 158 -1 0
354 158 -1 0
353 158 -1 0
352 158 -1 0
351 158 -1 0
350 158 -1 0
349 158 -1 0
348 158 -1 0
220 158 -1 0
219 158 -1 0
218 158 -1 0
217 158 -1 0
216 158 -1 0
215 158 -1 0
214 158 -1 0
213 158 -1 0
212 158 -1 0
364 157 -1 0
363 157 -1 0
362 157 -1 0
361 157 -1 0
360 157 -1 0
359 157 -1 0
358 157 -1 0
357 157 -1 0
356 157 -1 0
355 157 -1 0
354 157 -1 0
353 157 -1 0
352 157 -1 0
351 157 -1 0
350 157 -1 0
349 157 -1 0
221 157 -1 0
220 157 -1 0
219 157 -1 0
218 157 -1 0
217 157 -1 0
216 157 -1 0
215 157 -1 0
214 157 -1 0
213 157 -1 0
212 157 -1 0
211 157 -1 0
364 156 -1 0
363 156 -1 0
362 156 -1 0
361 156 -1 0
360 156 -1 0
359 156 -1 0
358 156 -1 0
357 156 -1 0
356 156 -1 0
355 156 -1 0
354 156 -1 0
353 156 -1 0
352 156 -1 0
351 156 -1 0
220 156 -1 0
219 156 -1 0
218 156 -1 0
217 156 -1 0
216 156 -1 0
215 156 -1 0
214 156 -1 0
213 156 -1 0
212 156 -1 0
364 155 -1 0
363 155 -1 0
362 155 -1 0
361 155 -1 0
360 155 -1 0
359 155 -1 0
358 155 -1 0
357 155 -1 0
356 155 -1 0
355 155 -1 0
354 155 -1 0
353 155 -1 0
352 155 -1 0
221 155 -1 0
220 155 -1 0
219 155 -1 0
218 155 -1 0
217 155 -1 0
216 155 -1 0
215 155 -1 0
214 155 -1 0
213 155 -1 0
212 155 -1 0
211 155 -1 0
365 154 -1 0
364 154 -1 0
363 154 -1 0
362 154 -1 0
361 154 -1 0
360 154 -1 0
359 154 -1 0
358 154 -1 0
357 154 -1 0
356 154 -1 0
355 154 -1 0
354 154 -1 0
353 154 -1 0
220 154 -1 0
219 154 -1 0
218 154 -1 0
217 154 -1 0
216 154 -1 0
215 154 -1 0
214 154 -1 0
213 154 -1 0
212 154 -1 0
365 153 -1 0
364 153 -1 0
363 153 -1 0
362 153 -1 0
361 153 -1 0
360 153 -1 0
359 153 -1 0
358 153 -1 0
357 153 -1 0
356 153 -1 0
355 153 -1 0
220 153 -1 0
219 153 -1 0
218 153 -1 0
217 153 -1 0
216 153 -1 0
215 153 -1 0
214 153 -1 0
213 153 -1 0
212 153 -1 0
365 152 -1 0
364 152 -1 0
363 152 -1 0
362 152 -1 0
361 152 -1 0
360 152 -1 0
359 152 -1 0
358 152 -1 0
357 152 -1 0
356 152 -1 0
355 152 -1 0
221 152 -1 0
220 152 -1 0
219 152 -1 0
218 152 -1 0
217 152 -1 0
216 152 -1 0
215 152 -1 0
214 152 -1 0
213 152 -1 0
212 152 -1 0
211 152 -1 0
365 151 -1 0
364 151 -1 0
363 151 -1 0
362 151 -1 0
361 151 -1 0
360 151 -1 0
359 151 -1 0
358 151 -1 0
357 151 -1 0
356 151 -1 0
355 151 -1 0
221 151 -1 0
220 151 -1 0
219 151 -1 0
218 151 -1 0
217 151 -1 0
216 151 -1 0
215 151 -1 0
214 151 -1 0
213 151 -1 0
212 151 -1 0
211 151 -1 0
364 150 -1 0
363 150 -1 0
362 150 -1 0
361 150 -1 0
360 150 -1 0
359 150 -1 0
358 150 -1 0
357 150 -1 0
356 150 -1 0
220 150 -1 0
219 150 -1 0
218 150 -1 0
217 150 -1 0
216 150 -1 0
215 150 -1 0
214 150 -1 0
213 150 -1 0
212 150 -1 0
365 149 -1 0
364 149 -1 0
363 149 -1 0
362 149 -1 0
361 149 -1 0
360 149 -1 0
359 149 -1 0
358 149 -1 0
357 149 -1 0
356 149 -1 0
355 149 -1 0
220 149 -1 0
219 149 -1 0
218 149 -1 0
217 149 -1 0
216 149 -1 0
215 149 -1 0
214 149 -1 0
213 149 -1 0
212 149 -1 0
364 148 -1 0
363 148 -1 0
362 148 -1 0
361 148 -1 0
360 148 -1 0
359 148 -1 0
358 148 -1 0
357 148 -1 0
356 148 -1 0
221 148 -1 0
220 148 -1 0
219 148 -1 0
218 148 -1 0
217 148 -1 0
216 148 -1 0
215 148 -1 0
214 148 -1 0
213 148 -1 0
212 148 -1 0
211 148 -1 0
364 147 -1 0
363 147 -1 0
362 147 -1 0
361 147 -1 0
360 147 -1 0
359 147 -1 0
358 147 -1 0
357 147 -1 0
356 147 -1 0
220 147 -1 0
219 147 -1 0
218 147 -1 0
217 147 -1 0
216 147 -1 0
215 147 -1 0
214 147 -1 0
213 147 -1 0
212 147 -1 0
364 146 -1 0
363 146 -1 0
362 146 -1 0
361 146 -1 0
360 146 -1 0
359 146 -1 0
358 146 -1 0
357 146 -1 0
356 146 -1 0
221 146 -1 0
220 146 -1 0
219 146 -1 0
218 146 -1 0
217 146 -1 0
216 146 -1 0
215 146 -1 0
214 146 -1 0
213 146 -1 0
212 146 -1 0
211 146 -1 0
363 145 -1 0
362 145 -1 0
361 145 -1 0
360 145 -1 0
359 145 -1 0
358 145 -1 0
357 145 -1 0
220 145 -1 0
219 145 -1 0
218 145 -1 0
217 145 -1 0
216 145 -1 0
215 145 -1 0
214 145 -1 0
213 145 -1 0
212 145 -1 0
360 144 -1 0
220 144 -1 0
219 144 -1 0
218 144 -1 0
217 144 -1 0
216 144 -1 0
215 144 -1 0
214 144 -1 0
213 144 -1 0
212 144 -1 0
221 143 -1 0
220 143 -1 0
219 143 -1 0
218 143 -1 0
217 143 -1 0
216 143 -1 0
215 143 -1 0
214 143 -1 0
213 143 -1 0
212 143 -1 0
211 143 -1 0
220 142 -1 0
219 142 -1 0
218 142 -1 0
217 142 -1 0
216 142 -1 0
215 142 -1 0
214 142 -1 0
213 142 -1 0
212 142 -1 0
220 141 -1 0
219 141 -1 0
218 141 -1 0
217 141 -1 0
216 141 -1 0
215 141 -1 0
214 141 -1 0
213 141 -1 0
212 141 -1 0
220 140 -1 0
219 140 -1 0
218 140 -1 0
217 140 -1 0
216 140 -1 0
215 140 -1 0
214 140 -1 0
213 140 -1 0
212 140 -1 0
220 139 -1 0
219 139 -1 0
218 139 -1 0
217 139 -1 0
216 139 -1 0
215 139 -1 0
214 139 -1 0
213 139 -1 0
212 139 -1 0
221 138 -1 0
220 138 -1 0
219 138 -1 0
218 138 -1 0
217 138 -1 0
216 138 -1 0
215 138 -1 0
214 138 -1 0
213 138 -1 0
212 138 -1 0
211 138 -1 0
220 137 -1 0
219 137 -1 0
218 137 -1 0
217 137 -1 0
216 137 -1 0
215 137 -1 0
214 137 -1 0
213 137 -1 0
212 137 -1 0
220 136 -1 0
219 136 -1 0
218 136 -1 0
217 136 -1 0
216 136 -1 0
215 136 -1 0
214 136 -1 0
213 136 -1 0
212 136 -1 0
221 135 -1 0
220 135 -1 0
219 135 -1 0
218 135 -1 0
217 135 -1 0
216 135 -1 0
215 135 -1 0
214 135 -1 0
213 135 -1 0
212 135 -1 0
222 134 -1 0
221 134 -1 0
220 134 -1 0
219 134 -1 0
218 134 -1 0
217 134 -1 0
216 134 -1 0
215 134 -1 0
214 134 -1 0
213 134 -1 0
222 133 -1 0
221 133 -1 0
220 133 -1 0
219 133 -1 0
218 133 -1 0
217 133 -1 0
216 133 -1 0
215 133 -1 0
214 133 -1 0
222 132 -1 0
221 132 -1 0
220 132 -1 0
219 132 -1 0
218 132 -1 0
217 132 -1 0
216 132 -1 0
215 132 -1 0
214 132 -1 0
223 131 -1 0
222 131 -1 0
221 131 -1 0
220 131 -1 0
219 131 -1 0
218 131 -1 0
217 131 -1 0
216 131 -1 0
215 131 -1 0
214 131 -1 0
213 131 -1 0
223 130 -1 0
222 130 -1 0
221 130 -1 0
220 130 -1 0
219 130 -1 0
218 130 -1 0
217 130 -1 0
216 130 -1 0
215 130 -1 0
214 130 -1 0
223 129 -1 0
222 129 -1 0
221 129 -1 0
220 129 -1 0
219 129 -1 0
218 129 -1 0
217 129 -1 0
216 129 -1 0
215 129 -1 0
214 129 -1 0
260 128 -1 1
259 128 -1 1
223 128 -1 0
222 128 -1 0
221 128 -1 0
220 128 -1 0
219 128 -1 0
218 128 -1 0
217 128 -1 0
216 128 -1 0
215 128 -1 0
214 128 -1 0
263 127 -1 1
262 127 -1 1
261 127 -1 1
260 127 -1 1
259 127 -1 1
258 127 -1 1
257 127 -1 1
256 127 -1 1
224 127 -1 0
223 127 -1 0
222 127 -1 0
221 127 -1 0
220 127 -1 0
219 127 -1 0
218 127 -1 0
217 127 -1 0
216 127 -1 0
215 127 -1 0
214 127 -1 0
267 126 -1 1
266 126 -1 1
264 126 -1 1
263 126 -1 1
262 126 -1 1
261 126 -1 1
260 126 -1 1
259 126 -1 1
258 126 -1 1
257 126 -1 1
256 126 -1 1
255 126 -1 1
223 126 -1 0
222 126 -1 0
221 126 -1 0
220 126 -1 0
219 126 -1 0
218 126 -1 0
217 126 -1 0
216 126 -1 0
215 126 -1 0
270 125 -1 1
269 125 -1 1
268 125 -1 1
267 125 -1 1
266 125 -1 1
265 125 -1 1
264 125 -1 1
263 125 -1 1
262 125 -1 1
261 125 -1 1
260 125 -1 1
259 125 -1 1
258 125 -1 1
257 125 -1 1
256 125 -1 1
255 125 -1 1
223 125 -1 0
222 125 -1 0
221 125 -1 0
220 125 -1 0
219 125 -1 0
218 125 -1 0
217 125 -1 0
216 125 -1 0
215 125 -1 0
271 124 -1 1
270 124 -1 1
269 124 -1 1
268 124 -1 1
267 124 -1 1
266 124 -1 1
265 124 -1 1
264 124 -1 1
263 124 -1 1
262 124 -1 1
261 124 -1 1
260 124 -1 1
259 124 -1 1
258 124 -1 1
257 124 -1 1
256 124 -1 1
255 124 -1 1
223 124 -1 0
222 124 -1 0
221 124 -1 0
220 124 -1 0
219 124 -1 0
218 124 -1 0
217 124 -1 0
216 124 -1 0
215 124 -1 0
274 123 -1 1
273 123 -1 1
272 123 -1 1
271 123 -1 1
270 123 -1 1
269 123 -1 1
268 123 -1 1
267 123 -1 1
266 123 -1 1
265 123 -1 1
264 123 -1 1
263 123 -1 1
262 123 -1 1
261 123 -1 1
260 123 -1 1
259 123 -1 1
258 123 -1 1
257 123 -1 1
256 123 -1 1
255 123 -1 1
254 123 -1 1
224 123 -1 0
223 123 -1 0
222 123 -1 0
221 123 -1 0
220 123 -1 0
219 123 -1 0
218 123 -1 0
217 123 -1 0
216 123 -1 0
215 123 -1 0
214 123 -1 0
275 122 -1 1
274 122 -1 1
273 122 -1 1
272 122 -1 1
271 122 -1 1
270 122 -1 1
269 122 -1 1
268 122 -1 1
267 122 -1 1
266 122 -1 1
265 122 -1 1
264 122 -1 1
263 122 -1 1
262 122 -1 1
261 122 -1 1
260 122 -1 1
259 122 -1 1
258 122 -1 1
257 122 -1 1
256 122 -1 1
255 122 -1 1
224 122 -1 0
223 122 -1 0
222 122 -1 0
221 122 -1 0
220 122 -1 0
219 122 -1 0
218 122 -1 0
217 122 -1 0
216 122 -1 0
215 122 -1 0
276 121 -1 1
275 121 -1 1
274 121 -1 1
273 121 -1 1
272 121 -1 1
271 121 -1 1
270 121 -1 1
269 121 -1 1
268 121 -1 1
267 121 -1 1
266 121 -1 1
265 121 -1 1
264 121 -1 1
263 121 -1 1
262 121 -1 1
261 121 -1 1
260 121 -1 1
259 121 -1 1
258 121 -1 1
257 121 -1 1
256 121 -1 1
255 121 -1 1
225 121 -1 0
224 121 -1 0
223 121 -1 0
222 121 -1 0
221 121 -1 0
220 121 -1 0
219 121 -1 0
218 121 -1 0
217 121 -1 0
216 121 -1 0
215 121 -1 0
278 120 -1 1
276 120 -1 1
275 120 -1 1
274 120 -1 1
273 120 -1 1
272 120 -1 1
271 120 -1 1
270 120 -1 1
269 120 -1 1
268 120 -1 1
267 120 -1 1
266 120 -1 1
265 120 -1 1
264 120 -1 1
263 120 -1 1
262 120 -1 1
261 120 -1 1
260 120 -1 1
259 120 -1 1
258 120 -1 1
257 120 -1 1
256 120 -1 1
255 120 -1 1
225 120 -1 0
224 120 -1 0
223 120 -1 0
222 120 -1 0
221 120 -1 0
220 120 -1 0
219 120 -1 0
218 120 -1 0
217 120 -1 0
216 120 -1 0
215 120 -1 0
281 119 -1 1
280 119 -1 1
279 119 -1 1
278 119 -1 1
277 119 -1 1
276 119 -1 1
275 119 -1 1
274 119 -1 1
273 119 -1 1
272 119 -1 1
271 119 -1 1
270 119 -1 1
269 119 -1 1
268 119 -1 1
267 119 -1 1
266 119 -1 1
265 119 -1 1
264 119 -1 1
263 119 -1 1
262 119 -1 1
261 119 -1 1
260 119 -1 1
259 119 -1 1
258 119 -1 1
257 119 -1 1
256 119 -1 1
225 119 -1 0
224 119 -1 0
223 119 -1 0
222 119 -1 0
221 119 -1 0
220 119 -1 0
219 119 -1 0
218 119 -1 0
217 119 -1 0
216 119 -1 0
283 118 -1 1
282 118 -1 1
281 118 -1 1
280 118 -1 1
279 118 -1 1
278 118 -1 1
277 118 -1 1
276 118 -1 1
275 118 -1 1
274 118 -1 1
273 118 -1 1
272 118 -1 1
271 118 -1 1
270 118 -1 1
269 118 -1 1
268 118 -1 1
267 118 -1 1
266 118 -1 1
265 118 -1 1
264 118 -1 1
263 118 -1 1
262 118 -1 1
261 118 -1 1
260 118 -1 1
259 118 -1 1
258 118 -1 1
257 118 -1 1
226 118 -1 0
225 118 -1 0
224 118 -1 0
223 118 -1 0
222 118 -1 0
221 118 -1 0
220 118 -1 0
219 118 -1 0
218 118 -1 0
217 118 -1 0
216 118 -1 0
285 117 -1 1
284 117 -1 1
283 117 -1 1
282 117 -1 1
281 117 -1 1
280 117 -1 1
279 117 -1 1
278 117 -1 1
277 117 -1 1
276 117 -1 1
275 117 -1 1
274 117 -1 1
273 117 -1 1
272 117 -1 1
271 117 -1 1
270 117 -1 1
269 117 -1 1
268 117 -1 1
267 117 -1 1
266 117 -1 1
265 117 -1 1
264 117 -1 1
263 117 -1 1
262 117 -1 1
261 117 -1 1
260 117 -1 1
225 117 -1 0
224 117 -1 0
223 117 -1 0
222 117 -1 0
221 117 -1 0
220 117 -1 0
219 117 -1 0
218 117 -1 0
217 117 -1 0
288 116 -1 1
287 116 -1 1
286 116 -1 1
285 116 -1 1
284 116 -1 1
283 116 -1 1
282 116 -1 1
281 116 -1 1
280 116 -1 1
279 116 -1 1
278 116 -1 1
277 116 -1 1
276 116 -1 1
275 116 -1 1
274 116 -1 1
273 116 -1 1
272 116 -1 1
271 116 -1 1
270 116 -1 1
269 116 -1 1
268 116 -1 1
267 116 -1 1
266 116 -1 1
265 116 -1 1
264 116 -1 1
225 116 -1 0
224 116 -1 0
223 116 -1 0
222 116 -1 0
221 116 -1 0
220 116 -1 0
219 116 -1 0
218 116 -1 0
217 116 -1 0
291 115 -1 1
290 115 -1 1
289 115 -1 1
288 115 -1 1
287 115 -1 1
286 115 -1 1
285 115 -1 1
284 115 -1 1
283 115 -1 1
282 115 -1 1
281 115 -1 1
280 115 -1 1
279 115 -1 1
278 115 -1 1
277 115 -1 1
276 115 -1 1
275 115 -1 1
274 115 -1 1
273 115 -1 1
272 115 -1 1
271 115 -1 1
270 115 -1 1
269 115 -1 1
268 115 -1 1
226 115 -1 0
225 115 -1 0
224 115 -1 0
223 115 -1 0
222 115 -1 0
221 115 -1 0
220 115 -1 0
219 115 -1 0
218 115 -1 0
217 115 -1 0
216 115 -1 0
293 114 -1 1
292 114 -1 1
291 114 -1 1
290 114 -1 1
289 114 -1 1
288 114 -1 1
287 114 -1 1
286 114 -1 1
285 114 -1 1
284 114 -1 1
283 114 -1 1
282 114 -1 1
281 114 -1 1
280 114 -1 1
279 114 -1 1
278 114 -1 1
277 114 -1 1
276 114 -1 1
275 114 -1 1
274 114 -1 1
273 114 -1 1
272 114 -1 1
271 114 -1 1
270 114 -1 1
269 114 -1 1
226 114 -1 0
225 114 -1 0
224 114 -1 0
223 114 -1 0
222 114 -1 0
221 114 -1 0
220 114 -1 0
219 114 -1 0
218 114 -1 0
217 114 -1 0
297 113 -1 1
296 113 -1 1
295 113 -1 1
294 113 -1 1
293 113 -1 1
292 113 -1 1
291 113 -1 1
290 113 -1 1
289 113 -1 1
288 113 -1 1
287 113 -1 1
286 113 -1 1
285 113 -1 1
284 113 -1 1
283 113 -1 1
282 113 -1 1
281 113 -1 1
280 113 -1 1
279 113 -1 1
278 113 -1 1
277 113 -1 1
276 113 -1 1
275 113 -1 1
274 113 -1 1
272 113 -1 1
226 113 -1 0
225 113 -1 0
224 113 -1 0
223 113 -1 0
222 113 -1 0
221 113 -1 0
220 113 -1 0
219 113 -1 0
218 113 -1 0
217 113 -1 0
300 112 -1 1
299 112 -1 1
298 112 -1 1
297 112 -1 1
296 112 -1 1
295 112 -1 1
294 112 -1 1
293 112 -1 1
292 112 -1 1
291 112 -1 1
290 112 -1 1
289 112 -1 1
288 112 -1 1
287 112 -1 1
286 112 -1 1
285 112 -1 1
284 112 -1 1
283 112 -1 1
282 112 -1 1
281 112 -1 1
280 112 -1 1
279 112 -1 1
278 112 -1 1
277 112 -1 1
276 112 -1 1
275 112 -1 1
274 112 -1 1
226 112 -1 0
225 112 -1 0
224 112 -1 0
223 112 -1 0
222 112 -1 0
221 112 -1 0
220 112 -1 0
219 112 -1 0
218 112 -1 0
217 112 -1 0
308 111 -1 1
307 111 -1 1
305 111 -1 1
303 111 -1 1
302 111 -1 1
301 111 -1 1
300 111 -1 1
299 111 -1 1
298 111 -1 1
297 111 -1 1
296 111 -1 1
295 111 -1 1
294 111 -1 1
293 111 -1 1
292 111 -1 1
291 111 -1 1
290 111 -1 1
289 111 -1 1
288 111 -1 1
287 111 -1 1
286 111 -1 1
285 111 -1 1
284 111 -1 1
283 111 -1 1
282 111 -1 1
281 111 -1 1
280 111 -1 1
279 111 -1 1
278 111 -1 1
277 111 -1 1
276 111 -1 1
275 111 -1 1
227 111 -1 0
226 111 -1 0
225 111 -1 0
224 111 -1 0
223 111 -1 0
222 111 -1 0
221 111 -1 0
220 111 -1 0
219 111 -1 0
218 111 -1 0
217 111 -1 0
322 110 -1 1
321 110 -1 1
319 110 -1 1
318 110 -1 1
315 110 -1 1
313 110 -1 1
311 110 -1 1
310 110 -1 1
309 110 -1 1
308 110 -1 1
307 110 -1 1
306 110 -1 1
305 110 -1 1
304 110 -1 1
303 110 -1 1
302 110 -1 1
301 110 -1 1
300 110 -1 1
299 110 -1 1
298 110 -1 1
297 110 -1 1
296 110 -1 1
295 110 -1 1
294 110 -1 1
293 110 -1 1
292 110 -1 1
291 110 -1 1
290 110 -1 1
289 110 -1 1
288 110 -1 1
287 110 -1 1
286 110 -1 1
285 110 -1 1
284 110 -1 1
283 110 -1 1
282 110 -1 1
281 110 -1 1
280 110 -1 1
279 110 -1 1
278 110 -1 1
277 110 -1 1
226 110 -1 0
225 110 -1 0
224 110 -1 0
223 110 -1 0
222 110 -1 0
221 110 -1 0
220 110 -1 0
219 110 -1 0
218 110 -1 0
325 109 -1 1
324 109 -1 1
323 109 -1 1
322 109 -1 1
321 109 -1 1
320 109 -1 1
319 109 -1 1
318 109 -1 1
317 109 -1 1
316 109 -1 1
315 109 -1 1
314 109 -1 1
313 109 -1 1
312 109 -1 1
311 109 -1 1
310 109 -1 1
309 109 -1 1
308 109 -1 1
307 109 -1 1
306 109 -1 1
305 109 -1 1
304 109 -1 1
303 109 -1 1
302 109 -1 1
301 109 -1 1
300 109 -1 1
299 109 -1 1
298 109 -1 1
297 109 -1 1
296 109 -1 1
295 109 -1 1
294 109 -1 1
293 109 -1 1
292 109 -1 1
291 109 -1 1
290 109 -1 1
289 109 -1 1
288 109 -1 1
287 109 -1 1
286 109 -1 1
285 109 -1 1
284 109 -1 1
283 109 -1 1
282 109 -1 1
281 109 -1 1
280 109 -1 1
279 109 -1 1
227 109 -1 0
226 109 -1 0
225 109 -1 0
224 109 -1 0
223 109 -1 0
222 109 -1 0
221 109 -1 0
220 109 -1 0
219 109 -1 0
218 109 -1 0
326 108 -1 1
325 108 -1 1
324 108 -1 1
323 108 -1 1
322 108 -1 1
321 108 -1 1
320 108 -1 1
319 108 -1 1
318 108 -1 1
317 108 -1 1
316 108 -1 1
315 108 -1 1
314 108 -1 1
313 108 -1 1
312 108 -1 1
311 108 -1 1
310 108 -1 1
309 108 -1 1
308 108 -1 1
307 108 -1 1
306 108 -1 1
305 108 -1 1
304 108 -1 1
303 108 -1 1
302 108 -1 1
301 108 -1 1
300 108 -1 1
299 108 -1 1
298 108 -1 1
297 108 -1 1
296 108 -1 1
295 108 -1 1
294 108 -1 1
293 108 -1 1
292 108 -1 1
291 108 -1 1
290 108 -1 1
289 108 -1 1
288 108 -1 1
287 108 -1 1
286 108 -1 1
285 108 -1 1
284 108 -1 1
283 108 -1 1
282 108 -1 1
227 108 -1 0
226 108 -1 0
225 108 -1 0
224 108 -1 0
223 108 -1 0
222 108 -1 0
221 108 -1 0
220 108 -1 0
219 108 -1 0
218 108 -1 0
326 107 -1 1
325 107 -1 1
324 107 -1 1
323 107 -1 1
322 107 -1 1
321 107 -1 1
320 107 -1 1
319 107 -1 1
318 107 -1 1
317 107 -1 1
316 107 -1 1
315 107 -1 1
314 107 -1 1
313 107 -1 1
312 107 -1 1
311 107 -1 1
310 107 -1 1
309 107 -1 1
308 107 -1 1
307 107 -1 1
306 107 -1 1
305 107 -1 1
304 107 -1 1
303 107 -1 1
302 107 -1 1
301 107 -1 1
300 107 -1 1
299 107 -1 1
298 107 -1 1
297 107 -1 1
296 107 -1 1
295 107 -1 1
294 107 -1 1
293 107 -1 1
292 107 -1 1
291 107 -1 1
290 107 -1 1
289 107 -1 1
288 107 -1 1
287 107 -1 1
286 107 -1 1
285 107 -1 1
284 107 -1 1
227 107 -1 0
226 107 -1 0
225 107 -1 0
224 107 -1 0
223 107 -1 0
222 107 -1 0
221 107 -1 0
220 107 -1 0
219 107 -1 0
326 106 -1 1
325 106 -1 1
324 106 -1 1
323 106 -1 1
322 106 -1 1
321 106 -1 1
320 106 -1 1
319 106 -1 1
318 106 -1 1
317 106 -1 1
316 106 -1 1
315 106 -1 1
314 106 -1 1
313 106 -1 1
312 106 -1 1
311 106 -1 1
310 106 -1 1
309 106 -1 1
308 106 -1 1
307 106 -1 1
306 106 -1 1
305 106 -1 1
304 106 -1 1
303 106 -1 1
302 106 -1 1
301 106 -1 1
300 106 -1 1
299 106 -1 1
298 106 -1 1
297 106 -1 1
296 106 -1 1
295 106 -1 1
294 106 -1 1
293 106 -1 1
292 106 -1 1
291 106 -1 1
290 106 -1 1
289 106 -1 1
288 106 -1 1
287 106 -1 1
286 106 -1 1
285 106 -1 1
228 106 -1 0
227 106 -1 0
226 106 -1 0
225 106 -1 0
224 106 -1 0
223 106 -1 0
222 106 -1 0
221 106 -1 0
220 106 -1 0
219 106 -1 0
218 106 -1 0
327 105 -1 1
326 105 -1 1
325 105 -1 1
324 105 -1 1
323 105 -1 1
322 105 -1 1
321 105 -1 1
320 105 -1 1
319 105 -1 1
318 105 -1 1
317 105 -1 1
316 105 -1 1
315 105 -1 1
314 105 -1 1
313 105 -1 1
312 105 -1 1
311 105 -1 1
310 105 -1 1
309 105 -1 1
308 105 -1 1
307 105 -1 1
306 105 -1 1
305 105 -1 1
304 105 -1 1
303 105 -1 1
302 105 -1 1
301 105 -1 1
300 105 -1 1
299 105 -1 1
298 105 -1 1
297 105 -1 1
296 105 -1 1
295 105 -1 1
294 105 -1 1
293 105 -1 1
292 105 -1 1
291 105 -1 1
290 105 -1 1
289 105 -1 1
288 105 -1 1
227 105 -1 0
226 105 -1 0
225 105 -1 0
224 105 -1 0
223 105 -1 0
222 105 -1 0
221 105 -1 0
220 105 -1 0
219 105 -1 0
326 104 -1 1
325 104 -1 1
324 104 -1 1
323 104 -1 1
322 104 -1 1
321 104 -1 1
320 104 -1 1
319 104 -1 1
318 104 -1 1
317 104 -1 1
316 104 -1 1
315 104 -1 1
314 104 -1 1
313 104 -1 1
312 104 -1 1
311 104 -1 1
310 104 -1 1
309 104 -1 1
308 104 -1 1
307 104 -1 1
306 104 -1 1
305 104 -1 1
304 104 -1 1
303 104 -1 1
302 104 -1 1
301 104 -1 1
300 104 -1 1
299 104 -1 1
298 104 -1 1
297 104 -1 1
296 104 -1 1
295 104 -1 1
294 104 -1 1
293 104 -1 1
292 104 -1 1
291 104 -1 1
227 104 -1 0
226 104 -1 0
225 104 -1 0
224 104 -1 0
223 104 -1 0
222 104 -1 0
221 104 -1 0
220 104 -1 0
219 104 -1 0
326 103 -1 1
325 103 -1 1
324 103 -1 1
323 103 -1 1
322 103 -1 1
321 103 -1 1
320 103 -1 1
319 103 -1 1
318 103 -1 1
317 103 -1 1
316 103 -1 1
315 103 -1 1
314 103 -1 1
313 103 -1 1
312 103 -1 1
311 103 -1 1
310 103 -1 1
309 103 -1 1
308 103 -1 1
307 103 -1 1
306 103 -1 1
305 103 -1 1
304 103 -1 1
303 103 -1 1
302 103 -1 1
301 103 -1 1
300 103 -1 1
299 103 -1 1
298 103 -1 1
297 103 -1 1
296 103 -1 1
295 103 -1 1
294 103 -1 1
228 103 -1 0
227 103 -1 0
226 103 -1 0
225 103 -1 0
224 103 -1 0
223 103 -1 0
222 103 -1 0
221 103 -1 0
220 103 -1 0
219 103 -1 0
218 103 -1 0
326 102 -1 1
325 102 -1 1
324 102 -1 1
323 102 -1 1
322 102 -1 1
321 102 -1 1
320 102 -1 1
319 102 -1 1
318 102 -1 1
317 102 -1 1
316 102 -1 1
315 102 -1 1
314 102 -1 1
313 102 -1 1
312 102 -1 1
311 102 -1 1
310 102 -1 1
309 102 -1 1
308 102 -1 1
307 102 -1 1
306 102 -1 1
305 102 -1 1
304 102 -1 1
303 102 -1 1
302 102 -1 1
301 102 -1 1
300 102 -1 1
299 102 -1 1
298 102 -1 1
297 102 -1 1
296 102 -1 1
295 102 -1 1
227 102 -1 0
226 102 -1 0
225 102 -1 0
224 102 -1 0
223 102 -1 0
222 102 -1 0
221 102 -1 0
220 102 -1 0
219 102 -1 0
325 101 -1 1
324 101 -1 1
323 101 -1 1
322 101 -1 1
321 101 -1 1
320 101 -1 1
319 101 -1 1
318 101 -1 1
317 101 -1 1
316 101 -1 1
315 101 -1 1
314 101 -1 1
313 101 -1 1
312 101 -1 1
311 101 -1 1
310 101 -1 1
309 101 -1 1
308 101 -1 1
307 101 -1 1
305 101 -1 1
303 101 -1 1
302 101 -1 1
301 101 -1 1
299 101 -1 1
298 101 -1 1
227 101 -1 0
226 101 -1 0
225 101 -1 0
224 101 -1 0
223 101 -1 0
222 101 -1 0
221 101 -1 0
220 101 -1 0
219 101 -1 0
322 100 -1 1
321 100 -1 1
319 100 -1 1
318 100 -1 1
315 100 -1 1
313 100 -1 1
310 100 -1 1
227 100 -1 0
226 100 -1 0
225 100 -1 0
224 100 -1 0
223 100 -1 0
222 100 -1 0
221 100 -1 0
220 100 -1 0
219 100 -1 0
228 99 -1 0
227 99 -1 0
226 99 -1 0
225 99 -1 0
224 99 -1 0
223 99 -1 0
222 99 -1 0
221 99 -1 0
220 99 -1 0
219 99 -1 0
218 99 -1 0
227 98 -1 0
226 98 -1 0
225 98 -1 0
224 98 -1 0
223 98 -1 0
222 98 -1 0
221 98 -1 0
220 98 -1 0
219 98 -1 0
227 97 -1 0
226 97 -1 0
225 97 -1 0
224 97 -1 0
223 97 -1 0
222 97 -1 0
221 97 -1 0
220 97 -1 0
219 97 -1 0
227 96 -1 0
226 96 -1 0
225 96 -1 0
224 96 -1 0
223 96 -1 0
222 96 -1 0
221 96 -1 0
220 96 -1 0
219 96 -1 0
227 95 -1 0
226 95 -1 0
225 95 -1 0
224 95 -1 0
223 95 -1 0
222 95 -1 0
221 95 -1 0
220 95 -1 0
219 95 -1 0
227 94 -1 0
226 94 -1 0
225 94 -1 0
224 94 -1 0
223 94 -1 0
222 94 -1 0
221 94 -1 0
220 94 -1 0
219 94 -1 0
227 93 -1 0
226 93 -1 0
225 93 -1 0
224 93 -1 0
223 93 -1 0
222 93 -1 0
221 93 -1 0
220 93 -1 0
219 93 -1 0
228 92 -1 0
227 92 -1 0
226 92 -1 0
225 92 -1 0
224 92 -1 0
223 92 -1 0
222 92 -1 0
221 92 -1 0
220 92 -1 0
219 92 -1 0
218 92 -1 0
227 91 -1 0
226 91 -1 0
225 91 -1 0
224 91 -1 0
223 91 -1 0
222 91 -1 0
221 91 -1 0
220 91 -1 0
219 91 -1 0
228 90 -1 0
227 90 -1 0
226 90 -1 0
225 90 -1 0
224 90 -1 0
223 90 -1 0
222 90 -1 0
221 90 -1 0
220 90 -1 0
219 90 -1 0
228 89 -1 0
227 89 -1 0
226 89 -1 0
225 89 -1 0
224 89 -1 0
223 89 -1 0
222 89 -1 0
221 89 -1 0
220 89 -1 0
219 89 -1 0
228 88 -1 0
227 88 -1 0
226 88 -1 0
225 88 -1 0
224 88 -1 0
223 88 -1 0
222 88 -1 0
221 88 -1 0
220 88 -1 0
229 87 -1 0
228 87 -1 0
227 87 -1 0
226 87 -1 0
225 87 -1 0
224 87 -1 0
223 87 -1 0
222 87 -1 0
221 87 -1 0
220 87 -1 0
219 87 -1 0
228 86 -1 0
227 86 -1 0
226 86 -1 0
225 86 -1 0
224 86 -1 0
223 86 -1 0
222 86 -1 0
221 86 -1 0
220 86 -1 0
229 85 -1 0
228 85 -1 0
227 85 -1 0
226 85 -1 0
225 85 -1 0
224 85 -1 0
223 85 -1 0
222 85 -1 0
221 85 -1 0
220 85 -1 0
230 84 -1 0
229 84 -1 0
228 84 -1 0
227 84 -1 0
226 84 -1 0
225 84 -1 0
224 84 -1 0
223 84 -1 0
222 84 -1 0
221 84 -1 0
220 84 -1 0
230 83 -1 0
229 83 -1 0
228 83 -1 0
227 83 -1 0
226 83 -1 0
225 83 -1 0
224 83 -1 0
223 83 -1 0
222 83 -1 0
221 83 -1 0
230 82 -1 0
229 82 -1 0
228 82 -1 0
227 82 -1 0
226 82 -1 0
225 82 -1 0
224 82 -1 0
223 82 -1 0
222 82 -1 0
231 81 -1 0
230 81 -1 0
229 81 -1 0
228 81 -1 0
227 81 -1 0
226 81 -1 0
225 81 -1 0
224 81 -1 0
223 81 -1 0
222 81 -1 0
221 81 -1 0
230 80 -1 0
229 80 -1 0
228 80 -1 0
227 80 -1 0
226 80 -1 0
225 80 -1 0
224 80 -1 0
223 80 -1 0
222 80 -1 0
230 79 -1 0
229 79 -1 0
228 79 -1 0
227 79 -1 0
226 79 -1 0
225 79 -1 0
224 79 -1 0
223 79 -1 0
222 79 -1 0
230 78 -1 0
229 78 -1 0
228 78 -1 0
227 78 -1 0
226 78 -1 0
225 78 -1 0
224 78 -1 0
223 78 -1 0
222 78 -1 0
231 77 -1 0
230 77 -1 0
229 77 -1 0
228 77 -1 0
227 77 -1 0
226 77 -1 0
225 77 -1 0
224 77 -1 0
223 77 -1 0
231 76 -1 0
230 76 -1 0
229 76 -1 0
228 76 -1 0
227 76 -1 0
226 76 -1 0
225 76 -1 0
224 76 -1 0
223 76 -1 0
231 75 -1 0
230 75 -1 0
229 75 -1 0
228 75 -1 0
227 75 -1 0
226 75 -1 0
225 75 -1 0
224 75 -1 0
223 75 -1 0
232 74 -1 0
231 74 -1 0
230 74 -1 0
229 74 -1 0
228 74 -1 0
227 74 -1 0
226 74 -1 0
225 74 -1 0
224 74 -1 0
223 74 -1 0
222 74 -1 0
231 73 -1 0
230 73 -1 0
229 73 -1 0
228 73 -1 0
227 73 -1 0
226 73 -1 0
225 73 -1 0
224 73 -1 0
223 73 -1 0
232 72 -1 0
231 72 -1 0
230 72 -1 0
229 72 -1 0
228 72 -1 0
227 72 -1 0
226 72 -1 0
225 72 -1 0
224 72 -1 0
223 72 -1 0
232 71 -1 0
231 71 -1 0
230 71 -1 0
229 71 -1 0
228 71 -1 0
227 71 -1 0
226 71 -1 0
225 71 -1 0
224 71 -1 0
223 71 -1 0
232 70 -1 0
231 70 -1 0
230 70 -1 0
229 70 -1 0
228 70 -1 0
227 70 -1 0
226 70 -1 0
225 70 -1 0
224 70 -1 0
233 69 -1 0
232 69 -1 0
231 69 -1 0
230 69 -1 0
229 69 -1 0
228 69 -1 0
227 69 -1 0
226 69 -1 0
225 69 -1 0
224 69 -1 0
223 69 -1 0
234 68 -1 0
233 68 -1 0
232 68 -1 0
231 68 -1 0
230 68 -1 0
229 68 -1 0
228 68 -1 0
227 68 -1 0
226 68 -1 0
225 68 -1 0
224 68 -1 0
235 67 -1 0
234 67 -1 0
233 67 -1 0
232 67 -1 0
231 67 -1 0
230 67 -1 0
229 67 -1 0
228 67 -1 0
227 67 -1 0
226 67 -1 0
225 67 -1 0
224 67 -1 0
235 66 -1 0
234 66 -1 0
233 66 -1 0
232 66 -1 0
231 66 -1 0
230 66 -1 0
229 66 -1 0
228 66 -1 0
227 66 -1 0
226 66 -1 0
225 66 -1 0
224 66 -1 0
235 65 -1 0
234 65 -1 0
233 65 -1 0
232 65 -1 0
231 65 -1 0
230 65 -1 0
229 65 -1 0
228 65 -1 0
227 65 -1 0
226 65 -1 0
225 65 -1 0
236 64 -1 0
235 64 -1 0
234 64 -1 0
233 64 -1 0
232 64 -1 0
231 64 -1 0
230 64 -1 0
229 64 -1 0
228 64 -1 0
227 64 -1 0
226 64 -1 0
235 63 -1 0
234 63 -1 0
233 63 -1 0
232 63 -1 0
231 63 -1 0
230 63 -1 0
229 63 -1 0
228 63 -1 0
227 63 -1 0
235 62 -1 0
234 62 -1 0
233 62 -1 0
232 62 -1 0
231 62 -1 0
230 62 -1 0
229 62 -1 0
228 62 -1 0
227 62 -1 0
235 61 -1 0
234 61 -1 0
233 61 -1 0
232 61 -1 0
231 61 -1 0
230 61 -1 0
229 61 -1 0
228 61 -1 0
227 61 -1 0
235 60 -1 0
234 60 -1 0
233 60 -1 0
232 60 -1 0
231 60 -1 0
230 60 -1 0
229 60 -1 0
228 60 -1 0
227 60 -1 0
236 59 -1 0
235 59 -1 0
234 59 -1 0
233 59 -1 0
232 59 -1 0
231 59 -1 0
230 59 -1 0
229 59 -1 0
228 59 -1 0
227 59 -1 0
226 59 -1 0
235 58 -1 0
234 58 -1 0
233 58 -1 0
232 58 -1 0
231 58 -1 0
230 58 -1 0
229 58 -1 0
228 58 -1 0
227 58 -1 0
235 57 -1 0
234 57 -1 0
233 57 -1 0
232 57 -1 0
231 57 -1 0
230 57 -1 0
229 57 -1 0
228 57 -1 0
227 57 -1 0
235 56 -1 0
234 56 -1 0
233 56 -1 0
232 56 -1 0
231 56 -1 0
230 56 -1 0
229 56 -1 0
228 56 -1 0
227 56 -1 0
234 55 -1 0
233 55 -1 0
232 55 -1 0
231 55 -1 0
230 55 -1 0
229 55 -1 0
228 55 -1 0
231 54 -1 0
