2855 408 341
174 242 -1 0
177 241 -1 0
176 241 -1 0
175 241 -1 0
174 241 -1 0
173 241 -1 0
172 241 -1 0
171 241 -1 0
178 240 -1 0
177 240 -1 0
176 240 -1 0
175 240 -1 0
174 240 -1 0
173 240 -1 0
172 240 -1 0
171 240 -1 0
170 240 -1 0
178 239 -1 0
177 239 -1 0
176 239 -1 0
175 239 -1 0
174 239 -1 0
173 239 -1 0
172 239 -1 0
171 239 -1 0
170 239 -1 0
178 238 -1 0
177 238 -1 0
176 238 -1 0
175 238 -1 0
174 238 -1 0
173 238 -1 0
172 238 -1 0
171 238 -1 0
170 238 -1 0
179 237 -1 0
178 237 -1 0
177 237 -1 0
176 237 -1 0
175 237 -1 0
174 237 -1 0
173 237 -1 0
172 237 -1 0
171 237 -1 0
170 237 -1 0
169 237 -1 0
178 236 -1 0
177 236 -1 0
176 236 -1 0
175 236 -1 0
174 236 -1 0
173 236 -1 0
172 236 -1 0
171 236 -1 0
170 236 -1 0
169 236 -1 0
178 235 -1 0
177 235 -1 0
176 235 -1 0
175 235 -1 0
174 235 -1 0
173 235 -1 0
172 235 -1 0
171 235 -1 0
170 235 -1 0
169 235 -1 0
168 235 -1 0
178 234 -1 0
177 234 -1 0
176 234 -1 0
175 234 -1 0
174 234 -1 0
173 234 -1 0
172 234 -1 0
171 234 -1 0
170 234 -1 0
169 234 -1 0
168 234 -1 0
178 233 -1 0
177 233 -1 0
176 233 -1 0
175 233 -1 0
174 233 -1 0
173 233 -1 0
172 233 -1 0
171 233 -1 0
170 233 -1 0
169 233 -1 0
168 233 -1 0
167 233 -1 0
177 232 -1 0
176 232 -1 0
175 232 -1 0
174 232 -1 0
173 232 -1 0
172 232 -1 0
171 232 -1 0
170 232 -1 0
169 232 -1 0
168 232 -1 0
167 232 -1 0
177 231 -1 0
176 231 -1 0
175 231 -1 0
174 231 -1 0
173 231 -1 0
172 231 -1 0
171 231 -1 0
170 231 -1 0
169 231 -1 0
168 231 -1 0
167 231 -1 0
177 230 -1 0
176 230 -1 0
175 230 -1 0
174 230 -1 0
173 230 -1 0
172 230 -1 0
171 230 -1 0
170 230 -1 0
169 230 -1 0
168 230 -1 0
167 230 -1 0
166 230 -1 0
176 229 -1 0
175 229 -1 0
174 229 -1 0
173 229 -1 0
172 229 -1 0
171 229 -1 0
170 229 -1 0
169 229 -1 0
168 229 -1 0
167 229 -1 0
166 229 -1 0
175 228 -1 0
174 228 -1 0
173 228 -1 0
172 228 -1 0
171 228 -1 0
170 228 -1 0
169 228 -1 0
168 228 -1 0
167 228 -1 0
166 228 -1 0
165 228 -1 0
175 227 -1 0
174 227 -1 0
173 227 -1 0
172 227 -1 0
171 227 -1 0
170 227 -1 0
169 227 -1 0
168 227 -1 0
167 227 -1 0
166 227 -1 0
165 227 -1 0
174 226 -1 0
173 226 -1 0
172 226 -1 0
171 226 -1 0
170 226 -1 0
169 226 -1 0
168 226 -1 0
167 226 -1 0
166 226 -1 0
165 226 -1 0
174 225 -1 0
173 225 -1 0
172 225 -1 0
171 225 -1 0
170 225 -1 0
169 225 -1 0
168 225 -1 0
167 225 -1 0
166 225 -1 0
165 225 -1 0
164 225 -1 0
174 224 -1 0
173 224 -1 0
172 224 -1 0
171 224 -1 0
170 224 -1 0
169 224 -1 0
168 224 -1 0
167 224 -1 0
166 224 -1 0
165 224 -1 0
164 224 -1 0
173 223 -1 0
172 223 -1 0
171 223 -1 0
170 223 -1 0
169 223 -1 0
168 223 -1 0
167 223 -1 0
166 223 -1 0
165 223 -1 0
164 223 -1 0
173 222 -1 0
172 222 -1 0
171 222 -1 0
170 222 -1 0
169 222 -1 0
168 222 -1 0
167 222 -1 0
166 222 -1 0
165 222 -1 0
164 222 -1 0
173 221 -1 0
172 221 -1 0
171 221 -1 0
170 221 -1 0
169 221 -1 0
168 221 -1 0
167 221 -1 0
166 221 -1 0
165 221 -1 0
164 221 -1 0
163 221 -1 0
174 220 -1 0
173 220 -1 0
172 220 -1 0
171 220 -1 0
170 220 -1 0
169 220 -1 0
168 220 -1 0
167 220 -1 0
166 220 -1 0
165 220 -1 0
164 220 -1 0
163 220 -1 0
174 219 -1 0
173 219 -1 0
172 219 -1 0
171 219 -1 0
170 219 -1 0
169 219 -1 0
168 219 -1 0
167 219 -1 0
166 219 -1 0
165 219 -1 0
164 219 -1 0
174 218 -1 0
173 218 -1 0
172 218 -1 0
171 218 -1 0
170 218 -1 0
169 218 -1 0
168 218 -1 0
167 218 -1 0
166 218 -1 0
165 218 -1 0
164 218 -1 0
175 217 -1 0
174 217 -1 0
173 217 -1 0
172 217 -1 0
171 217 -1 0
170 217 -1 0
169 217 -1 0
168 217 -1 0
167 217 -1 0
166 217 -1 0
165 217 -1 0
164 217 -1 0
175 216 -1 0
174 216 -1 0
173 216 -1 0
172 216 -1 0
171 216 -1 0
170 216 -1 0
169 216 -1 0
168 216 -1 0
167 216 -1 0
166 216 -1 0
165 216 -1 0
175 215 -1 0
174 215 -1 0
173 215 -1 0
172 215 -1 0
171 215 -1 0
170 215 -1 0
169 215 -1 0
168 215 -1 0
167 215 -1 0
166 215 -1 0
165 215 -1 0
176 214 -1 0
175 214 -1 0
174 214 -1 0
173 214 -1 0
172 214 -1 0
171 214 -1 0
170 214 -1 0
169 214 -1 0
168 214 -1 0
167 214 -1 0
166 214 -1 0
165 214 -1 0
176 213 -1 0
175 213 -1 0
174 213 -1 0
173 213 -1 0
172 213 -1 0
171 213 -1 0
170 213 -1 0
169 213 -1 0
168 213 -1 0
167 213 -1 0
166 213 -1 0
176 212 -1 0
175 212 -1 0
174 212 -1 0
173 212 -1 0
172 212 -1 0
171 212 -1 0
170 212 -1 0
169 212 -1 0
168 212 -1 0
167 212 -1 0
166 212 -1 0
253 211 -1 1
177 211 -1 0
176 211 -1 0
175 211 -1 0
174 211 -1 0
173 211 -1 0
172 211 -1 0
171 211 -1 0
170 211 -1 0
169 211 -1 0
168 211 -1 0
167 211 -1 0
166 211 -1 0
256 210 -1 1
255 210 -1 1
254 210 -1 1
253 210 -1 1
252 210 -1 1
251 210 -1 1
250 210 -1 1
177 210 -1 0
176 210 -1 0
175 210 -1 0
174 210 -1 0
173 210 -1 0
172 210 -1 0
171 210 -1 0
170 210 -1 0
169 210 -1 0
168 210 -1 0
167 210 -1 0
166 210 -1 0
165 210 -1 0
257 209 -1 1
256 209 -1 1
255 209 -1 1
254 209 -1 1
253 209 -1 1
252 209 -1 1
251 209 -1 1
250 209 -1 1
249 209 -1 1
177 209 -1 0
176 209 -1 0
175 209 -1 0
174 209 -1 0
173 209 -1 0
172 209 -1 0
171 209 -1 0
170 209 -1 0
169 209 -1 0
168 209 -1 0
167 209 -1 0
166 209 -1 0
165 209 -1 0
164 209 -1 0
257 208 -1 1
256 208 -1 1
255 208 -1 1
254 208 -1 1
253 208 -1 1
252 208 -1 1
251 208 -1 1
250 208 -1 1
249 208 -1 1
177 208 -1 0
176 208 -1 0
175 208 -1 0
174 208 -1 0
173 208 -1 0
172 208 -1 0
171 208 -1 0
170 208 -1 0
169 208 -1 0
168 208 -1 0
167 208 -1 0
166 208 -1 0
165 208 -1 0
164 208 -1 0
257 207 -1 1
256 207 -1 1
255 207 -1 1
254 207 -1 1
253 207 -1 1
252 207 -1 1
251 207 -1 1
250 207 -1 1
249 207 -1 1
177 207 -1 0
176 207 -1 0
175 207 -1 0
174 207 -1 0
173 207 -1 0
172 207 -1 0
171 207 -1 0
170 207 -1 0
169 207 -1 0
168 207 -1 0
167 207 -1 0
166 207 -1 0
165 207 -1 0
164 207 -1 0
258 206 -1 1
257 206 -1 1
256 206 -1 1
255 206 -1 1
254 206 -1 1
253 206 -1 1
252 206 -1 1
251 206 -1 1
250 206 -1 1
249 206 -1 1
248 206 -1 1
177 206 -1 0
176 206 -1 0
175 206 -1 0
174 206 -1 0
173 206 -1 0
172 206 -1 0
171 206 -1 0
170 206 -1 0
169 206 -1 0
168 206 -1 0
167 206 -1 0
166 206 -1 0
165 206 -1 0
164 206 -1 0
163 206 -1 0
258 205 -1 1
257 205 -1 1
256 205 -1 1
255 205 -1 1
254 205 -1 1
253 205 -1 1
252 205 -1 1
251 205 -1 1
250 205 -1 1
249 205 -1 1
248 205 -1 1
177 205 -1 0
176 205 -1 0
175 205 -1 0
174 205 -1 0
173 205 -1 0
172 205 -1 0
171 205 -1 0
170 205 -1 0
169 205 -1 0
168 205 -1 0
167 205 -1 0
166 205 -1 0
165 205 -1 0
164 205 -1 0
258 204 -1 1
257 204 -1 1
256 204 -1 1
255 204 -1 1
254 204 -1 1
253 204 -1 1
252 204 -1 1
251 204 -1 1
250 204 -1 1
249 204 -1 1
248 204 -1 1
177 204 -1 0
176 204 -1 0
175 204 -1 0
174 204 -1 0
173 204 -1 0
172 204 -1 0
171 204 -1 0
170 204 -1 0
169 204 -1 0
168 204 -1 0
167 204 -1 0
166 204 -1 0
165 204 -1 0
164 204 -1 0
258 203 -1 1
257 203 -1 1
256 203 -1 1
255 203 -1 1
254 203 -1 1
253 203 -1 1
252 203 -1 1
251 203 -1 1
250 203 -1 1
249 203 -1 1
248 203 -1 1
177 203 -1 0
176 203 -1 0
175 203 -1 0
174 203 -1 0
173 203 -1 0
172 203 -1 0
171 203 -1 0
170 203 -1 0
169 203 -1 0
168 203 -1 0
167 203 -1 0
166 203 -1 0
165 203 -1 0
164 203 -1 0
258 202 -1 1
257 202 -1 1
256 202 -1 1
255 202 -1 1
254 202 -1 1
253 202 -1 1
252 202 -1 1
251 202 -1 1
250 202 -1 1
249 202 -1 1
248 202 -1 1
177 202 -1 0
176 202 -1 0
175 202 -1 0
174 202 -1 0
173 202 -1 0
172 202 -1 0
171 202 -1 0
170 202 -1 0
169 202 -1 0
168 202 -1 0
167 202 -1 0
166 202 -1 0
165 202 -1 0
257 201 -1 1
256 201 -1 1
255 201 -1 1
254 201 -1 1
253 201 -1 1
252 201 -1 1
251 201 -1 1
250 201 -1 1
249 201 -1 1
248 201 -1 1
247 201 -1 1
177 201 -1 0
176 201 -1 0
175 201 -1 0
174 201 -1 0
173 201 -1 0
172 201 -1 0
171 201 -1 0
170 201 -1 0
169 201 -1 0
168 201 -1 0
167 201 -1 0
166 201 -1 0
257 200 -1 1
256 200 -1 1
255 200 -1 1
254 200 -1 1
253 200 -1 1
252 200 -1 1
251 200 -1 1
250 200 -1 1
249 200 -1 1
248 200 -1 1
247 200 -1 1
177 200 -1 0
176 200 -1 0
175 200 -1 0
174 200 -1 0
173 200 -1 0
172 200 -1 0
171 200 -1 0
170 200 -1 0
169 200 -1 0
168 200 -1 0
167 200 -1 0
166 200 -1 0
165 200 -1 0
257 199 -1 1
256 199 -1 1
255 199 -1 1
254 199 -1 1
253 199 -1 1
252 199 -1 1
251 199 -1 1
250 199 -1 1
249 199 -1 1
248 199 -1 1
247 199 -1 1
178 199 -1 0
177 199 -1 0
176 199 -1 0
175 199 -1 0
174 199 -1 0
173 199 -1 0
172 199 -1 0
171 199 -1 0
170 199 -1 0
169 199 -1 0
168 199 -1 0
167 199 -1 0
166 199 -1 0
256 198 -1 1
255 198 -1 1
254 198 -1 1
253 198 -1 1
252 198 -1 1
251 198 -1 1
250 198 -1 1
249 198 -1 1
248 198 -1 1
247 198 -1 1
246 198 -1 1
178 198 -1 0
177 198 -1 0
176 198 -1 0
175 198 -1 0
174 198 -1 0
173 198 -1 0
172 198 -1 0
171 198 -1 0
170 198 -1 0
169 198 -1 0
168 198 -1 0
167 198 -1 0
166 198 -1 0
256 197 -1 1
255 197 -1 1
254 197 -1 1
253 197 -1 1
252 197 -1 1
251 197 -1 1
250 197 -1 1
249 197 -1 1
248 197 -1 1
247 197 -1 1
246 197 -1 1
245 197 -1 1
178 197 -1 0
177 197 -1 0
176 197 -1 0
175 197 -1 0
174 197 -1 0
173 197 -1 0
172 197 -1 0
171 197 -1 0
170 197 -1 0
169 197 -1 0
168 197 -1 0
167 197 -1 0
166 197 -1 0
256 196 -1 1
255 196 -1 1
254 196 -1 1
253 196 -1 1
252 196 -1 1
251 196 -1 1
250 196 -1 1
249 196 -1 1
248 196 -1 1
247 196 -1 1
246 196 -1 1
245 196 -1 1
244 196 -1 1
178 196 -1 0
177 196 -1 0
176 196 -1 0
175 196 -1 0
174 196 -1 0
173 196 -1 0
172 196 -1 0
171 196 -1 0
170 196 -1 0
169 196 -1 0
168 196 -1 0
167 196 -1 0
166 196 -1 0
255 195 -1 1
254 195 -1 1
253 195 -1 1
252 195 -1 1
251 195 -1 1
250 195 -1 1
249 195 -1 1
248 195 -1 1
247 195 -1 1
246 195 -1 1
245 195 -1 1
244 195 -1 1
178 195 -1 0
177 195 -1 0
176 195 -1 0
175 195 -1 0
174 195 -1 0
173 195 -1 0
172 195 -1 0
171 195 -1 0
170 195 -1 0
169 195 -1 0
168 195 -1 0
167 195 -1 0
166 195 -1 0
165 195 -1 0
255 194 -1 1
254 194 -1 1
253 194 -1 1
252 194 -1 1
251 194 -1 1
250 194 -1 1
249 194 -1 1
248 194 -1 1
247 194 -1 1
246 194 -1 1
245 194 -1 1
244 194 -1 1
177 194 -1 0
176 194 -1 0
175 194 -1 0
174 194 -1 0
173 194 -1 0
172 194 -1 0
171 194 -1 0
170 194 -1 0
169 194 -1 0
168 194 -1 0
167 194 -1 0
166 194 -1 0
255 193 -1 1
254 193 -1 1
253 193 -1 1
252 193 -1 1
251 193 -1 1
250 193 -1 1
249 193 -1 1
248 193 -1 1
247 193 -1 1
246 193 -1 1
245 193 -1 1
244 193 -1 1
243 193 -1 1
178 193 -1 0
177 193 -1 0
176 193 -1 0
175 193 -1 0
174 193 -1 0
173 193 -1 0
172 193 -1 0
171 193 -1 0
170 193 -1 0
169 193 -1 0
168 193 -1 0
167 193 -1 0
166 193 -1 0
254 192 -1 1
253 192 -1 1
252 192 -1 1
251 192 -1 1
250 192 -1 1
249 192 -1 1
248 192 -1 1
247 192 -1 1
246 192 -1 1
245 192 -1 1
244 192 -1 1
243 192 -1 1
178 192 -1 0
177 192 -1 0
176 192 -1 0
175 192 -1 0
174 192 -1 0
173 192 -1 0
172 192 -1 0
171 192 -1 0
170 192 -1 0
169 192 -1 0
168 192 -1 0
167 192 -1 0
166 192 -1 0
253 191 -1 1
252 191 -1 1
251 191 -1 1
250 191 -1 1
249 191 -1 1
248 191 -1 1
247 191 -1 1
246 191 -1 1
245 191 -1 1
244 191 -1 1
243 191 -1 1
178 191 -1 0
177 191 -1 0
176 191 -1 0
175 191 -1 0
174 191 -1 0
173 191 -1 0
172 191 -1 0
171 191 -1 0
170 191 -1 0
169 191 -1 0
168 191 -1 0
167 191 -1 0
166 191 -1 0
253 190 -1 1
252 190 -1 1
251 190 -1 1
250 190 -1 1
249 190 -1 1
248 190 -1 1
247 190 -1 1
246 190 -1 1
245 190 -1 1
244 190 -1 1
243 190 -1 1
177 190 -1 0
176 190 -1 0
175 190 -1 0
174 190 -1 0
173 190 -1 0
172 190 -1 0
171 190 -1 0
170 190 -1 0
169 190 -1 0
168 190 -1 0
167 190 -1 0
166 190 -1 0
165 190 -1 0
253 189 -1 1
252 189 -1 1
251 189 -1 1
250 189 -1 1
249 189 -1 1
248 189 -1 1
247 189 -1 1
246 189 -1 1
245 189 -1 1
244 189 -1 1
243 189 -1 1
178 189 -1 0
177 189 -1 0
176 189 -1 0
175 189 -1 0
174 189 -1 0
173 189 -1 0
172 189 -1 0
171 189 -1 0
170 189 -1 0
169 189 -1 0
168 189 -1 0
167 189 -1 0
166 189 -1 0
253 188 -1 1
252 188 -1 1
251 188 -1 1
250 188 -1 1
249 188 -1 1
248 188 -1 1
247 188 -1 1
246 188 -1 1
245 188 -1 1
244 188 -1 1
243 188 -1 1
178 188 -1 0
177 188 -1 0
176 188 -1 0
175 188 -1 0
174 188 -1 0
173 188 -1 0
172 188 -1 0
171 188 -1 0
170 188 -1 0
169 188 -1 0
168 188 -1 0
167 188 -1 0
166 188 -1 0
345 187 -1 0
253 187 -1 1
252 187 -1 1
251 187 -1 1
250 187 -1 1
249 187 -1 1
248 187 -1 1
247 187 -1 1
246 187 -1 1
245 187 -1 1
244 187 -1 1
243 187 -1 1
242 187 -1 1
178 187 -1 0
177 187 -1 0
176 187 -1 0
175 187 -1 0
174 187 -1 0
173 187 -1 0
172 187 -1 0
171 187 -1 0
170 187 -1 0
169 187 -1 0
168 187 -1 0
167 187 -1 0
166 187 -1 0
348 186 -1 0
347 186 -1 0
346 186 -1 0
345 186 -1 0
344 186 -1 0
343 186 -1 0
342 186 -1 0
253 186 -1 1
252 186 -1 1
251 186 -1 1
250 186 -1 1
249 186 -1 1
248 186 -1 1
247 186 -1 1
246 186 -1 1
245 186 -1 1
244 186 -1 1
243 186 -1 1
242 186 -1 1
241 186 -1 1
178 186 -1 0
177 186 -1 0
176 186 -1 0
175 186 -1 0
174 186 -1 0
173 186 -1 0
172 186 -1 0
171 186 -1 0
170 186 -1 0
169 186 -1 0
168 186 -1 0
167 186 -1 0
349 185 -1 0
348 185 -1 0
347 185 -1 0
346 185 -1 0
345 185 -1 0
344 185 -1 0
343 185 -1 0
342 185 -1 0
341 185 -1 0
252 185 -1 1
251 185 -1 1
250 185 -1 1
249 185 -1 1
248 185 -1 1
247 185 -1 1
246 185 -1 1
245 185 -1 1
244 185 -1 1
243 185 -1 1
242 185 -1 1
241 185 -1 1
178 185 -1 0
177 185 -1 0
176 185 -1 0
175 185 -1 0
174 185 -1 0
173 185 -1 0
172 185 -1 0
171 185 -1 0
170 185 -1 0
169 185 -1 0
168 185 -1 0
349 184 -1 0
348 184 -1 0
347 184 -1 0
346 184 -1 0
345 184 -1 0
344 184 -1 0
343 184 -1 0
342 184 -1 0
341 184 -1 0
252 184 -1 1
251 184 -1 1
250 184 -1 1
249 184 -1 1
248 184 -1 1
247 184 -1 1
246 184 -1 1
245 184 -1 1
244 184 -1 1
243 184 -1 1
242 184 -1 1
241 184 -1 1
178 184 -1 0
177 184 -1 0
176 184 -1 0
175 184 -1 0
174 184 -1 0
173 184 -1 0
172 184 -1 0
171 184 -1 0
170 184 -1 0
169 184 -1 0
168 184 -1 0
349 183 -1 0
348 183 -1 0
347 183 -1 0
346 183 -1 0
345 183 -1 0
344 183 -1 0
343 183 -1 0
342 183 -1 0
341 183 -1 0
252 183 -1 1
251 183 -1 1
250 183 -1 1
249 183 -1 1
248 183 -1 1
247 183 -1 1
246 183 -1 1
245 183 -1 1
244 183 -1 1
243 183 -1 1
242 183 -1 1
241 183 -1 1
240 183 -1 1
177 183 -1 0
176 183 -1 0
175 183 -1 0
174 183 -1 0
173 183 -1 0
172 183 -1 0
171 183 -1 0
170 183 -1 0
169 183 -1 0
168 183 -1 0
167 183 -1 0
352 182 -1 0
351 182 -1 0
350 182 -1 0
349 182 -1 0
348 182 -1 0
347 182 -1 0
346 182 -1 0
345 182 -1 0
344 182 -1 0
343 182 -1 0
342 182 -1 0
341 182 -1 0
340 182 -1 0
251 182 -1 1
250 182 -1 1
249 182 -1 1
248 182 -1 1
247 182 -1 1
246 182 -1 1
245 182 -1 1
244 182 -1 1
243 182 -1 1
242 182 -1 1
241 182 -1 1
240 182 -1 1
178 182 -1 0
177 182 -1 0
176 182 -1 0
175 182 -1 0
174 182 -1 0
173 182 -1 0
172 182 -1 0
171 182 -1 0
170 182 -1 0
169 182 -1 0
168 182 -1 0
353 181 -1 0
352 181 -1 0
351 181 -1 0
350 181 -1 0
349 181 -1 0
348 181 -1 0
347 181 -1 0
346 181 -1 0
345 181 -1 0
344 181 -1 0
343 181 -1 0
342 181 -1 0
341 181 -1 0
250 181 -1 1
249 181 -1 1
248 181 -1 1
247 181 -1 1
246 181 -1 1
245 181 -1 1
244 181 -1 1
243 181 -1 1
242 181 -1 1
241 181 -1 1
240 181 -1 1
178 181 -1 0
177 181 -1 0
176 181 -1 0
175 181 -1 0
174 181 -1 0
173 181 -1 0
172 181 -1 0
171 181 -1 0
170 181 -1 0
169 181 -1 0
168 181 -1 0
354 180 -1 0
353 180 -1 0
352 180 -1 0
351 180 -1 0
350 180 -1 0
349 180 -1 0
348 180 -1 0
347 180 -1 0
346 180 -1 0
345 180 -1 0
344 180 -1 0
343 180 -1 0
342 180 -1 0
341 180 -1 0
340 180 -1 0
250 180 -1 1
249 180 -1 1
248 180 -1 1
247 180 -1 1
246 180 -1 1
245 180 -1 1
244 180 -1 1
243 180 -1 1
242 180 -1 1
241 180 -1 1
240 180 -1 1
178 180 -1 0
177 180 -1 0
176 180 -1 0
175 180 -1 0
174 180 -1 0
173 180 -1 0
172 180 -1 0
171 180 -1 0
170 180 -1 0
169 180 -1 0
168 180 -1 0
354 179 -1 0
353 179 -1 0
352 179 -1 0
351 179 -1 0
350 179 -1 0
349 179 -1 0
348 179 -1 0
347 179 -1 0
346 179 -1 0
345 179 -1 0
344 179 -1 0
343 179 -1 0
342 179 -1 0
341 179 -1 0
249 179 -1 1
248 179 -1 1
247 179 -1 1
246 179 -1 1
245 179 -1 1
244 179 -1 1
243 179 -1 1
242 179 -1 1
241 179 -1 1
240 179 -1 1
239 179 -1 1
178 179 -1 0
177 179 -1 0
176 179 -1 0
175 179 -1 0
174 179 -1 0
173 179 -1 0
172 179 -1 0
171 179 -1 0
170 179 -1 0
169 179 -1 0
168 179 -1 0
354 178 -1 0
353 178 -1 0
352 178 -1 0
351 178 -1 0
350 178 -1 0
349 178 -1 0
348 178 -1 0
347 178 -1 0
346 178 -1 0
345 178 -1 0
344 178 -1 0
343 178 -1 0
342 178 -1 0
341 178 -1 0
249 178 -1 1
248 178 -1 1
247 178 -1 1
246 178 -1 1
245 178 -1 1
244 178 -1 1
243 178 -1 1
242 178 -1 1
241 178 -1 1
240 178 -1 1
239 178 -1 1
178 178 -1 0
177 178 -1 0
176 178 -1 0
175 178 -1 0
174 178 -1 0
173 178 -1 0
172 178 -1 0
171 178 -1 0
170 178 -1 0
169 178 -1 0
168 178 -1 0
355 177 -1 0
354 177 -1 0
353 177 -1 0
352 177 -1 0
351 177 -1 0
350 177 -1 0
349 177 -1 0
348 177 -1 0
347 177 -1 0
346 177 -1 0
345 177 -1 0
344 177 -1 0
343 177 -1 0
342 177 -1 0
341 177 -1 0
249 177 -1 1
248 177 -1 1
247 177 -1 1
246 177 -1 1
245 177 -1 1
244 177 -1 1
243 177 -1 1
242 177 -1 1
241 177 -1 1
240 177 -1 1
239 177 -1 1
178 177 -1 0
177 177 -1 0
176 177 -1 0
175 177 -1 0
174 177 -1 0
173 177 -1 0
172 177 -1 0
171 177 -1 0
170 177 -1 0
169 177 -1 0
168 177 -1 0
354 176 -1 0
353 176 -1 0
352 176 -1 0
351 176 -1 0
350 176 -1 0
349 176 -1 0
348 176 -1 0
347 176 -1 0
346 176 -1 0
345 176 -1 0
344 176 -1 0
343 176 -1 0
342 176 -1 0
248 176 -1 1
247 176 -1 1
246 176 -1 1
245 176 -1 1
244 176 -1 1
243 176 -1 1
242 176 -1 1
241 176 -1 1
240 176 -1 1
239 176 -1 1
178 176 -1 0
177 176 -1 0
176 176 -1 0
175 176 -1 0
174 176 -1 0
173 176 -1 0
172 176 -1 0
171 176 -1 0
170 176 -1 0
169 176 -1 0
168 176 -1 0
167 176 -1 0
355 175 -1 0
354 175 -1 0
353 175 -1 0
352 175 -1 0
351 175 -1 0
350 175 -1 0
349 175 -1 0
348 175 -1 0
347 175 -1 0
346 175 -1 0
345 175 -1 0
344 175 -1 0
343 175 -1 0
248 175 -1 1
247 175 -1 1
246 175 -1 1
245 175 -1 1
244 175 -1 1
243 175 -1 1
242 175 -1 1
241 175 -1 1
240 175 -1 1
239 175 -1 1
238 175 -1 1
178 175 -1 0
177 175 -1 0
176 175 -1 0
175 175 -1 0
174 175 -1 0
173 175 -1 0
172 175 -1 0
171 175 -1 0
170 175 -1 0
169 175 -1 0
168 175 -1 0
355 174 -1 0
354 174 -1 0
353 174 -1 0
352 174 -1 0
351 174 -1 0
350 174 -1 0
349 174 -1 0
348 174 -1 0
347 174 -1 0
346 174 -1 0
345 174 -1 0
248 174 -1 1
247 174 -1 1
246 174 -1 1
245 174 -1 1
244 174 -1 1
243 174 -1 1
242 174 -1 1
241 174 -1 1
240 174 -1 1
239 174 -1 1
238 174 -1 1
178 174 -1 0
177 174 -1 0
176 174 -1 0
175 174 -1 0
174 174 -1 0
173 174 -1 0
172 174 -1 0
171 174 -1 0
170 174 -1 0
169 174 -1 0
168 174 -1 0
355 173 -1 0
354 173 -1 0
353 173 -1 0
352 173 -1 0
351 173 -1 0
350 173 -1 0
349 173 -1 0
348 173 -1 0
347 173 -1 0
346 173 -1 0
345 173 -1 0
248 173 -1 1
247 173 -1 1
246 173 -1 1
245 173 -1 1
244 173 -1 1
243 173 -1 1
242 173 -1 1
241 173 -1 1
240 173 -1 1
239 173 -1 1
238 173 -1 1
237 173 -1 1
178 173 -1 0
177 173 -1 0
176 173 -1 0
175 173 -1 0
174 173 -1 0
173 173 -1 0
172 173 -1 0
171 173 -1 0
170 173 -1 0
169 173 -1 0
168 173 -1 0
354 172 -1 0
353 172 -1 0
352 172 -1 0
351 172 -1 0
350 172 -1 0
349 172 -1 0
348 172 -1 0
347 172 -1 0
346 172 -1 0
248 172 -1 1
247 172 -1 1
246 172 -1 1
245 172 -1 1
244 172 -1 1
243 172 -1 1
242 172 -1 1
241 172 -1 1
240 172 -1 1
239 172 -1 1
238 172 -1 1
237 172 -1 1
177 172 -1 0
176 172 -1 0
175 172 -1 0
174 172 -1 0
173 172 -1 0
172 172 -1 0
171 172 -1 0
170 172 -1 0
169 172 -1 0
355 171 -1 0
354 171 -1 0
353 171 -1 0
352 171 -1 0
351 171 -1 0
350 171 -1 0
349 171 -1 0
348 171 -1 0
347 171 -1 0
346 171 -1 0
345 171 -1 0
247 171 -1 1
246 171 -1 1
245 171 -1 1
244 171 -1 1
243 171 -1 1
242 171 -1 1
241 171 -1 1
240 171 -1 1
239 171 -1 1
238 171 -1 1
237 171 -1 1
178 171 -1 0
177 171 -1 0
176 171 -1 0
175 171 -1 0
174 171 -1 0
173 171 -1 0
172 171 -1 0
171 171 -1 0
170 171 -1 0
169 171 -1 0
168 171 -1 0
355 170 -1 0
354 170 -1 0
353 170 -1 0
352 170 -1 0
351 170 -1 0
350 170 -1 0
349 170 -1 0
348 170 -1 0
347 170 -1 0
346 170 -1 0
345 170 -1 0
247 170 -1 1
246 170 -1 1
245 170 -1 1
244 170 -1 1
243 170 -1 1
242 170 -1 1
241 170 -1 1
240 170 -1 1
239 170 -1 1
238 170 -1 1
237 170 -1 1
236 170 -1 1
178 170 -1 0
177 170 -1 0
176 170 -1 0
175 170 -1 0
174 170 -1 0
173 170 -1 0
172 170 -1 0
171 170 -1 0
170 170 -1 0
169 170 -1 0
168 170 -1 0
354 169 -1 0
353 169 -1 0
352 169 -1 0
351 169 -1 0
350 169 -1 0
349 169 -1 0
348 169 -1 0
347 169 -1 0
346 169 -1 0
247 169 -1 1
246 169 -1 1
245 169 -1 1
244 169 -1 1
243 169 -1 1
242 169 -1 1
241 169 -1 1
240 169 -1 1
239 169 -1 1
238 169 -1 1
237 169 -1 1
236 169 -1 1
178 169 -1 0
177 169 -1 0
176 169 -1 0
175 169 -1 0
174 169 -1 0
173 169 -1 0
172 169 -1 0
171 169 -1 0
170 169 -1 0
169 169 -1 0
168 169 -1 0
355 168 -1 0
354 168 -1 0
353 168 -1 0
352 168 -1 0
351 168 -1 0
350 168 -1 0
349 168 -1 0
348 168 -1 0
347 168 -1 0
346 168 -1 0
345 168 -1 0
246 168 -1 1
245 168 -1 1
244 168 -1 1
243 168 -1 1
242 168 -1 1
241 168 -1 1
240 168 -1 1
239 168 -1 1
238 168 -1 1
237 168 -1 1
178 168 -1 0
177 168 -1 0
176 168 -1 0
175 168 -1 0
174 168 -1 0
173 168 -1 0
172 168 -1 0
171 168 -1 0
170 168 -1 0
169 168 -1 0
168 168 -1 0
355 167 -1 0
354 167 -1 0
353 167 -1 0
352 167 -1 0
351 167 -1 0
350 167 -1 0
349 167 -1 0
348 167 -1 0
347 167 -1 0
346 167 -1 0
345 167 -1 0
245 167 -1 1
244 167 -1 1
243 167 -1 1
242 167 -1 1
241 167 -1 1
240 167 -1 1
239 167 -1 1
238 167 -1 1
237 167 -1 1
236 167 -1 1
178 167 -1 0
177 167 -1 0
176 167 -1 0
175 167 -1 0
174 167 -1 0
173 167 -1 0
172 167 -1 0
171 167 -1 0
170 167 -1 0
169 167 -1 0
168 167 -1 0
354 166 -1 0
353 166 -1 0
352 166 -1 0
351 166 -1 0
350 166 -1 0
349 166 -1 0
348 166 -1 0
347 166 -1 0
346 166 -1 0
246 166 -1 1
245 166 -1 1
244 166 -1 1
243 166 -1 1
242 166 -1 1
241 166 -1 1
240 166 -1 1
239 166 -1 1
238 166 -1 1
237 166 -1 1
236 166 -1 1
235 166 -1 1
178 166 -1 0
177 166 -1 0
176 166 -1 0
175 166 -1 0
174 166 -1 0
173 166 -1 0
172 166 -1 0
171 166 -1 0
170 166 -1 0
169 166 -1 0
168 166 -1 0
354 165 -1 0
353 165 -1 0
352 165 -1 0
351 165 -1 0
350 165 -1 0
349 165 -1 0
348 165 -1 0
347 165 -1 0
346 165 -1 0
245 165 -1 1
244 165 -1 1
243 165 -1 1
242 165 -1 1
241 165 -1 1
240 165 -1 1
239 165 -1 1
238 165 -1 1
237 165 -1 1
236 165 -1 1
235 165 -1 1
177 165 -1 0
176 165 -1 0
175 165 -1 0
174 165 -1 0
173 165 -1 0
172 165 -1 0
171 165 -1 0
170 165 -1 0
169 165 -1 0
355 164 -1 0
354 164 -1 0
353 164 -1 0
352 164 -1 0
351 164 -1 0
350 164 -1 0
349 164 -1 0
348 164 -1 0
347 164 -1 0
346 164 -1 0
345 164 -1 0
245 164 -1 1
244 164 -1 1
243 164 -1 1
242 164 -1 1
241 164 -1 1
240 164 -1 1
239 164 -1 1
238 164 -1 1
237 164 -1 1
236 164 -1 1
235 164 -1 1
178 164 -1 0
177 164 -1 0
176 164 -1 0
175 164 -1 0
174 164 -1 0
173 164 -1 0
172 164 -1 0
171 164 -1 0
170 164 -1 0
169 164 -1 0
168 164 -1 0
354 163 -1 0
353 163 -1 0
352 163 -1 0
351 163 -1 0
350 163 -1 0
349 163 -1 0
348 163 -1 0
347 163 -1 0
346 163 -1 0
246 163 -1 1
245 163 -1 1
244 163 -1 1
243 163 -1 1
242 163 -1 1
241 163 -1 1
240 163 -1 1
239 163 -1 1
238 163 -1 1
237 163 -1 1
236 163 -1 1
235 163 -1 1
234 163 -1 1
178 163 -1 0
177 163 -1 0
176 163 -1 0
175 163 -1 0
174 163 -1 0
173 163 -1 0
172 163 -1 0
171 163 -1 0
170 163 -1 0
169 163 -1 0
168 163 -1 0
355 162 -1 0
354 162 -1 0
353 162 -1 0
352 162 -1 0
351 162 -1 0
350 162 -1 0
349 162 -1 0
348 162 -1 0
347 162 -1 0
346 162 -1 0
345 162 -1 0
245 162 -1 1
244 162 -1 1
243 162 -1 1
242 162 -1 1
241 162 -1 1
240 162 -1 1
239 162 -1 1
238 162 -1 1
237 162 -1 1
236 162 -1 1
235 162 -1 1
178 162 -1 0
177 162 -1 0
176 162 -1 0
175 162 -1 0
174 162 -1 0
173 162 -1 0
172 162 -1 0
171 162 -1 0
170 162 -1 0
169 162 -1 0
168 162 -1 0
354 161 -1 0
353 161 -1 0
352 161 -1 0
351 161 -1 0
350 161 -1 0
349 161 -1 0
348 161 -1 0
347 161 -1 0
346 161 -1 0
245 161 -1 1
244 161 -1 1
243 161 -1 1
242 161 -1 1
241 161 -1 1
240 161 -1 1
239 161 -1 1
238 161 -1 1
237 161 -1 1
236 161 -1 1
235 161 -1 1
177 161 -1 0
176 161 -1 0
175 161 -1 0
174 161 -1 0
173 161 -1 0
172 161 -1 0
171 161 -1 0
170 161 -1 0
169 161 -1 0
355 160 -1 0
354 160 -1 0
353 160 -1 0
352 160 -1 0
351 160 -1 0
350 160 -1 0
349 160 -1 0
348 160 -1 0
347 160 -1 0
346 160 -1 0
345 160 -1 0
245 160 -1 1
244 160 -1 1
243 160 -1 1
242 160 -1 1
241 160 -1 1
240 160 -1 1
239 160 -1 1
238 160 -1 1
237 160 -1 1
236 160 -1 1
235 160 -1 1
178 160 -1 0
177 160 -1 0
176 160 -1 0
175 160 -1 0
174 160 -1 0
173 160 -1 0
172 160 -1 0
171 160 -1 0
170 160 -1 0
169 160 -1 0
168 160 -1 0
355 159 -1 0
354 159 -1 0
353 159 -1 0
352 159 -1 0
351 159 -1 0
350 159 -1 0
349 159 -1 0
348 159 -1 0
347 159 -1 0
346 159 -1 0
345 159 -1 0
244 159 -1 1
243 159 -1 1
242 159 -1 1
241 159 -1 1
240 159 -1 1
239 159 -1 1
238 159 -1 1
237 159 -1 1
236 159 -1 1
178 159 -1 0
177 159 -1 0
176 159 -1 0
175 159 -1 0
174 159 -1 0
173 159 -1 0
172 159 -1 0
171 159 -1 0
170 159 -1 0
169 159 -1 0
168 159 -1 0
355 158 -1 0
354 158 -1 0
353 158 -1 0
352 158 -1 0
351 158 -1 0
350 158 -1 0
349 158 -1 0
348 158 -1 0
347 158 -1 0
346 158 -1 0
345 158 -1 0
241 158 -1 1
240 158 -1 1
239 158 -1 1
178 158 -1 0
177 158 -1 0
176 158 -1 0
175 158 -1 0
174 158 -1 0
173 158 -1 0
172 158 -1 0
171 158 -1 0
170 158 -1 0
169 158 -1 0
168 158 -1 0
355 157 -1 0
354 157 -1 0
353 157 -1 0
352 157 -1 0
351 157 -1 0
350 157 -1 0
349 157 -1 0
348 157 -1 0
347 157 -1 0
346 157 -1 0
345 157 -1 0
179 157 -1 0
178 157 -1 0
177 157 -1 0
176 157 -1 0
175 157 -1 0
174 157 -1 0
173 157 -1 0
172 157 -1 0
171 157 -1 0
170 157 -1 0
169 157 -1 0
168 157 -1 0
355 156 -1 0
354 156 -1 0
353 156 -1 0
352 156 -1 0
351 156 -1 0
350 156 -1 0
349 156 -1 0
348 156 -1 0
347 156 -1 0
346 156 -1 0
345 156 -1 0
180 156 -1 0
179 156 -1 0
178 156 -1 0
177 156 -1 0
176 156 -1 0
175 156 -1 0
174 156 -1 0
173 156 -1 0
172 156 -1 0
171 156 -1 0
170 156 -1 0
169 156 -1 0
355 155 -1 0
354 155 -1 0
353 155 -1 0
352 155 -1 0
351 155 -1 0
350 155 -1 0
349 155 -1 0
348 155 -1 0
347 155 -1 0
346 155 -1 0
345 155 -1 0
180 155 -1 0
179 155 -1 0
178 155 -1 0
177 155 -1 0
176 155 -1 0
175 155 -1 0
174 155 -1 0
173 155 -1 0
172 155 -1 0
171 155 -1 0
170 155 -1 0
169 155 -1 0
168 155 -1 0
354 154 -1 0
353 154 -1 0
352 154 -1 0
351 154 -1 0
350 154 -1 0
349 154 -1 0
348 154 -1 0
347 154 -1 0
346 154 -1 0
180 154 -1 0
179 154 -1 0
178 154 -1 0
177 154 -1 0
176 154 -1 0
175 154 -1 0
174 154 -1 0
173 154 -1 0
172 154 -1 0
171 154 -1 0
170 154 -1 0
169 154 -1 0
354 153 -1 0
353 153 -1 0
352 153 -1 0
351 153 -1 0
350 153 -1 0
349 153 -1 0
348 153 -1 0
347 153 -1 0
346 153 -1 0
181 153 -1 0
180 153 -1 0
179 153 -1 0
178 153 -1 0
177 153 -1 0
176 153 -1 0
175 153 -1 0
174 153 -1 0
173 153 -1 0
172 153 -1 0
171 153 -1 0
170 153 -1 0
169 153 -1 0
355 152 -1 0
354 152 -1 0
353 152 -1 0
352 152 -1 0
351 152 -1 0
350 152 -1 0
349 152 -1 0
348 152 -1 0
347 152 -1 0
346 152 -1 0
345 152 -1 0
180 152 -1 0
179 152 -1 0
178 152 -1 0
177 152 -1 0
176 152 -1 0
175 152 -1 0
174 152 -1 0
173 152 -1 0
172 152 -1 0
171 152 -1 0
170 152 -1 0
169 152 -1 0
354 151 -1 0
353 151 -1 0
352 151 -1 0
351 151 -1 0
350 151 -1 0
349 151 -1 0
348 151 -1 0
347 151 -1 0
346 151 -1 0
180 151 -1 0
179 151 -1 0
178 151 -1 0
177 151 -1 0
176 151 -1 0
175 151 -1 0
174 151 -1 0
173 151 -1 0
172 151 -1 0
171 151 -1 0
170 151 -1 0
355 150 -1 0
354 150 -1 0
353 150 -1 0
352 150 -1 0
351 150 -1 0
350 150 -1 0
349 150 -1 0
348 150 -1 0
347 150 -1 0
346 150 -1 0
345 150 -1 0
181 150 -1 0
180 150 -1 0
179 150 -1 0
178 150 -1 0
177 150 -1 0
176 150 -1 0
175 150 -1 0
174 150 -1 0
173 150 -1 0
172 150 -1 0
171 150 -1 0
355 149 -1 0
354 149 -1 0
353 149 -1 0
352 149 -1 0
351 149 -1 0
350 149 -1 0
349 149 -1 0
348 149 -1 0
347 149 -1 0
346 149 -1 0
345 149 -1 0
180 149 -1 0
179 149 -1 0
178 149 -1 0
177 149 -1 0
176 149 -1 0
175 149 -1 0
174 149 -1 0
173 149 -1 0
172 149 -1 0
354 148 -1 0
353 148 -1 0
352 148 -1 0
351 148 -1 0
350 148 -1 0
349 148 -1 0
348 148 -1 0
347 148 -1 0
346 148 -1 0
180 148 -1 0
179 148 -1 0
178 148 -1 0
177 148 -1 0
176 148 -1 0
175 148 -1 0
174 148 -1 0
173 148 -1 0
172 148 -1 0
355 147 -1 0
354 147 -1 0
353 147 -1 0
352 147 -1 0
351 147 -1 0
350 147 -1 0
349 147 -1 0
348 147 -1 0
347 147 -1 0
346 147 -1 0
345 147 -1 0
181 147 -1 0
180 147 -1 0
179 147 -1 0
178 147 -1 0
177 147 -1 0
176 147 -1 0
175 147 -1 0
174 147 -1 0
173 147 -1 0
172 147 -1 0
171 147 -1 0
355 146 -1 0
354 146 -1 0
353 146 -1 0
352 146 -1 0
351 146 -1 0
350 146 -1 0
349 146 -1 0
348 146 -1 0
347 146 -1 0
346 146 -1 0
345 146 -1 0
182 146 -1 0
181 146 -1 0
180 146 -1 0
179 146 -1 0
178 146 -1 0
177 146 -1 0
176 146 -1 0
175 146 -1 0
174 146 -1 0
173 146 -1 0
172 146 -1 0
355 145 -1 0
354 145 -1 0
353 145 -1 0
352 145 -1 0
351 145 -1 0
350 145 -1 0
349 145 -1 0
348 145 -1 0
347 145 -1 0
346 145 -1 0
345 145 -1 0
182 145 -1 0
181 145 -1 0
180 145 -1 0
179 145 -1 0
178 145 -1 0
177 145 -1 0
176 145 -1 0
175 145 -1 0
174 145 -1 0
173 145 -1 0
172 145 -1 0
354 144 -1 0
353 144 -1 0
352 144 -1 0
351 144 -1 0
350 144 -1 0
349 144 -1 0
348 144 -1 0
347 144 -1 0
346 144 -1 0
182 144 -1 0
181 144 -1 0
180 144 -1 0
179 144 -1 0
178 144 -1 0
177 144 -1 0
176 144 -1 0
175 144 -1 0
174 144 -1 0
173 144 -1 0
172 144 -1 0
354 143 -1 0
353 143 -1 0
352 143 -1 0
351 143 -1 0
350 143 -1 0
349 143 -1 0
348 143 -1 0
347 143 -1 0
346 143 -1 0
345 143 -1 0
183 143 -1 0
182 143 -1 0
181 143 -1 0
180 143 -1 0
179 143 -1 0
178 143 -1 0
177 143 -1 0
176 143 -1 0
175 143 -1 0
174 143 -1 0
173 143 -1 0
354 142 -1 0
353 142 -1 0
352 142 -1 0
351 142 -1 0
350 142 -1 0
349 142 -1 0
348 142 -1 0
347 142 -1 0
346 142 -1 0
345 142 -1 0
344 142 -1 0
182 142 -1 0
181 142 -1 0
180 142 -1 0
179 142 -1 0
178 142 -1 0
177 142 -1 0
176 142 -1 0
175 142 -1 0
174 142 -1 0
173 142 -1 0
353 141 -1 0
352 141 -1 0
351 141 -1 0
350 141 -1 0
349 141 -1 0
348 141 -1 0
347 141 -1 0
346 141 -1 0
345 141 -1 0
344 141 -1 0
182 141 -1 0
181 141 -1 0
180 141 -1 0
179 141 -1 0
178 141 -1 0
177 141 -1 0
176 141 -1 0
175 141 -1 0
174 141 -1 0
173 141 -1 0
352 140 -1 0
351 140 -1 0
350 140 -1 0
349 140 -1 0
348 140 -1 0
347 140 -1 0
346 140 -1 0
345 140 -1 0
344 140 -1 0
182 140 -1 0
181 140 -1 0
180 140 -1 0
179 140 -1 0
178 140 -1 0
177 140 -1 0
176 140 -1 0
175 140 -1 0
174 140 -1 0
353 139 -1 0
352 139 -1 0
351 139 -1 0
350 139 -1 0
349 139 -1 0
348 139 -1 0
347 139 -1 0
346 139 -1 0
345 139 -1 0
344 139 -1 0
343 139 -1 0
181 139 -1 0
180 139 -1 0
179 139 -1 0
178 139 -1 0
177 139 -1 0
176 139 -1 0
175 139 -1 0
352 138 -1 0
351 138 -1 0
350 138 -1 0
349 138 -1 0
348 138 -1 0
347 138 -1 0
346 138 -1 0
345 138 -1 0
344 138 -1 0
178 138 -1 0
353 137 -1 0
352 137 -1 0
351 137 -1 0
350 137 -1 0
349 137 -1 0
348 137 -1 0
347 137 -1 0
346 137 -1 0
345 137 -1 0
344 137 -1 0
343 137 -1 0
352 136 -1 0
351 136 -1 0
350 136 -1 0
349 136 -1 0
348 136 -1 0
347 136 -1 0
346 136 -1 0
345 136 -1 0
344 136 -1 0
353 135 -1 0
352 135 -1 0
351 135 -1 0
350 135 -1 0
349 135 -1 0
348 135 -1 0
347 135 -1 0
346 135 -1 0
345 135 -1 0
344 135 -1 0
343 135 -1 0
353 134 -1 0
352 134 -1 0
351 134 -1 0
350 134 -1 0
349 134 -1 0
348 134 -1 0
347 134 -1 0
346 134 -1 0
345 134 -1 0
344 134 -1 0
343 134 -1 0
352 133 -1 0
351 133 -1 0
350 133 -1 0
349 133 -1 0
348 133 -1 0
347 133 -1 0
346 133 -1 0
345 133 -1 0
344 133 -1 0
352 132 -1 0
351 132 -1 0
350 132 -1 0
349 132 -1 0
348 132 -1 0
347 132 -1 0
346 132 -1 0
345 132 -1 0
344 132 -1 0
352 131 -1 0
351 131 -1 0
350 131 -1 0
349 131 -1 0
348 131 -1 0
347 131 -1 0
346 131 -1 0
345 131 -1 0
344 131 -1 0
353 130 -1 0
352 130 -1 0
351 130 -1 0
350 130 -1 0
349 130 -1 0
348 130 -1 0
347 130 -1 0
346 130 -1 0
345 130 -1 0
344 130 -1 0
343 130 -1 0
352 129 -1 0
351 129 -1 0
350 129 -1 0
349 129 -1 0
348 129 -1 0
347 129 -1 0
346 129 -1 0
345 129 -1 0
344 129 -1 0
352 128 -1 0
351 128 -1 0
350 128 -1 0
349 128 -1 0
348 128 -1 0
347 128 -1 0
346 128 -1 0
345 128 -1 0
344 128 -1 0
353 127 -1 0
352 127 -1 0
351 127 -1 0
350 127 -1 0
349 127 -1 0
348 127 -1 0
347 127 -1 0
346 127 -1 0
345 127 -1 0
344 127 -1 0
343 127 -1 0
353 126 -1 0
352 126 -1 0
351 126 -1 0
350 126 -1 0
349 126 -1 0
348 126 -1 0
347 126 -1 0
346 126 -1 0
345 126 -1 0
344 126 -1 0
343 126 -1 0
352 125 -1 0
351 125 -1 0
350 125 -1 0
349 125 -1 0
348 125 -1 0
347 125 -1 0
346 125 -1 0
345 125 -1 0
344 125 -1 0
343 125 -1 0
352 124 -1 0
351 124 -1 0
350 124 -1 0
349 124 -1 0
348 124 -1 0
347 124 -1 0
346 124 -1 0
345 124 -1 0
344 124 -1 0
343 124 -1 0
352 123 -1 0
351 123 -1 0
350 123 -1 0
349 123 -1 0
348 123 -1 0
347 123 -1 0
346 123 -1 0
345 123 -1 0
344 123 -1 0
343 123 -1 0
342 123 -1 0
351 122 -1 0
350 122 -1 0
349 122 -1 0
348 122 -1 0
347 122 -1 0
346 122 -1 0
345 122 -1 0
344 122 -1 0
343 122 -1 0
351 121 -1 0
350 121 -1 0
349 121 -1 0
348 121 -1 0
347 121 -1 0
346 121 -1 0
345 121 -1 0
344 121 -1 0
343 121 -1 0
352 120 -1 0
351 120 -1 0
350 120 -1 0
349 120 -1 0
348 120 -1 0
347 120 -1 0
346 120 -1 0
345 120 -1 0
344 120 -1 0
343 120 -1 0
342 120 -1 0
352 119 -1 0
351 119 -1 0
350 119 -1 0
349 119 -1 0
348 119 -1 0
347 119 -1 0
346 119 -1 0
345 119 -1 0
344 119 -1 0
343 119 -1 0
342 119 -1 0
351 118 -1 0
350 118 -1 0
349 118 -1 0
348 118 -1 0
347 118 -1 0
346 118 -1 0
345 118 -1 0
344 118 -1 0
343 118 -1 0
351 117 -1 0
350 117 -1 0
349 117 -1 0
348 117 -1 0
347 117 -1 0
346 117 -1 0
345 117 -1 0
344 117 -1 0
343 117 -1 0
352 116 -1 0
351 116 -1 0
350 116 -1 0
349 116 -1 0
348 116 -1 0
347 116 -1 0
346 116 -1 0
345 116 -1 0
344 116 -1 0
343 116 -1 0
342 116 -1 0
351 115 -1 0
350 115 -1 0
349 115 -1 0
348 115 -1 0
347 115 -1 0
346 115 -1 0
345 115 -1 0
344 115 -1 0
343 115 -1 0
342 115 -1 0
351 114 -1 0
350 114 -1 0
349 114 -1 0
348 114 -1 0
347 114 -1 0
346 114 -1 0
345 114 -1 0
344 114 -1 0
343 114 -1 0
342 114 -1 0
341 114 -1 0
351 113 -1 0
350 113 -1 0
349 113 -1 0
348 113 -1 0
347 113 -1 0
346 113 -1 0
345 113 -1 0
344 113 -1 0
343 113 -1 0
342 113 -1 0
341 113 -1 0
350 112 -1 0
349 112 -1 0
348 112 -1 0
347 112 -1 0
346 112 -1 0
345 112 -1 0
344 112 -1 0
343 112 -1 0
342 112 -1 0
341 112 -1 0
350 111 -1 0
349 111 -1 0
348 111 -1 0
347 111 -1 0
346 111 -1 0
345 111 -1 0
344 111 -1 0
343 111 -1 0
342 111 -1 0
341 111 -1 0
340 111 -1 0
350 110 -1 0
349 110 -1 0
348 110 -1 0
347 110 -1 0
346 110 -1 0
345 110 -1 0
344 110 -1 0
343 110 -1 0
342 110 -1 0
341 110 -1 0
340 110 -1 0
339 110 -1 0
349 109 -1 0
348 109 -1 0
347 109 -1 0
346 109 -1 0
345 109 -1 0
344 109 -1 0
343 109 -1 0
342 109 -1 0
341 109 -1 0
340 109 -1 0
339 109 -1 0
350 108 -1 0
349 108 -1 0
348 108 -1 0
347 108 -1 0
346 108 -1 0
345 108 -1 0
344 108 -1 0
343 108 -1 0
342 108 -1 0
341 108 -1 0
340 108 -1 0
339 108 -1 0
349 107 -1 0
348 107 -1 0
347 107 -1 0
346 107 -1 0
345 107 -1 0
344 107 -1 0
343 107 -1 0
342 107 -1 0
341 107 -1 0
340 107 -1 0
339 107 -1 0
338 107 -1 0
349 106 -1 0
348 106 -1 0
347 106 -1 0
346 106 -1 0
345 106 -1 0
344 106 -1 0
343 106 -1 0
342 106 -1 0
341 106 -1 0
340 106 -1 0
339 106 -1 0
338 106 -1 0
349 105 -1 0
348 105 -1 0
347 105 -1 0
346 105 -1 0
345 105 -1 0
344 105 -1 0
343 105 -1 0
342 105 -1 0
341 105 -1 0
340 105 -1 0
339 105 -1 0
338 105 -1 0
348 104 -1 0
347 104 -1 0
346 104 -1 0
345 104 -1 0
344 104 -1 0
343 104 -1 0
342 104 -1 0
341 104 -1 0
340 104 -1 0
339 104 -1 0
338 104 -1 0
337 104 -1 0
347 103 -1 0
346 103 -1 0
345 103 -1 0
344 103 -1 0
343 103 -1 0
342 103 -1 0
341 103 -1 0
340 103 -1 0
339 103 -1 0
338 103 -1 0
337 103 -1 0
336 103 -1 0
347 102 -1 0
346 102 -1 0
345 102 -1 0
344 102 -1 0
343 102 -1 0
342 102 -1 0
341 102 -1 0
340 102 -1 0
339 102 -1 0
338 102 -1 0
337 102 -1 0
336 102 -1 0
347 101 -1 0
346 101 -1 0
345 101 -1 0
344 101 -1 0
343 101 -1 0
342 101 -1 0
341 101 -1 0
340 101 -1 0
339 101 -1 0
338 101 -1 0
337 101 -1 0
336 101 -1 0
335 101 -1 0
346 100 -1 0
345 100 -1 0
344 100 -1 0
343 100 -1 0
342 100 -1 0
341 100 -1 0
340 100 -1 0
339 100 -1 0
338 100 -1 0
337 100 -1 0
336 100 -1 0
335 100 -1 0
346 99 -1 0
345 99 -1 0
344 99 -1 0
343 99 -1 0
342 99 -1 0
341 99 -1 0
340 99 -1 0
339 99 -1 0
338 99 -1 0
337 99 -1 0
336 99 -1 0
335 99 -1 0
346 98 -1 0
345 98 -1 0
344 98 -1 0
343 98 -1 0
342 98 -1 0
341 98 -1 0
340 98 -1 0
339 98 -1 0
338 98 -1 0
337 98 -1 0
336 98 -1 0
335 98 -1 0
334 98 -1 0
345 97 -1 0
344 97 -1 0
343 97 -1 0
342 97 -1 0
341 97 -1 0
340 97 -1 0
339 97 -1 0
338 97 -1 0
337 97 -1 0
336 97 -1 0
335 97 -1 0
334 97 -1 0
333 97 -1 0
343 96 -1 0
342 96 -1 0
341 96 -1 0
340 96 -1 0
339 96 -1 0
338 96 -1 0
337 96 -1 0
336 96 -1 0
335 96 -1 0
334 96 -1 0
333 96 -1 0
332 96 -1 0
343 95 -1 0
342 95 -1 0
341 95 -1 0
340 95 -1 0
339 95 -1 0
338 95 -1 0
337 95 -1 0
336 95 -1 0
335 95 -1 0
334 95 -1 0
333 95 -1 0
332 95 -1 0
331 95 -1 0
330 95 -1 0
343 94 -1 0
342 94 -1 0
341 94 -1 0
340 94 -1 0
339 94 -1 0
338 94 -1 0
337 94 -1 0
336 94 -1 0
335 94 -1 0
334 94 -1 0
333 94 -1 0
332 94 -1 0
331 94 -1 0
330 94 -1 0
329 94 -1 0
342 93 -1 0
341 93 -1 0
340 93 -1 0
339 93 -1 0
338 93 -1 0
337 93 -1 0
336 93 -1 0
335 93 -1 0
334 93 -1 0
333 93 -1 0
332 93 -1 0
331 93 -1 0
330 93 -1 0
329 93 -1 0
342 92 -1 0
341 92 -1 0
340 92 -1 0
339 92 -1 0
338 92 -1 0
337 92 -1 0
336 92 -1 0
335 92 -1 0
334 92 -1 0
333 92 -1 0
332 92 -1 0
331 92 -1 0
330 92 -1 0
329 92 -1 0
342 91 -1 0
341 91 -1 0
340 91 -1 0
339 91 -1 0
338 91 -1 0
337 91 -1 0
336 91 -1 0
335 91 -1 0
334 91 -1 0
333 91 -1 0
332 91 -1 0
331 91 -1 0
330 91 -1 0
329 91 -1 0
328 91 -1 0
341 90 -1 0
340 90 -1 0
339 90 -1 0
338 90 -1 0
337 90 -1 0
336 90 -1 0
335 90 -1 0
334 90 -1 0
333 90 -1 0
332 90 -1 0
331 90 -1 0
330 90 -1 0
329 90 -1 0
339 89 -1 0
338 89 -1 0
337 89 -1 0
336 89 -1 0
335 89 -1 0
334 89 -1 0
333 89 -1 0
332 89 -1 0
331 89 -1 0
330 89 -1 0
329 89 -1 0
339 88 -1 0
338 88 -1 0
337 88 -1 0
336 88 -1 0
335 88 -1 0
334 88 -1 0
333 88 -1 0
332 88 -1 0
331 88 -1 0
330 88 -1 0
329 88 -1 0
338 87 -1 0
337 87 -1 0
336 87 -1 0
335 87 -1 0
334 87 -1 0
333 87 -1 0
332 87 -1 0
331 87 -1 0
330 87 -1 0
335 86 -1 0
333 86 -1 0
