2691 408 341
124 228 -1 0
127 227 -1 0
126 227 -1 0
125 227 -1 0
124 227 -1 0
123 227 -1 0
122 227 -1 0
121 227 -1 0
128 226 -1 0
127 226 -1 0
126 226 -1 0
125 226 -1 0
124 226 -1 0
123 226 -1 0
122 226 -1 0
121 226 -1 0
120 226 -1 0
119 226 -1 0
128 225 -1 0
127 225 -1 0
126 225 -1 0
125 225 -1 0
124 225 -1 0
123 225 -1 0
122 225 -1 0
121 225 -1 0
120 225 -1 0
119 225 -1 0
118 225 -1 0
128 224 -1 0
127 224 -1 0
126 224 -1 0
125 224 -1 0
124 224 -1 0
123 224 -1 0
122 224 -1 0
121 224 -1 0
120 224 -1 0
119 224 -1 0
118 224 -1 0
129 223 -1 0
128 223 -1 0
127 223 -1 0
126 223 -1 0
125 223 -1 0
124 223 -1 0
123 223 -1 0
122 223 -1 0
121 223 -1 0
120 223 -1 0
119 223 -1 0
118 223 -1 0
128 222 -1 0
127 222 -1 0
126 222 -1 0
125 222 -1 0
124 222 -1 0
123 222 -1 0
122 222 -1 0
121 222 -1 0
120 222 -1 0
119 222 -1 0
118 222 -1 0
117 222 -1 0
128 221 -1 0
127 221 -1 0
126 221 -1 0
125 221 -1 0
124 221 -1 0
123 221 -1 0
122 221 -1 0
121 221 -1 0
120 221 -1 0
119 221 -1 0
118 221 -1 0
117 221 -1 0
128 220 -1 0
127 220 -1 0
126 220 -1 0
125 220 -1 0
124 220 -1 0
123 220 -1 0
122 220 -1 0
121 220 -1 0
120 220 -1 0
119 220 -1 0
118 220 -1 0
117 220 -1 0
116 220 -1 0
127 219 -1 0
126 219 -1 0
125 219 -1 0
124 219 -1 0
123 219 -1 0
122 219 -1 0
121 219 -1 0
120 219 -1 0
119 219 -1 0
118 219 -1 0
117 219 -1 0
116 219 -1 0
126 218 -1 0
125 218 -1 0
124 218 -1 0
123 218 -1 0
122 218 -1 0
121 218 -1 0
120 218 -1 0
119 218 -1 0
118 218 -1 0
117 218 -1 0
116 218 -1 0
115 218 -1 0
125 217 -1 0
124 217 -1 0
123 217 -1 0
122 217 -1 0
121 217 -1 0
120 217 -1 0
119 217 -1 0
118 217 -1 0
117 217 -1 0
116 217 -1 0
115 217 -1 0
125 216 -1 0
124 216 -1 0
123 216 -1 0
122 216 -1 0
121 216 -1 0
120 216 -1 0
119 216 -1 0
118 216 -1 0
117 216 -1 0
116 216 -1 0
115 216 -1 0
124 215 -1 0
123 215 -1 0
122 215 -1 0
121 215 -1 0
120 215 -1 0
119 215 -1 0
118 215 -1 0
117 215 -1 0
116 215 -1 0
115 215 -1 0
114 215 -1 0
124 214 -1 0
123 214 -1 0
122 214 -1 0
121 214 -1 0
120 214 -1 0
119 214 -1 0
118 214 -1 0
117 214 -1 0
116 214 -1 0
115 214 -1 0
123 213 -1 0
122 213 -1 0
121 213 -1 0
120 213 -1 0
119 213 -1 0
118 213 -1 0
117 213 -1 0
116 213 -1 0
115 213 -1 0
124 212 -1 0
123 212 -1 0
122 212 -1 0
121 212 -1 0
120 212 -1 0
119 212 -1 0
118 212 -1 0
117 212 -1 0
116 212 -1 0
115 212 -1 0
114 212 -1 0
123 211 -1 0
122 211 -1 0
121 211 -1 0
120 211 -1 0
119 211 -1 0
118 211 -1 0
117 211 -1 0
116 211 -1 0
115 211 -1 0
123 210 -1 0
122 210 -1 0
121 210 -1 0
120 210 -1 0
119 210 -1 0
118 210 -1 0
117 210 -1 0
116 210 -1 0
115 210 -1 0
114 210 -1 0
113 210 -1 0
123 209 -1 0
122 209 -1 0
121 209 -1 0
120 209 -1 0
119 209 -1 0
118 209 -1 0
117 209 -1 0
116 209 -1 0
115 209 -1 0
114 209 -1 0
113 209 -1 0
112 209 -1 0
210 208 -1 1
207 208 -1 1
206 208 -1 1
205 208 -1 1
122 208 -1 0
121 208 -1 0
120 208 -1 0
119 208 -1 0
118 208 -1 0
117 208 -1 0
116 208 -1 0
115 208 -1 0
114 208 -1 0
113 208 -1 0
112 208 -1 0
213 207 -1 1
212 207 -1 1
211 207 -1 1
210 207 -1 1
209 207 -1 1
208 207 -1 1
207 207 -1 1
206 207 -1 1
205 207 -1 1
204 207 -1 1
203 207 -1 1
202 207 -1 1
120 207 -1 0
119 207 -1 0
118 207 -1 0
117 207 -1 0
116 207 -1 0
115 207 -1 0
114 207 -1 0
113 207 -1 0
112 207 -1 0
111 207 -1 0
214 206 -1 1
213 206 -1 1
212 206 -1 1
211 206 -1 1
210 206 -1 1
209 206 -1 1
208 206 -1 1
207 206 -1 1
206 206 -1 1
205 206 -1 1
204 206 -1 1
203 206 -1 1
202 206 -1 1
201 206 -1 1
121 206 -1 0
120 206 -1 0
119 206 -1 0
118 206 -1 0
117 206 -1 0
116 206 -1 0
115 206 -1 0
114 206 -1 0
113 206 -1 0
112 206 -1 0
111 206 -1 0
214 205 -1 1
213 205 -1 1
212 205 -1 1
211 205 -1 1
210 205 -1 1
209 205 -1 1
208 205 -1 1
207 205 -1 1
206 205 -1 1
205 205 -1 1
204 205 -1 1
203 205 -1 1
202 205 -1 1
201 205 -1 1
200 205 -1 1
120 205 -1 0
119 205 -1 0
118 205 -1 0
117 205 -1 0
116 205 -1 0
115 205 -1 0
114 205 -1 0
113 205 -1 0
112 205 -1 0
111 205 -1 0
214 204 -1 1
213 204 -1 1
212 204 -1 1
211 204 -1 1
210 204 -1 1
209 204 -1 1
208 204 -1 1
207 204 -1 1
206 204 -1 1
205 204 -1 1
204 204 -1 1
203 204 -1 1
202 204 -1 1
201 204 -1 1
200 204 -1 1
199 204 -1 1
198 204 -1 1
197 204 -1 1
120 204 -1 0
119 204 -1 0
118 204 -1 0
117 204 -1 0
116 204 -1 0
115 204 -1 0
114 204 -1 0
113 204 -1 0
112 204 -1 0
111 204 -1 0
110 204 -1 0
215 203 -1 1
214 203 -1 1
213 203 -1 1
212 203 -1 1
211 203 -1 1
210 203 -1 1
209 203 -1 1
208 203 -1 1
207 203 -1 1
206 203 -1 1
205 203 -1 1
204 203 -1 1
203 203 -1 1
202 203 -1 1
201 203 -1 1
200 203 -1 1
199 203 -1 1
198 203 -1 1
197 203 -1 1
196 203 -1 1
195 203 -1 1
120 203 -1 0
119 203 -1 0
118 203 -1 0
117 203 -1 0
116 203 -1 0
115 203 -1 0
114 203 -1 0
113 203 -1 0
112 203 -1 0
111 203 -1 0
110 203 -1 0
214 202 -1 1
213 202 -1 1
212 202 -1 1
211 202 -1 1
210 202 -1 1
209 202 -1 1
208 202 -1 1
207 202 -1 1
206 202 -1 1
205 202 -1 1
204 202 -1 1
203 202 -1 1
202 202 -1 1
201 202 -1 1
200 202 -1 1
199 202 -1 1
198 202 -1 1
197 202 -1 1
196 202 -1 1
195 202 -1 1
194 202 -1 1
193 202 -1 1
119 202 -1 0
118 202 -1 0
117 202 -1 0
116 202 -1 0
115 202 -1 0
114 202 -1 0
113 202 -1 0
112 202 -1 0
111 202 -1 0
110 202 -1 0
214 201 -1 1
213 201 -1 1
212 201 -1 1
211 201 -1 1
210 201 -1 1
209 201 -1 1
208 201 -1 1
207 201 -1 1
206 201 -1 1
205 201 -1 1
204 201 -1 1
203 201 -1 1
202 201 -1 1
201 201 -1 1
200 201 -1 1
199 201 -1 1
198 201 -1 1
197 201 -1 1
196 201 -1 1
195 201 -1 1
194 201 -1 1
193 201 -1 1
192 201 -1 1
119 201 -1 0
118 201 -1 0
117 201 -1 0
116 201 -1 0
115 201 -1 0
114 201 -1 0
113 201 -1 0
112 201 -1 0
111 201 -1 0
110 201 -1 0
214 200 -1 1
213 200 -1 1
212 200 -1 1
211 200 -1 1
210 200 -1 1
209 200 -1 1
208 200 -1 1
207 200 -1 1
206 200 -1 1
205 200 -1 1
204 200 -1 1
203 200 -1 1
202 200 -1 1
201 200 -1 1
200 200 -1 1
199 200 -1 1
198 200 -1 1
197 200 -1 1
196 200 -1 1
195 200 -1 1
194 200 -1 1
193 200 -1 1
192 200 -1 1
191 200 -1 1
190 200 -1 1
119 200 -1 0
118 200 -1 0
117 200 -1 0
116 200 -1 0
115 200 -1 0
114 200 -1 0
113 200 -1 0
112 200 -1 0
111 200 -1 0
110 200 -1 0
109 200 -1 0
213 199 -1 1
212 199 -1 1
211 199 -1 1
210 199 -1 1
209 199 -1 1
208 199 -1 1
207 199 -1 1
206 199 -1 1
205 199 -1 1
204 199 -1 1
203 199 -1 1
202 199 -1 1
201 199 -1 1
200 199 -1 1
199 199 -1 1
198 199 -1 1
197 199 -1 1
196 199 -1 1
195 199 -1 1
194 199 -1 1
193 199 -1 1
192 199 -1 1
191 199 -1 1
190 199 -1 1
189 199 -1 1
188 199 -1 1
118 199 -1 0
117 199 -1 0
116 199 -1 0
115 199 -1 0
114 199 -1 0
113 199 -1 0
112 199 -1 0
111 199 -1 0
110 199 -1 0
210 198 -1 1
208 198 -1 1
207 198 -1 1
206 198 -1 1
205 198 -1 1
204 198 -1 1
203 198 -1 1
202 198 -1 1
201 198 -1 1
200 198 -1 1
199 198 -1 1
198 198 -1 1
197 198 -1 1
196 198 -1 1
195 198 -1 1
194 198 -1 1
193 198 -1 1
192 198 -1 1
191 198 -1 1
190 198 -1 1
189 198 -1 1
188 198 -1 1
187 198 -1 1
118 198 -1 0
117 198 -1 0
116 198 -1 0
115 198 -1 0
114 198 -1 0
113 198 -1 0
112 198 -1 0
111 198 -1 0
110 198 -1 0
109 198 -1 0
207 197 -1 1
206 197 -1 1
205 197 -1 1
204 197 -1 1
203 197 -1 1
202 197 -1 1
201 197 -1 1
200 197 -1 1
199 197 -1 1
198 197 -1 1
197 197 -1 1
196 197 -1 1
195 197 -1 1
194 197 -1 1
193 197 -1 1
192 197 -1 1
191 197 -1 1
190 197 -1 1
189 197 -1 1
188 197 -1 1
187 197 -1 1
186 197 -1 1
185 197 -1 1
184 197 -1 1
118 197 -1 0
117 197 -1 0
116 197 -1 0
115 197 -1 0
114 197 -1 0
113 197 -1 0
112 197 -1 0
111 197 -1 0
110 197 -1 0
109 197 -1 0
205 196 -1 1
204 196 -1 1
203 196 -1 1
202 196 -1 1
201 196 -1 1
200 196 -1 1
199 196 -1 1
198 196 -1 1
197 196 -1 1
196 196 -1 1
195 196 -1 1
194 196 -1 1
193 196 -1 1
192 196 -1 1
191 196 -1 1
190 196 -1 1
189 196 -1 1
188 196 -1 1
187 196 -1 1
186 196 -1 1
185 196 -1 1
184 196 -1 1
183 196 -1 1
117 196 -1 0
116 196 -1 0
115 196 -1 0
114 196 -1 0
113 196 -1 0
112 196 -1 0
111 196 -1 0
110 196 -1 0
109 196 -1 0
202 195 -1 1
201 195 -1 1
200 195 -1 1
199 195 -1 1
198 195 -1 1
197 195 -1 1
196 195 -1 1
195 195 -1 1
194 195 -1 1
193 195 -1 1
192 195 -1 1
191 195 -1 1
190 195 -1 1
189 195 -1 1
188 195 -1 1
187 195 -1 1
186 195 -1 1
185 195 -1 1
184 195 -1 1
183 195 -1 1
118 195 -1 0
117 195 -1 0
116 195 -1 0
115 195 -1 0
114 195 -1 0
113 195 -1 0
112 195 -1 0
111 195 -1 0
110 195 -1 0
109 195 -1 0
108 195 -1 0
201 194 -1 1
200 194 -1 1
199 194 -1 1
198 194 -1 1
197 194 -1 1
196 194 -1 1
195 194 -1 1
194 194 -1 1
193 194 -1 1
192 194 -1 1
191 194 -1 1
190 194 -1 1
189 194 -1 1
188 194 -1 1
187 194 -1 1
186 194 -1 1
185 194 -1 1
184 194 -1 1
183 194 -1 1
182 194 -1 1
181 194 -1 1
117 194 -1 0
116 194 -1 0
115 194 -1 0
114 194 -1 0
113 194 -1 0
112 194 -1 0
111 194 -1 0
110 194 -1 0
109 194 -1 0
108 194 -1 0
199 193 -1 1
198 193 -1 1
197 193 -1 1
196 193 -1 1
195 193 -1 1
194 193 -1 1
193 193 -1 1
192 193 -1 1
191 193 -1 1
190 193 -1 1
189 193 -1 1
188 193 -1 1
187 193 -1 1
186 193 -1 1
185 193 -1 1
184 193 -1 1
183 193 -1 1
182 193 -1 1
181 193 -1 1
180 193 -1 1
118 193 -1 0
117 193 -1 0
116 193 -1 0
115 193 -1 0
114 193 -1 0
113 193 -1 0
112 193 -1 0
111 193 -1 0
110 193 -1 0
109 193 -1 0
108 193 -1 0
107 193 -1 0
197 192 -1 1
196 192 -1 1
195 192 -1 1
194 192 -1 1
193 192 -1 1
192 192 -1 1
191 192 -1 1
190 192 -1 1
189 192 -1 1
188 192 -1 1
187 192 -1 1
186 192 -1 1
185 192 -1 1
184 192 -1 1
183 192 -1 1
182 192 -1 1
181 192 -1 1
180 192 -1 1
179 192 -1 1
117 192 -1 0
116 192 -1 0
115 192 -1 0
114 192 -1 0
113 192 -1 0
112 192 -1 0
111 192 -1 0
110 192 -1 0
109 192 -1 0
108 192 -1 0
107 192 -1 0
195 191 -1 1
194 191 -1 1
193 191 -1 1
192 191 -1 1
191 191 -1 1
190 191 -1 1
189 191 -1 1
188 191 -1 1
187 191 -1 1
186 191 -1 1
185 191 -1 1
184 191 -1 1
183 191 -1 1
182 191 -1 1
181 191 -1 1
180 191 -1 1
179 191 -1 1
178 191 -1 1
117 191 -1 0
116 191 -1 0
115 191 -1 0
114 191 -1 0
113 191 -1 0
112 191 -1 0
111 191 -1 0
110 191 -1 0
109 191 -1 0
108 191 -1 0
107 191 -1 0
106 191 -1 0
194 190 -1 1
193 190 -1 1
192 190 -1 1
191 190 -1 1
190 190 -1 1
189 190 -1 1
188 190 -1 1
187 190 -1 1
186 190 -1 1
185 190 -1 1
184 190 -1 1
183 190 -1 1
182 190 -1 1
181 190 -1 1
180 190 -1 1
179 190 -1 1
178 190 -1 1
177 190 -1 1
176 190 -1 1
117 190 -1 0
116 190 -1 0
115 190 -1 0
114 190 -1 0
113 190 -1 0
112 190 -1 0
111 190 -1 0
110 190 -1 0
109 190 -1 0
108 190 -1 0
107 190 -1 0
106 190 -1 0
193 189 -1 1
192 189 -1 1
191 189 -1 1
190 189 -1 1
189 189 -1 1
188 189 -1 1
187 189 -1 1
186 189 -1 1
185 189 -1 1
184 189 -1 1
183 189 -1 1
182 189 -1 1
181 189 -1 1
180 189 -1 1
179 189 -1 1
178 189 -1 1
177 189 -1 1
176 189 -1 1
175 189 -1 1
174 189 -1 1
116 189 -1 0
115 189 -1 0
114 189 -1 0
113 189 -1 0
112 189 -1 0
111 189 -1 0
110 189 -1 0
109 189 -1 0
108 189 -1 0
107 189 -1 0
106 189 -1 0
190 188 -1 1
189 188 -1 1
188 188 -1 1
187 188 -1 1
186 188 -1 1
185 188 -1 1
184 188 -1 1
183 188 -1 1
182 188 -1 1
181 188 -1 1
180 188 -1 1
179 188 -1 1
178 188 -1 1
177 188 -1 1
176 188 -1 1
175 188 -1 1
174 188 -1 1
173 188 -1 1
115 188 -1 0
114 188 -1 0
113 188 -1 0
112 188 -1 0
111 188 -1 0
110 188 -1 0
109 188 -1 0
108 188 -1 0
107 188 -1 0
106 188 -1 0
105 188 -1 0
189 187 -1 1
188 187 -1 1
187 187 -1 1
186 187 -1 1
185 187 -1 1
184 187 -1 1
183 187 -1 1
182 187 -1 1
181 187 -1 1
180 187 -1 1
179 187 -1 1
178 187 -1 1
177 187 -1 1
176 187 -1 1
175 187 -1 1
174 187 -1 1
173 187 -1 1
172 187 -1 1
115 187 -1 0
114 187 -1 0
113 187 -1 0
112 187 -1 0
111 187 -1 0
110 187 -1 0
109 187 -1 0
108 187 -1 0
107 187 -1 0
106 187 -1 0
188 186 -1 1
187 186 -1 1
186 186 -1 1
185 186 -1 1
184 186 -1 1
183 186 -1 1
182 186 -1 1
181 186 -1 1
180 186 -1 1
179 186 -1 1
178 186 -1 1
177 186 -1 1
176 186 -1 1
175 186 -1 1
174 186 -1 1
173 186 -1 1
172 186 -1 1
171 186 -1 1
115 186 -1 0
114 186 -1 0
113 186 -1 0
112 186 -1 0
111 186 -1 0
110 186 -1 0
109 186 -1 0
108 186 -1 0
107 186 -1 0
106 186 -1 0
105 186 -1 0
186 185 -1 1
185 185 -1 1
184 185 -1 1
183 185 -1 1
182 185 -1 1
181 185 -1 1
180 185 -1 1
179 185 -1 1
178 185 -1 1
177 185 -1 1
176 185 -1 1
175 185 -1 1
174 185 -1 1
173 185 -1 1
172 185 -1 1
171 185 -1 1
170 185 -1 1
115 185 -1 0
114 185 -1 0
113 185 -1 0
112 185 -1 0
111 185 -1 0
110 185 -1 0
109 185 -1 0
108 185 -1 0
107 185 -1 0
106 185 -1 0
105 185 -1 0
185 184 -1 1
184 184 -1 1
183 184 -1 1
182 184 -1 1
181 184 -1 1
180 184 -1 1
179 184 -1 1
178 184 -1 1
177 184 -1 1
176 184 -1 1
175 184 -1 1
174 184 -1 1
173 184 -1 1
172 184 -1 1
171 184 -1 1
170 184 -1 1
169 184 -1 1
114 184 -1 0
113 184 -1 0
112 184 -1 0
111 184 -1 0
110 184 -1 0
109 184 -1 0
108 184 -1 0
107 184 -1 0
106 184 -1 0
105 184 -1 0
184 183 -1 1
183 183 -1 1
182 183 -1 1
181 183 -1 1
180 183 -1 1
179 183 -1 1
178 183 -1 1
177 183 -1 1
176 183 -1 1
175 183 -1 1
174 183 -1 1
173 183 -1 1
172 183 -1 1
171 183 -1 1
170 183 -1 1
169 183 -1 1
168 183 -1 1
114 183 -1 0
113 183 -1 0
112 183 -1 0
111 183 -1 0
110 183 -1 0
109 183 -1 0
108 183 -1 0
107 183 -1 0
106 183 -1 0
105 183 -1 0
104 183 -1 0
183 182 -1 1
182 182 -1 1
181 182 -1 1
180 182 -1 1
179 182 -1 1
178 182 -1 1
177 182 -1 1
176 182 -1 1
175 182 -1 1
174 182 -1 1
173 182 -1 1
172 182 -1 1
171 182 -1 1
170 182 -1 1
169 182 -1 1
168 182 -1 1
167 182 -1 1
114 182 -1 0
113 182 -1 0
112 182 -1 0
111 182 -1 0
110 182 -1 0
109 182 -1 0
108 182 -1 0
107 182 -1 0
106 182 -1 0
105 182 -1 0
181 181 -1 1
180 181 -1 1
179 181 -1 1
178 181 -1 1
177 181 -1 1
176 181 -1 1
175 181 -1 1
174 181 -1 1
173 181 -1 1
172 181 -1 1
171 181 -1 1
170 181 -1 1
169 181 -1 1
168 181 -1 1
167 181 -1 1
166 181 -1 1
113 181 -1 0
112 181 -1 0
111 181 -1 0
110 181 -1 0
109 181 -1 0
108 181 -1 0
107 181 -1 0
106 181 -1 0
105 181 -1 0
180 180 -1 1
179 180 -1 1
178 180 -1 1
177 180 -1 1
176 180 -1 1
175 180 -1 1
174 180 -1 1
173 180 -1 1
172 180 -1 1
171 180 -1 1
170 180 -1 1
169 180 -1 1
168 180 -1 1
167 180 -1 1
166 180 -1 1
113 180 -1 0
112 180 -1 0
111 180 -1 0
110 180 -1 0
109 180 -1 0
108 180 -1 0
107 180 -1 0
106 180 -1 0
105 180 -1 0
179 179 -1 1
178 179 -1 1
177 179 -1 1
176 179 -1 1
175 179 -1 1
174 179 -1 1
173 179 -1 1
172 179 -1 1
171 179 -1 1
170 179 -1 1
169 179 -1 1
168 179 -1 1
167 179 -1 1
166 179 -1 1
114 179 -1 0
113 179 -1 0
112 179 -1 0
111 179 -1 0
110 179 -1 0
109 179 -1 0
108 179 -1 0
107 179 -1 0
106 179 -1 0
105 179 -1 0
104 179 -1 0
177 178 -1 1
176 178 -1 1
175 178 -1 1
174 178 -1 1
173 178 -1 1
172 178 -1 1
171 178 -1 1
170 178 -1 1
169 178 -1 1
168 178 -1 1
167 178 -1 1
166 178 -1 1
165 178 -1 1
113 178 -1 0
112 178 -1 0
111 178 -1 0
110 178 -1 0
109 178 -1 0
108 178 -1 0
107 178 -1 0
106 178 -1 0
105 178 -1 0
177 177 -1 1
176 177 -1 1
175 177 -1 1
174 177 -1 1
173 177 -1 1
172 177 -1 1
171 177 -1 1
170 177 -1 1
169 177 -1 1
168 177 -1 1
167 177 -1 1
166 177 -1 1
165 177 -1 1
113 177 -1 0
112 177 -1 0
111 177 -1 0
110 177 -1 0
109 177 -1 0
108 177 -1 0
107 177 -1 0
106 177 -1 0
105 177 -1 0
176 176 -1 1
175 176 -1 1
174 176 -1 1
173 176 -1 1
172 176 -1 1
171 176 -1 1
170 176 -1 1
169 176 -1 1
168 176 -1 1
167 176 -1 1
166 176 -1 1
165 176 -1 1
164 176 -1 1
114 176 -1 0
113 176 -1 0
112 176 -1 0
111 176 -1 0
110 176 -1 0
109 176 -1 0
108 176 -1 0
107 176 -1 0
106 176 -1 0
105 176 -1 0
104 176 -1 0
174 175 -1 1
173 175 -1 1
172 175 -1 1
171 175 -1 1
170 175 -1 1
169 175 -1 1
168 175 -1 1
167 175 -1 1
166 175 -1 1
165 175 -1 1
164 175 -1 1
163 175 -1 1
113 175 -1 0
112 175 -1 0
111 175 -1 0
110 175 -1 0
109 175 -1 0
108 175 -1 0
107 175 -1 0
106 175 -1 0
105 175 -1 0
174 174 -1 1
173 174 -1 1
172 174 -1 1
171 174 -1 1
170 174 -1 1
169 174 -1 1
168 174 -1 1
167 174 -1 1
166 174 -1 1
165 174 -1 1
164 174 -1 1
163 174 -1 1
113 174 -1 0
112 174 -1 0
111 174 -1 0
110 174 -1 0
109 174 -1 0
108 174 -1 0
107 174 -1 0
106 174 -1 0
105 174 -1 0
173 173 -1 1
172 173 -1 1
171 173 -1 1
170 173 -1 1
169 173 -1 1
168 173 -1 1
167 173 -1 1
166 173 -1 1
165 173 -1 1
164 173 -1 1
163 173 -1 1
113 173 -1 0
112 173 -1 0
111 173 -1 0
110 173 -1 0
109 173 -1 0
108 173 -1 0
107 173 -1 0
106 173 -1 0
105 173 -1 0
173 172 -1 1
172 172 -1 1
171 172 -1 1
170 172 -1 1
169 172 -1 1
168 172 -1 1
167 172 -1 1
166 172 -1 1
165 172 -1 1
164 172 -1 1
163 172 -1 1
162 172 -1 1
114 172 -1 0
113 172 -1 0
112 172 -1 0
111 172 -1 0
110 172 -1 0
109 172 -1 0
108 172 -1 0
107 172 -1 0
106 172 -1 0
105 172 -1 0
104 172 -1 0
173 171 -1 1
172 171 -1 1
171 171 -1 1
170 171 -1 1
169 171 -1 1
168 171 -1 1
167 171 -1 1
166 171 -1 1
165 171 -1 1
164 171 -1 1
163 171 -1 1
113 171 -1 0
112 171 -1 0
111 171 -1 0
110 171 -1 0
109 171 -1 0
108 171 -1 0
107 171 -1 0
106 171 -1 0
105 171 -1 0
172 170 -1 1
171 170 -1 1
170 170 -1 1
169 170 -1 1
168 170 -1 1
167 170 -1 1
166 170 -1 1
165 170 -1 1
164 170 -1 1
163 170 -1 1
113 170 -1 0
112 170 -1 0
111 170 -1 0
110 170 -1 0
109 170 -1 0
108 170 -1 0
107 170 -1 0
106 170 -1 0
105 170 -1 0
172 169 -1 1
171 169 -1 1
170 169 -1 1
169 169 -1 1
168 169 -1 1
167 169 -1 1
166 169 -1 1
165 169 -1 1
164 169 -1 1
163 169 -1 1
114 169 -1 0
113 169 -1 0
112 169 -1 0
111 169 -1 0
110 169 -1 0
109 169 -1 0
108 169 -1 0
107 169 -1 0
106 169 -1 0
105 169 -1 0
104 169 -1 0
274 168 -1 0
272 168 -1 0
171 168 -1 1
170 168 -1 1
169 168 -1 1
168 168 -1 1
167 168 -1 1
166 168 -1 1
165 168 -1 1
164 168 -1 1
113 168 -1 0
112 168 -1 0
111 168 -1 0
110 168 -1 0
109 168 -1 0
108 168 -1 0
107 168 -1 0
106 168 -1 0
105 168 -1 0
277 167 -1 0
276 167 -1 0
275 167 -1 0
274 167 -1 0
273 167 -1 0
272 167 -1 0
271 167 -1 0
270 167 -1 0
269 167 -1 0
168 167 -1 1
167 167 -1 1
113 167 -1 0
112 167 -1 0
111 167 -1 0
110 167 -1 0
109 167 -1 0
108 167 -1 0
107 167 -1 0
106 167 -1 0
105 167 -1 0
278 166 -1 0
277 166 -1 0
276 166 -1 0
275 166 -1 0
274 166 -1 0
273 166 -1 0
272 166 -1 0
271 166 -1 0
270 166 -1 0
269 166 -1 0
268 166 -1 0
113 166 -1 0
112 166 -1 0
111 166 -1 0
110 166 -1 0
109 166 -1 0
108 166 -1 0
107 166 -1 0
106 166 -1 0
105 166 -1 0
278 165 -1 0
277 165 -1 0
276 165 -1 0
275 165 -1 0
274 165 -1 0
273 165 -1 0
272 165 -1 0
271 165 -1 0
270 165 -1 0
269 165 -1 0
268 165 -1 0
114 165 -1 0
113 165 -1 0
112 165 -1 0
111 165 -1 0
110 165 -1 0
109 165 -1 0
108 165 -1 0
107 165 -1 0
106 165 -1 0
105 165 -1 0
104 165 -1 0
278 164 -1 0
277 164 -1 0
276 164 -1 0
275 164 -1 0
274 164 -1 0
273 164 -1 0
272 164 -1 0
271 164 -1 0
270 164 -1 0
269 164 -1 0
268 164 -1 0
113 164 -1 0
112 164 -1 0
111 164 -1 0
110 164 -1 0
109 164 -1 0
108 164 -1 0
107 164 -1 0
106 164 -1 0
105 164 -1 0
279 163 -1 0
278 163 -1 0
277 163 -1 0
276 163 -1 0
275 163 -1 0
274 163 -1 0
273 163 -1 0
272 163 -1 0
271 163 -1 0
270 163 -1 0
269 163 -1 0
268 163 -1 0
267 163 -1 0
113 163 -1 0
112 163 -1 0
111 163 -1 0
110 163 -1 0
109 163 -1 0
108 163 -1 0
107 163 -1 0
106 163 -1 0
105 163 -1 0
278 162 -1 0
277 162 -1 0
276 162 -1 0
275 162 -1 0
274 162 -1 0
273 162 -1 0
272 162 -1 0
271 162 -1 0
270 162 -1 0
269 162 -1 0
268 162 -1 0
267 162 -1 0
114 162 -1 0
113 162 -1 0
112 162 -1 0
111 162 -1 0
110 162 -1 0
109 162 -1 0
108 162 -1 0
107 162 -1 0
106 162 -1 0
105 162 -1 0
104 162 -1 0
278 161 -1 0
277 161 -1 0
276 161 -1 0
275 161 -1 0
274 161 -1 0
273 161 -1 0
272 161 -1 0
271 161 -1 0
270 161 -1 0
269 161 -1 0
268 161 -1 0
113 161 -1 0
112 161 -1 0
111 161 -1 0
110 161 -1 0
109 161 -1 0
108 161 -1 0
107 161 -1 0
106 161 -1 0
105 161 -1 0
278 160 -1 0
277 160 -1 0
276 160 -1 0
275 160 -1 0
274 160 -1 0
273 160 -1 0
272 160 -1 0
271 160 -1 0
270 160 -1 0
269 160 -1 0
268 160 -1 0
267 160 -1 0
113 160 -1 0
112 160 -1 0
111 160 -1 0
110 160 -1 0
109 160 -1 0
108 160 -1 0
107 160 -1 0
106 160 -1 0
105 160 -1 0
277 159 -1 0
276 159 -1 0
275 159 -1 0
274 159 -1 0
273 159 -1 0
272 159 -1 0
271 159 -1 0
270 159 -1 0
269 159 -1 0
268 159 -1 0
267 159 -1 0
114 159 -1 0
113 159 -1 0
112 159 -1 0
111 159 -1 0
110 159 -1 0
109 159 -1 0
108 159 -1 0
107 159 -1 0
106 159 -1 0
105 159 -1 0
104 159 -1 0
277 158 -1 0
276 158 -1 0
275 158 -1 0
274 158 -1 0
273 158 -1 0
272 158 -1 0
271 158 -1 0
270 158 -1 0
269 158 -1 0
268 158 -1 0
267 158 -1 0
113 158 -1 0
112 158 -1 0
111 158 -1 0
110 158 -1 0
109 158 -1 0
108 158 -1 0
107 158 -1 0
106 158 -1 0
105 158 -1 0
276 157 -1 0
275 157 -1 0
274 157 -1 0
273 157 -1 0
272 157 -1 0
271 157 -1 0
270 157 -1 0
269 157 -1 0
268 157 -1 0
267 157 -1 0
113 157 -1 0
112 157 -1 0
111 157 -1 0
110 157 -1 0
109 157 -1 0
108 157 -1 0
107 157 -1 0
106 157 -1 0
105 157 -1 0
276 156 -1 0
275 156 -1 0
274 156 -1 0
273 156 -1 0
272 156 -1 0
271 156 -1 0
270 156 -1 0
269 156 -1 0
268 156 -1 0
267 156 -1 0
113 156 -1 0
112 156 -1 0
111 156 -1 0
110 156 -1 0
109 156 -1 0
108 156 -1 0
107 156 -1 0
106 156 -1 0
105 156 -1 0
104 156 -1 0
276 155 -1 0
275 155 -1 0
274 155 -1 0
273 155 -1 0
272 155 -1 0
271 155 -1 0
270 155 -1 0
269 155 -1 0
268 155 -1 0
267 155 -1 0
266 155 -1 0
112 155 -1 0
111 155 -1 0
110 155 -1 0
109 155 -1 0
108 155 -1 0
107 155 -1 0
106 155 -1 0
105 155 -1 0
104 155 -1 0
276 154 -1 0
275 154 -1 0
274 154 -1 0
273 154 -1 0
272 154 -1 0
271 154 -1 0
270 154 -1 0
269 154 -1 0
268 154 -1 0
267 154 -1 0
266 154 -1 0
112 154 -1 0
111 154 -1 0
110 154 -1 0
109 154 -1 0
108 154 -1 0
107 154 -1 0
106 154 -1 0
105 154 -1 0
104 154 -1 0
275 153 -1 0
274 153 -1 0
273 153 -1 0
272 153 -1 0
271 153 -1 0
270 153 -1 0
269 153 -1 0
268 153 -1 0
267 153 -1 0
266 153 -1 0
113 153 -1 0
112 153 -1 0
111 153 -1 0
110 153 -1 0
109 153 -1 0
108 153 -1 0
107 153 -1 0
106 153 -1 0
105 153 -1 0
104 153 -1 0
103 153 -1 0
275 152 -1 0
274 152 -1 0
273 152 -1 0
272 152 -1 0
271 152 -1 0
270 152 -1 0
269 152 -1 0
268 152 -1 0
267 152 -1 0
266 152 -1 0
112 152 -1 0
111 152 -1 0
110 152 -1 0
109 152 -1 0
108 152 -1 0
107 152 -1 0
106 152 -1 0
105 152 -1 0
104 152 -1 0
276 151 -1 0
275 151 -1 0
274 151 -1 0
273 151 -1 0
272 151 -1 0
271 151 -1 0
270 151 -1 0
269 151 -1 0
268 151 -1 0
267 151 -1 0
266 151 -1 0
265 151 -1 0
112 151 -1 0
111 151 -1 0
110 151 -1 0
109 151 -1 0
108 151 -1 0
107 151 -1 0
106 151 -1 0
105 151 -1 0
104 151 -1 0
275 150 -1 0
274 150 -1 0
273 150 -1 0
272 150 -1 0
271 150 -1 0
270 150 -1 0
269 150 -1 0
268 150 -1 0
267 150 -1 0
266 150 -1 0
112 150 -1 0
111 150 -1 0
110 150 -1 0
109 150 -1 0
108 150 -1 0
107 150 -1 0
106 150 -1 0
105 150 -1 0
104 150 -1 0
275 149 -1 0
274 149 -1 0
273 149 -1 0
272 149 -1 0
271 149 -1 0
270 149 -1 0
269 149 -1 0
268 149 -1 0
267 149 -1 0
266 149 -1 0
112 149 -1 0
111 149 -1 0
110 149 -1 0
109 149 -1 0
108 149 -1 0
107 149 -1 0
106 149 -1 0
105 149 -1 0
104 149 -1 0
275 148 -1 0
274 148 -1 0
273 148 -1 0
272 148 -1 0
271 148 -1 0
270 148 -1 0
269 148 -1 0
268 148 -1 0
267 148 -1 0
266 148 -1 0
113 148 -1 0
112 148 -1 0
111 148 -1 0
110 148 -1 0
109 148 -1 0
108 148 -1 0
107 148 -1 0
106 148 -1 0
105 148 -1 0
104 148 -1 0
103 148 -1 0
275 147 -1 0
274 147 -1 0
273 147 -1 0
272 147 -1 0
271 147 -1 0
270 147 -1 0
269 147 -1 0
268 147 -1 0
267 147 -1 0
266 147 -1 0
265 147 -1 0
112 147 -1 0
111 147 -1 0
110 147 -1 0
109 147 -1 0
108 147 -1 0
107 147 -1 0
106 147 -1 0
105 147 -1 0
104 147 -1 0
103 147 -1 0
274 146 -1 0
273 146 -1 0
272 146 -1 0
271 146 -1 0
270 146 -1 0
269 146 -1 0
268 146 -1 0
267 146 -1 0
266 146 -1 0
112 146 -1 0
111 146 -1 0
110 146 -1 0
109 146 -1 0
108 146 -1 0
107 146 -1 0
106 146 -1 0
105 146 -1 0
104 146 -1 0
103 146 -1 0
102 146 -1 0
275 145 -1 0
274 145 -1 0
273 145 -1 0
272 145 -1 0
271 145 -1 0
270 145 -1 0
269 145 -1 0
268 145 -1 0
267 145 -1 0
266 145 -1 0
265 145 -1 0
112 145 -1 0
111 145 -1 0
110 145 -1 0
109 145 -1 0
108 145 -1 0
107 145 -1 0
106 145 -1 0
105 145 -1 0
104 145 -1 0
103 145 -1 0
102 145 -1 0
274 144 -1 0
273 144 -1 0
272 144 -1 0
271 144 -1 0
270 144 -1 0
269 144 -1 0
268 144 -1 0
267 144 -1 0
266 144 -1 0
265 144 -1 0
111 144 -1 0
110 144 -1 0
109 144 -1 0
108 144 -1 0
107 144 -1 0
106 144 -1 0
105 144 -1 0
104 144 -1 0
103 144 -1 0
102 144 -1 0
274 143 -1 0
273 143 -1 0
272 143 -1 0
271 143 -1 0
270 143 -1 0
269 143 -1 0
268 143 -1 0
267 143 -1 0
266 143 -1 0
265 143 -1 0
264 143 -1 0
111 143 -1 0
110 143 -1 0
109 143 -1 0
108 143 -1 0
107 143 -1 0
106 143 -1 0
105 143 -1 0
104 143 -1 0
103 143 -1 0
102 143 -1 0
101 143 -1 0
274 142 -1 0
273 142 -1 0
272 142 -1 0
271 142 -1 0
270 142 -1 0
269 142 -1 0
268 142 -1 0
267 142 -1 0
266 142 -1 0
265 142 -1 0
264 142 -1 0
110 142 -1 0
109 142 -1 0
108 142 -1 0
107 142 -1 0
106 142 -1 0
105 142 -1 0
104 142 -1 0
103 142 -1 0
102 142 -1 0
273 141 -1 0
272 141 -1 0
271 141 -1 0
270 141 -1 0
269 141 -1 0
268 141 -1 0
267 141 -1 0
266 141 -1 0
265 141 -1 0
264 141 -1 0
110 141 -1 0
109 141 -1 0
108 141 -1 0
107 141 -1 0
106 141 -1 0
105 141 -1 0
104 141 -1 0
103 141 -1 0
102 141 -1 0
273 140 -1 0
272 140 -1 0
271 140 -1 0
270 140 -1 0
269 140 -1 0
268 140 -1 0
267 140 -1 0
266 140 -1 0
265 140 -1 0
264 140 -1 0
263 140 -1 0
110 140 -1 0
109 140 -1 0
108 140 -1 0
107 140 -1 0
106 140 -1 0
105 140 -1 0
104 140 -1 0
103 140 -1 0
102 140 -1 0
272 139 -1 0
271 139 -1 0
270 139 -1 0
269 139 -1 0
268 139 -1 0
267 139 -1 0
266 139 -1 0
265 139 -1 0
264 139 -1 0
263 139 -1 0
110 139 -1 0
109 139 -1 0
108 139 -1 0
107 139 -1 0
106 139 -1 0
105 139 -1 0
104 139 -1 0
103 139 -1 0
102 139 -1 0
272 138 -1 0
271 138 -1 0
270 138 -1 0
269 138 -1 0
268 138 -1 0
267 138 -1 0
266 138 -1 0
265 138 -1 0
264 138 -1 0
263 138 -1 0
111 138 -1 0
110 138 -1 0
109 138 -1 0
108 138 -1 0
107 138 -1 0
106 138 -1 0
105 138 -1 0
104 138 -1 0
103 138 -1 0
102 138 -1 0
101 138 -1 0
272 137 -1 0
271 137 -1 0
270 137 -1 0
269 137 -1 0
268 137 -1 0
267 137 -1 0
266 137 -1 0
265 137 -1 0
264 137 -1 0
263 137 -1 0
110 137 -1 0
109 137 -1 0
108 137 -1 0
107 137 -1 0
106 137 -1 0
105 137 -1 0
104 137 -1 0
103 137 -1 0
102 137 -1 0
101 137 -1 0
272 136 -1 0
271 136 -1 0
270 136 -1 0
269 136 -1 0
268 136 -1 0
267 136 -1 0
266 136 -1 0
265 136 -1 0
264 136 -1 0
263 136 -1 0
262 136 -1 0
110 136 -1 0
109 136 -1 0
108 136 -1 0
107 136 -1 0
106 136 -1 0
105 136 -1 0
104 136 -1 0
103 136 -1 0
102 136 -1 0
101 136 -1 0
271 135 -1 0
270 135 -1 0
269 135 -1 0
268 135 -1 0
267 135 -1 0
266 135 -1 0
265 135 -1 0
264 135 -1 0
263 135 -1 0
262 135 -1 0
110 135 -1 0
109 135 -1 0
108 135 -1 0
107 135 -1 0
106 135 -1 0
105 135 -1 0
104 135 -1 0
103 135 -1 0
102 135 -1 0
101 135 -1 0
100 135 -1 0
271 134 -1 0
270 134 -1 0
269 134 -1 0
268 134 -1 0
267 134 -1 0
266 134 -1 0
265 134 -1 0
264 134 -1 0
263 134 -1 0
262 134 -1 0
261 134 -1 0
109 134 -1 0
108 134 -1 0
107 134 -1 0
106 134 -1 0
105 134 -1 0
104 134 -1 0
103 134 -1 0
102 134 -1 0
101 134 -1 0
271 133 -1 0
270 133 -1 0
269 133 -1 0
268 133 -1 0
267 133 -1 0
266 133 -1 0
265 133 -1 0
264 133 -1 0
263 133 -1 0
262 133 -1 0
261 133 -1 0
109 133 -1 0
108 133 -1 0
107 133 -1 0
106 133 -1 0
105 133 -1 0
104 133 -1 0
103 133 -1 0
102 133 -1 0
101 133 -1 0
270 132 -1 0
269 132 -1 0
268 132 -1 0
267 132 -1 0
266 132 -1 0
265 132 -1 0
264 132 -1 0
263 132 -1 0
262 132 -1 0
261 132 -1 0
109 132 -1 0
108 132 -1 0
107 132 -1 0
106 132 -1 0
105 132 -1 0
104 132 -1 0
103 132 -1 0
102 132 -1 0
101 132 -1 0
270 131 -1 0
269 131 -1 0
268 131 -1 0
267 131 -1 0
266 131 -1 0
265 131 -1 0
264 131 -1 0
263 131 -1 0
262 131 -1 0
261 131 -1 0
260 131 -1 0
108 131 -1 0
107 131 -1 0
106 131 -1 0
105 131 -1 0
104 131 -1 0
103 131 -1 0
102 131 -1 0
269 130 -1 0
268 130 -1 0
267 130 -1 0
266 130 -1 0
265 130 -1 0
264 130 -1 0
263 130 -1 0
262 130 -1 0
261 130 -1 0
105 130 -1 0
269 129 -1 0
268 129 -1 0
267 129 -1 0
266 129 -1 0
265 129 -1 0
264 129 -1 0
263 129 -1 0
262 129 -1 0
261 129 -1 0
269 128 -1 0
268 128 -1 0
267 128 -1 0
266 128 -1 0
265 128 -1 0
264 128 -1 0
263 128 -1 0
262 128 -1 0
261 128 -1 0
260 128 -1 0
270 127 -1 0
269 127 -1 0
268 127 -1 0
267 127 -1 0
266 127 -1 0
265 127 -1 0
264 127 -1 0
263 127 -1 0
262 127 -1 0
261 127 -1 0
260 127 -1 0
259 127 -1 0
269 126 -1 0
268 126 -1 0
267 126 -1 0
266 126 -1 0
265 126 -1 0
264 126 -1 0
263 126 -1 0
262 126 -1 0
261 126 -1 0
260 126 -1 0
259 126 -1 0
269 125 -1 0
268 125 -1 0
267 125 -1 0
266 125 -1 0
265 125 -1 0
264 125 -1 0
263 125 -1 0
262 125 -1 0
261 125 -1 0
260 125 -1 0
259 125 -1 0
258 125 -1 0
269 124 -1 0
268 124 -1 0
267 124 -1 0
266 124 -1 0
265 124 -1 0
264 124 -1 0
263 124 -1 0
262 124 -1 0
261 124 -1 0
260 124 -1 0
259 124 -1 0
258 124 -1 0
257 124 -1 0
268 123 -1 0
267 123 -1 0
266 123 -1 0
265 123 -1 0
264 123 -1 0
263 123 -1 0
262 123 -1 0
261 123 -1 0
260 123 -1 0
259 123 -1 0
258 123 -1 0
257 123 -1 0
256 123 -1 0
267 122 -1 0
266 122 -1 0
265 122 -1 0
264 122 -1 0
263 122 -1 0
262 122 -1 0
261 122 -1 0
260 122 -1 0
259 122 -1 0
258 122 -1 0
257 122 -1 0
256 122 -1 0
267 121 -1 0
266 121 -1 0
265 121 -1 0
264 121 -1 0
263 121 -1 0
262 121 -1 0
261 121 -1 0
260 121 -1 0
259 121 -1 0
258 121 -1 0
257 121 -1 0
256 121 -1 0
255 121 -1 0
266 120 -1 0
265 120 -1 0
264 120 -1 0
263 120 -1 0
262 120 -1 0
261 120 -1 0
260 120 -1 0
259 120 -1 0
258 120 -1 0
257 120 -1 0
256 120 -1 0
255 120 -1 0
254 120 -1 0
266 119 -1 0
265 119 -1 0
264 119 -1 0
263 119 -1 0
262 119 -1 0
261 119 -1 0
260 119 -1 0
259 119 -1 0
258 119 -1 0
257 119 -1 0
256 119 -1 0
255 119 -1 0
254 119 -1 0
253 119 -1 0
265 118 -1 0
264 118 -1 0
263 118 -1 0
262 118 -1 0
261 118 -1 0
260 118 -1 0
259 118 -1 0
258 118 -1 0
257 118 -1 0
256 118 -1 0
255 118 -1 0
254 118 -1 0
253 118 -1 0
264 117 -1 0
263 117 -1 0
262 117 -1 0
261 117 -1 0
260 117 -1 0
259 117 -1 0
258 117 -1 0
257 117 -1 0
256 117 -1 0
255 117 -1 0
254 117 -1 0
253 117 -1 0
252 117 -1 0
263 116 -1 0
262 116 -1 0
261 116 -1 0
260 116 -1 0
259 116 -1 0
258 116 -1 0
257 116 -1 0
256 116 -1 0
255 116 -1 0
254 116 -1 0
253 116 -1 0
252 116 -1 0
251 116 -1 0
263 115 -1 0
262 115 -1 0
261 115 -1 0
260 115 -1 0
259 115 -1 0
258 115 -1 0
257 115 -1 0
256 115 -1 0
255 115 -1 0
254 115 -1 0
253 115 -1 0
252 115 -1 0
251 115 -1 0
262 114 -1 0
261 114 -1 0
260 114 -1 0
259 114 -1 0
258 114 -1 0
257 114 -1 0
256 114 -1 0
255 114 -1 0
254 114 -1 0
253 114 -1 0
252 114 -1 0
251 114 -1 0
250 114 -1 0
261 113 -1 0
260 113 -1 0
259 113 -1 0
258 113 -1 0
257 113 -1 0
256 113 -1 0
255 113 -1 0
254 113 -1 0
253 113 -1 0
252 113 -1 0
251 113 -1 0
250 113 -1 0
249 113 -1 0
260 112 -1 0
259 112 -1 0
258 112 -1 0
257 112 -1 0
256 112 -1 0
255 112 -1 0
254 112 -1 0
253 112 -1 0
252 112 -1 0
251 112 -1 0
250 112 -1 0
249 112 -1 0
259 111 -1 0
258 111 -1 0
257 111 -1 0
256 111 -1 0
255 111 -1 0
254 111 -1 0
253 111 -1 0
252 111 -1 0
251 111 -1 0
250 111 -1 0
249 111 -1 0
259 110 -1 0
258 110 -1 0
257 110 -1 0
256 110 -1 0
255 110 -1 0
254 110 -1 0
253 110 -1 0
252 110 -1 0
251 110 -1 0
250 110 -1 0
249 110 -1 0
248 110 -1 0
258 109 -1 0
257 109 -1 0
256 109 -1 0
255 109 -1 0
254 109 -1 0
253 109 -1 0
252 109 -1 0
251 109 -1 0
250 109 -1 0
249 109 -1 0
248 109 -1 0
247 109 -1 0
258 108 -1 0
257 108 -1 0
256 108 -1 0
255 108 -1 0
254 108 -1 0
253 108 -1 0
252 108 -1 0
251 108 -1 0
250 108 -1 0
249 108 -1 0
248 108 -1 0
247 108 -1 0
246 108 -1 0
257 107 -1 0
256 107 -1 0
255 107 -1 0
254 107 -1 0
253 107 -1 0
252 107 -1 0
251 107 -1 0
250 107 -1 0
249 107 -1 0
248 107 -1 0
247 107 -1 0
246 107 -1 0
245 107 -1 0
257 106 -1 0
256 106 -1 0
255 106 -1 0
254 106 -1 0
253 106 -1 0
252 106 -1 0
251 106 -1 0
250 106 -1 0
249 106 -1 0
248 106 -1 0
247 106 -1 0
246 106 -1 0
245 106 -1 0
244 106 -1 0
256 105 -1 0
255 105 -1 0
254 105 -1 0
253 105 -1 0
252 105 -1 0
251 105 -1 0
250 105 -1 0
249 105 -1 0
248 105 -1 0
247 105 -1 0
246 105 -1 0
245 105 -1 0
244 105 -1 0
254 104 -1 0
253 104 -1 0
252 104 -1 0
251 104 -1 0
250 104 -1 0
249 104 -1 0
248 104 -1 0
247 104 -1 0
246 104 -1 0
245 104 -1 0
244 104 -1 0
243 104 -1 0
242 104 -1 0
254 103 -1 0
253 103 -1 0
252 103 -1 0
251 103 -1 0
250 103 -1 0
249 103 -1 0
248 103 -1 0
247 103 -1 0
246 103 -1 0
245 103 -1 0
244 103 -1 0
243 103 -1 0
242 103 -1 0
241 103 -1 0
254 102 -1 0
253 102 -1 0
252 102 -1 0
251 102 -1 0
250 102 -1 0
249 102 -1 0
248 102 -1 0
247 102 -1 0
246 102 -1 0
245 102 -1 0
244 102 -1 0
243 102 -1 0
242 102 -1 0
241 102 -1 0
253 101 -1 0
252 101 -1 0
251 101 -1 0
250 101 -1 0
249 101 -1 0
248 101 -1 0
247 101 -1 0
246 101 -1 0
245 101 -1 0
244 101 -1 0
243 101 -1 0
242 101 -1 0
241 101 -1 0
252 100 -1 0
251 100 -1 0
250 100 -1 0
249 100 -1 0
248 100 -1 0
247 100 -1 0
246 100 -1 0
245 100 -1 0
244 100 -1 0
243 100 -1 0
242 100 -1 0
241 100 -1 0
240 100 -1 0
251 99 -1 0
250 99 -1 0
249 99 -1 0
248 99 -1 0
247 99 -1 0
246 99 -1 0
245 99 -1 0
244 99 -1 0
243 99 -1 0
242 99 -1 0
241 99 -1 0
239 99 -1 0
249 98 -1 0
248 98 -1 0
247 98 -1 0
246 98 -1 0
245 98 -1 0
244 98 -1 0
243 98 -1 0
242 98 -1 0
241 98 -1 0
240 98 -1 0
239 98 -1 0
238 98 -1 0
237 98 -1 0
236 98 -1 0
249 97 -1 0
248 97 -1 0
247 97 -1 0
246 97 -1 0
245 97 -1 0
244 97 -1 0
243 97 -1 0
242 97 -1 0
241 97 -1 0
240 97 -1 0
239 97 -1 0
238 97 -1 0
237 97 -1 0
236 97 -1 0
235 97 -1 0
248 96 -1 0
247 96 -1 0
246 96 -1 0
245 96 -1 0
244 96 -1 0
243 96 -1 0
242 96 -1 0
241 96 -1 0
240 96 -1 0
239 96 -1 0
238 96 -1 0
237 96 -1 0
236 96 -1 0
235 96 -1 0
233 96 -1 0
245 95 -1 0
243 95 -1 0
242 95 -1 0
241 95 -1 0
240 95 -1 0
239 95 -1 0
238 95 -1 0
237 95 -1 0
236 95 -1 0
235 95 -1 0
234 95 -1 0
233 95 -1 0
232 95 -1 0
231 95 -1 0
230 95 -1 0
244 94 -1 0
243 94 -1 0
242 94 -1 0
241 94 -1 0
240 94 -1 0
239 94 -1 0
238 94 -1 0
237 94 -1 0
236 94 -1 0
235 94 -1 0
234 94 -1 0
233 94 -1 0
232 94 -1 0
231 94 -1 0
230 94 -1 0
229 94 -1 0
243 93 -1 0
242 93 -1 0
241 93 -1 0
240 93 -1 0
239 93 -1 0
238 93 -1 0
237 93 -1 0
236 93 -1 0
235 93 -1 0
234 93 -1 0
233 93 -1 0
232 93 -1 0
231 93 -1 0
230 93 -1 0
229 93 -1 0
227 93 -1 0
243 92 -1 0
242 92 -1 0
241 92 -1 0
240 92 -1 0
239 92 -1 0
238 92 -1 0
237 92 -1 0
236 92 -1 0
235 92 -1 0
234 92 -1 0
233 92 -1 0
232 92 -1 0
231 92 -1 0
230 92 -1 0
229 92 -1 0
228 92 -1 0
227 92 -1 0
226 92 -1 0
225 92 -1 0
224 92 -1 0
243 91 -1 0
242 91 -1 0
241 91 -1 0
240 91 -1 0
239 91 -1 0
238 91 -1 0
237 91 -1 0
236 91 -1 0
235 91 -1 0
234 91 -1 0
233 91 -1 0
232 91 -1 0
231 91 -1 0
230 91 -1 0
229 91 -1 0
228 91 -1 0
227 91 -1 0
226 91 -1 0
225 91 -1 0
224 91 -1 0
223 91 -1 0
242 90 -1 0
241 90 -1 0
240 90 -1 0
239 90 -1 0
238 90 -1 0
237 90 -1 0
236 90 -1 0
235 90 -1 0
234 90 -1 0
233 90 -1 0
232 90 -1 0
231 90 -1 0
230 90 -1 0
229 90 -1 0
228 90 -1 0
227 90 -1 0
226 90 -1 0
225 90 -1 0
224 90 -1 0
223 90 -1 0
239 89 -1 0
237 89 -1 0
236 89 -1 0
235 89 -1 0
234 89 -1 0
233 89 -1 0
232 89 -1 0
231 89 -1 0
230 89 -1 0
229 89 -1 0
228 89 -1 0
227 89 -1 0
226 89 -1 0
225 89 -1 0
224 89 -1 0
223 89 -1 0
237 88 -1 0
236 88 -1 0
235 88 -1 0
234 88 -1 0
233 88 -1 0
232 88 -1 0
231 88 -1 0
230 88 -1 0
229 88 -1 0
228 88 -1 0
227 88 -1 0
226 88 -1 0
225 88 -1 0
224 88 -1 0
223 88 -1 0
222 88 -1 0
236 87 -1 0
235 87 -1 0
234 87 -1 0
233 87 -1 0
232 87 -1 0
231 87 -1 0
230 87 -1 0
229 87 -1 0
228 87 -1 0
227 87 -1 0
226 87 -1 0
225 87 -1 0
224 87 -1 0
223 87 -1 0
233 86 -1 0
232 86 -1 0
231 86 -1 0
230 86 -1 0
229 86 -1 0
228 86 -1 0
227 86 -1 0
226 86 -1 0
225 86 -1 0
224 86 -1 0
223 86 -1 0
233 85 -1 0
232 85 -1 0
231 85 -1 0
230 85 -1 0
229 85 -1 0
228 85 -1 0
227 85 -1 0
226 85 -1 0
225 85 -1 0
224 85 -1 0
223 85 -1 0
232 84 -1 0
231 84 -1 0
230 84 -1 0
229 84 -1 0
228 84 -1 0
227 84 -1 0
226 84 -1 0
225 84 -1 0
224 84 -1 0
229 83 -1 0
227 83 -1 0
