2995 408 341
376 281 -1 0
379 280 -1 0
378 280 -1 0
377 280 -1 0
376 280 -1 0
375 280 -1 0
374 280 -1 0
373 280 -1 0
380 279 -1 0
379 279 -1 0
378 279 -1 0
377 279 -1 0
376 279 -1 0
375 279 -1 0
374 279 -1 0
373 279 -1 0
372 279 -1 0
380 278 -1 0
379 278 -1 0
378 278 -1 0
377 278 -1 0
376 278 -1 0
375 278 -1 0
374 278 -1 0
373 278 -1 0
372 278 -1 0
371 278 -1 0
380 277 -1 0
379 277 -1 0
378 277 -1 0
377 277 -1 0
376 277 -1 0
375 277 -1 0
374 277 -1 0
373 277 -1 0
372 277 -1 0
371 277 -1 0
381 276 -1 0
380 276 -1 0
379 276 -1 0
378 276 -1 0
377 276 -1 0
376 276 -1 0
375 276 -1 0
374 276 -1 0
373 276 -1 0
372 276 -1 0
371 276 -1 0
370 276 -1 0
380 275 -1 0
379 275 -1 0
378 275 -1 0
377 275 -1 0
376 275 -1 0
375 275 -1 0
374 275 -1 0
373 275 -1 0
372 275 -1 0
371 275 -1 0
370 275 -1 0
369 275 -1 0
380 274 -1 0
379 274 -1 0
378 274 -1 0
377 274 -1 0
376 274 -1 0
375 274 -1 0
374 274 -1 0
373 274 -1 0
372 274 -1 0
371 274 -1 0
370 274 -1 0
369 274 -1 0
380 273 -1 0
379 273 -1 0
378 273 -1 0
377 273 -1 0
376 273 -1 0
375 273 -1 0
374 273 -1 0
373 273 -1 0
372 273 -1 0
371 273 -1 0
370 273 -1 0
369 273 -1 0
368 273 -1 0
379 272 -1 0
378 272 -1 0
377 272 -1 0
376 272 -1 0
375 272 -1 0
374 272 -1 0
373 272 -1 0
372 272 -1 0
371 272 -1 0
370 272 -1 0
369 272 -1 0
368 272 -1 0
367 272 -1 0
379 271 -1 0
378 271 -1 0
377 271 -1 0
376 271 -1 0
375 271 -1 0
374 271 -1 0
373 271 -1 0
372 271 -1 0
371 271 -1 0
370 271 -1 0
369 271 -1 0
368 271 -1 0
367 271 -1 0
379 270 -1 0
378 270 -1 0
377 270 -1 0
376 270 -1 0
375 270 -1 0
374 270 -1 0
373 270 -1 0
372 270 -1 0
371 270 -1 0
370 270 -1 0
369 270 -1 0
368 270 -1 0
367 270 -1 0
366 270 -1 0
378 269 -1 0
377 269 -1 0
376 269 -1 0
375 269 -1 0
374 269 -1 0
373 269 -1 0
372 269 -1 0
371 269 -1 0
370 269 -1 0
369 269 -1 0
368 269 -1 0
367 269 -1 0
366 269 -1 0
377 268 -1 0
376 268 -1 0
375 268 -1 0
374 268 -1 0
373 268 -1 0
372 268 -1 0
371 268 -1 0
370 268 -1 0
369 268 -1 0
368 268 -1 0
367 268 -1 0
366 268 -1 0
365 268 -1 0
376 267 -1 0
375 267 -1 0
374 267 -1 0
373 267 -1 0
372 267 -1 0
371 267 -1 0
370 267 -1 0
369 267 -1 0
368 267 -1 0
367 267 -1 0
366 267 -1 0
365 267 -1 0
364 267 -1 0
376 266 -1 0
375 266 -1 0
374 266 -1 0
373 266 -1 0
372 266 -1 0
371 266 -1 0
370 266 -1 0
369 266 -1 0
368 266 -1 0
367 266 -1 0
366 266 -1 0
365 266 -1 0
364 266 -1 0
363 266 -1 0
375 265 -1 0
374 265 -1 0
373 265 -1 0
372 265 -1 0
371 265 -1 0
370 265 -1 0
369 265 -1 0
368 265 -1 0
367 265 -1 0
366 265 -1 0
365 265 -1 0
364 265 -1 0
363 265 -1 0
362 265 -1 0
374 264 -1 0
373 264 -1 0
372 264 -1 0
371 264 -1 0
370 264 -1 0
369 264 -1 0
368 264 -1 0
367 264 -1 0
366 264 -1 0
365 264 -1 0
364 264 -1 0
363 264 -1 0
362 264 -1 0
361 264 -1 0
373 263 -1 0
372 263 -1 0
371 263 -1 0
370 263 -1 0
369 263 -1 0
368 263 -1 0
367 263 -1 0
366 263 -1 0
365 263 -1 0
364 263 -1 0
363 263 -1 0
362 263 -1 0
361 263 -1 0
360 263 -1 0
373 262 -1 0
372 262 -1 0
371 262 -1 0
370 262 -1 0
369 262 -1 0
368 262 -1 0
367 262 -1 0
366 262 -1 0
365 262 -1 0
364 262 -1 0
363 262 -1 0
362 262 -1 0
361 262 -1 0
360 262 -1 0
372 261 -1 0
371 261 -1 0
370 261 -1 0
369 261 -1 0
368 261 -1 0
367 261 -1 0
366 261 -1 0
365 261 -1 0
364 261 -1 0
363 261 -1 0
362 261 -1 0
361 261 -1 0
360 261 -1 0
359 261 -1 0
358 261 -1 0
371 260 -1 0
370 260 -1 0
369 260 -1 0
368 260 -1 0
367 260 -1 0
366 260 -1 0
365 260 -1 0
364 260 -1 0
363 260 -1 0
362 260 -1 0
361 260 -1 0
360 260 -1 0
359 260 -1 0
358 260 -1 0
357 260 -1 0
370 259 -1 0
369 259 -1 0
368 259 -1 0
367 259 -1 0
366 259 -1 0
365 259 -1 0
364 259 -1 0
363 259 -1 0
362 259 -1 0
361 259 -1 0
360 259 -1 0
359 259 -1 0
358 259 -1 0
357 259 -1 0
370 258 -1 0
369 258 -1 0
368 258 -1 0
367 258 -1 0
366 258 -1 0
365 258 -1 0
364 258 -1 0
363 258 -1 0
362 258 -1 0
361 258 -1 0
360 258 -1 0
359 258 -1 0
358 258 -1 0
357 258 -1 0
369 257 -1 0
368 257 -1 0
367 257 -1 0
366 257 -1 0
365 257 -1 0
364 257 -1 0
363 257 -1 0
362 257 -1 0
361 257 -1 0
360 257 -1 0
359 257 -1 0
358 257 -1 0
357 257 -1 0
356 257 -1 0
368 256 -1 0
367 256 -1 0
366 256 -1 0
365 256 -1 0
364 256 -1 0
363 256 -1 0
362 256 -1 0
361 256 -1 0
360 256 -1 0
359 256 -1 0
358 256 -1 0
357 256 -1 0
356 256 -1 0
367 255 -1 0
366 255 -1 0
365 255 -1 0
364 255 -1 0
363 255 -1 0
362 255 -1 0
361 255 -1 0
360 255 -1 0
359 255 -1 0
358 255 -1 0
357 255 -1 0
356 255 -1 0
355 255 -1 0
354 255 -1 0
366 254 -1 0
365 254 -1 0
364 254 -1 0
363 254 -1 0
362 254 -1 0
361 254 -1 0
360 254 -1 0
359 254 -1 0
358 254 -1 0
357 254 -1 0
356 254 -1 0
355 254 -1 0
354 254 -1 0
353 254 -1 0
365 253 -1 0
364 253 -1 0
363 253 -1 0
362 253 -1 0
361 253 -1 0
360 253 -1 0
359 253 -1 0
358 253 -1 0
357 253 -1 0
356 253 -1 0
355 253 -1 0
354 253 -1 0
353 253 -1 0
364 252 -1 0
363 252 -1 0
362 252 -1 0
361 252 -1 0
360 252 -1 0
359 252 -1 0
358 252 -1 0
357 252 -1 0
356 252 -1 0
355 252 -1 0
354 252 -1 0
353 252 -1 0
352 252 -1 0
364 251 -1 0
363 251 -1 0
362 251 -1 0
361 251 -1 0
360 251 -1 0
359 251 -1 0
358 251 -1 0
357 251 -1 0
356 251 -1 0
355 251 -1 0
354 251 -1 0
353 251 -1 0
352 251 -1 0
351 251 -1 0
364 250 -1 0
363 250 -1 0
362 250 -1 0
361 250 -1 0
360 250 -1 0
359 250 -1 0
358 250 -1 0
357 250 -1 0
356 250 -1 0
355 250 -1 0
354 250 -1 0
353 250 -1 0
352 250 -1 0
351 250 -1 0
350 250 -1 0
349 250 -1 0
363 249 -1 0
362 249 -1 0
361 249 -1 0
360 249 -1 0
359 249 -1 0
358 249 -1 0
357 249 -1 0
356 249 -1 0
355 249 -1 0
354 249 -1 0
353 249 -1 0
352 249 -1 0
351 249 -1 0
350 249 -1 0
349 249 -1 0
348 249 -1 0
362 248 -1 0
361 248 -1 0
360 248 -1 0
359 248 -1 0
358 248 -1 0
357 248 -1 0
356 248 -1 0
355 248 -1 0
354 248 -1 0
353 248 -1 0
352 248 -1 0
351 248 -1 0
350 248 -1 0
349 248 -1 0
348 248 -1 0
360 247 -1 0
359 247 -1 0
358 247 -1 0
357 247 -1 0
356 247 -1 0
355 247 -1 0
354 247 -1 0
353 247 -1 0
352 247 -1 0
351 247 -1 0
350 247 -1 0
349 247 -1 0
348 247 -1 0
347 247 -1 0
360 246 -1 0
359 246 -1 0
358 246 -1 0
357 246 -1 0
356 246 -1 0
355 246 -1 0
354 246 -1 0
353 246 -1 0
352 246 -1 0
351 246 -1 0
350 246 -1 0
349 246 -1 0
348 246 -1 0
347 246 -1 0
346 246 -1 0
359 245 -1 0
358 245 -1 0
357 245 -1 0
356 245 -1 0
355 245 -1 0
354 245 -1 0
353 245 -1 0
352 245 -1 0
351 245 -1 0
350 245 -1 0
349 245 -1 0
348 245 -1 0
347 245 -1 0
346 245 -1 0
358 244 -1 0
357 244 -1 0
356 244 -1 0
355 244 -1 0
354 244 -1 0
353 244 -1 0
352 244 -1 0
351 244 -1 0
350 244 -1 0
349 244 -1 0
348 244 -1 0
347 244 -1 0
346 244 -1 0
345 244 -1 0
344 244 -1 0
356 243 -1 0
355 243 -1 0
354 243 -1 0
353 243 -1 0
352 243 -1 0
351 243 -1 0
350 243 -1 0
349 243 -1 0
348 243 -1 0
347 243 -1 0
346 243 -1 0
345 243 -1 0
344 243 -1 0
343 243 -1 0
355 242 -1 0
354 242 -1 0
353 242 -1 0
352 242 -1 0
351 242 -1 0
350 242 -1 0
349 242 -1 0
348 242 -1 0
347 242 -1 0
346 242 -1 0
345 242 -1 0
344 242 -1 0
343 242 -1 0
342 242 -1 0
354 241 -1 0
353 241 -1 0
352 241 -1 0
351 241 -1 0
350 241 -1 0
349 241 -1 0
348 241 -1 0
347 241 -1 0
346 241 -1 0
345 241 -1 0
344 241 -1 0
343 241 -1 0
342 241 -1 0
341 241 -1 0
354 240 -1 0
353 240 -1 0
352 240 -1 0
351 240 -1 0
350 240 -1 0
349 240 -1 0
348 240 -1 0
347 240 -1 0
346 240 -1 0
345 240 -1 0
344 240 -1 0
343 240 -1 0
342 240 -1 0
341 240 -1 0
353 239 -1 0
352 239 -1 0
351 239 -1 0
350 239 -1 0
349 239 -1 0
348 239 -1 0
347 239 -1 0
346 239 -1 0
345 239 -1 0
344 239 -1 0
343 239 -1 0
342 239 -1 0
341 239 -1 0
351 238 -1 0
350 238 -1 0
349 238 -1 0
348 238 -1 0
347 238 -1 0
346 238 -1 0
345 238 -1 0
344 238 -1 0
343 238 -1 0
342 238 -1 0
341 238 -1 0
340 238 -1 0
351 237 -1 0
350 237 -1 0
349 237 -1 0
348 237 -1 0
347 237 -1 0
346 237 -1 0
345 237 -1 0
344 237 -1 0
343 237 -1 0
342 237 -1 0
341 237 -1 0
340 237 -1 0
339 237 -1 0
350 236 -1 0
349 236 -1 0
348 236 -1 0
347 236 -1 0
346 236 -1 0
345 236 -1 0
344 236 -1 0
343 236 -1 0
342 236 -1 0
341 236 -1 0
340 236 -1 0
339 236 -1 0
338 236 -1 0
349 235 -1 0
348 235 -1 0
347 235 -1 0
346 235 -1 0
345 235 -1 0
344 235 -1 0
343 235 -1 0
342 235 -1 0
341 235 -1 0
340 235 -1 0
339 235 -1 0
338 235 -1 0
337 235 -1 0
336 235 -1 0
335 235 -1 0
348 234 -1 0
347 234 -1 0
346 234 -1 0
345 234 -1 0
344 234 -1 0
343 234 -1 0
342 234 -1 0
341 234 -1 0
340 234 -1 0
339 234 -1 0
338 234 -1 0
337 234 -1 0
336 234 -1 0
335 234 -1 0
334 234 -1 0
333 234 -1 0
347 233 -1 0
346 233 -1 0
345 233 -1 0
344 233 -1 0
343 233 -1 0
342 233 -1 0
341 233 -1 0
340 233 -1 0
339 233 -1 0
338 233 -1 0
337 233 -1 0
336 233 -1 0
335 233 -1 0
334 233 -1 0
333 233 -1 0
332 233 -1 0
331 233 -1 0
330 233 -1 0
328 233 -1 0
347 232 -1 0
346 232 -1 0
345 232 -1 0
344 232 -1 0
343 232 -1 0
342 232 -1 0
341 232 -1 0
340 232 -1 0
339 232 -1 0
338 232 -1 0
337 232 -1 0
336 232 -1 0
335 232 -1 0
334 232 -1 0
333 232 -1 0
332 232 -1 0
331 232 -1 0
330 232 -1 0
329 232 -1 0
328 232 -1 0
327 232 -1 0
326 232 -1 0
325 232 -1 0
347 231 -1 0
346 231 -1 0
345 231 -1 0
344 231 -1 0
343 231 -1 0
342 231 -1 0
341 231 -1 0
340 231 -1 0
339 231 -1 0
338 231 -1 0
337 231 -1 0
336 231 -1 0
335 231 -1 0
334 231 -1 0
333 231 -1 0
332 231 -1 0
331 231 -1 0
330 231 -1 0
329 231 -1 0
328 231 -1 0
327 231 -1 0
326 231 -1 0
325 231 -1 0
324 231 -1 0
346 230 -1 0
345 230 -1 0
344 230 -1 0
343 230 -1 0
342 230 -1 0
341 230 -1 0
340 230 -1 0
339 230 -1 0
338 230 -1 0
337 230 -1 0
336 230 -1 0
335 230 -1 0
334 230 -1 0
333 230 -1 0
332 230 -1 0
331 230 -1 0
330 230 -1 0
329 230 -1 0
328 230 -1 0
327 230 -1 0
326 230 -1 0
325 230 -1 0
324 230 -1 0
323 230 -1 0
322 230 -1 0
321 230 -1 0
319 230 -1 0
345 229 -1 0
344 229 -1 0
343 229 -1 0
342 229 -1 0
341 229 -1 0
340 229 -1 0
339 229 -1 0
338 229 -1 0
337 229 -1 0
336 229 -1 0
335 229 -1 0
334 229 -1 0
333 229 -1 0
332 229 -1 0
331 229 -1 0
330 229 -1 0
329 229 -1 0
328 229 -1 0
327 229 -1 0
326 229 -1 0
325 229 -1 0
324 229 -1 0
323 229 -1 0
322 229 -1 0
321 229 -1 0
320 229 -1 0
319 229 -1 0
318 229 -1 0
317 229 -1 0
316 229 -1 0
313 229 -1 0
344 228 -1 0
343 228 -1 0
342 228 -1 0
341 228 -1 0
340 228 -1 0
339 228 -1 0
338 228 -1 0
337 228 -1 0
336 228 -1 0
335 228 -1 0
334 228 -1 0
333 228 -1 0
332 228 -1 0
331 228 -1 0
330 228 -1 0
329 228 -1 0
328 228 -1 0
327 228 -1 0
326 228 -1 0
325 228 -1 0
324 228 -1 0
323 228 -1 0
322 228 -1 0
321 228 -1 0
320 228 -1 0
319 228 -1 0
318 228 -1 0
317 228 -1 0
316 228 -1 0
315 228 -1 0
314 228 -1 0
313 228 -1 0
312 228 -1 0
311 228 -1 0
310 228 -1 0
341 227 -1 0
340 227 -1 0
339 227 -1 0
338 227 -1 0
337 227 -1 0
336 227 -1 0
335 227 -1 0
334 227 -1 0
333 227 -1 0
332 227 -1 0
331 227 -1 0
330 227 -1 0
329 227 -1 0
328 227 -1 0
327 227 -1 0
326 227 -1 0
325 227 -1 0
324 227 -1 0
323 227 -1 0
322 227 -1 0
321 227 -1 0
320 227 -1 0
319 227 -1 0
318 227 -1 0
317 227 -1 0
316 227 -1 0
315 227 -1 0
314 227 -1 0
313 227 -1 0
312 227 -1 0
311 227 -1 0
310 227 -1 0
309 227 -1 0
339 226 -1 0
338 226 -1 0
337 226 -1 0
336 226 -1 0
335 226 -1 0
334 226 -1 0
333 226 -1 0
332 226 -1 0
331 226 -1 0
330 226 -1 0
329 226 -1 0
328 226 -1 0
327 226 -1 0
326 226 -1 0
325 226 -1 0
324 226 -1 0
323 226 -1 0
322 226 -1 0
321 226 -1 0
320 226 -1 0
319 226 -1 0
318 226 -1 0
317 226 -1 0
316 226 -1 0
315 226 -1 0
314 226 -1 0
313 226 -1 0
312 226 -1 0
311 226 -1 0
310 226 -1 0
309 226 -1 0
337 225 -1 0
336 225 -1 0
335 225 -1 0
334 225 -1 0
333 225 -1 0
332 225 -1 0
331 225 -1 0
330 225 -1 0
329 225 -1 0
328 225 -1 0
327 225 -1 0
326 225 -1 0
325 225 -1 0
324 225 -1 0
323 225 -1 0
322 225 -1 0
321 225 -1 0
320 225 -1 0
319 225 -1 0
318 225 -1 0
317 225 -1 0
316 225 -1 0
315 225 -1 0
314 225 -1 0
313 225 -1 0
312 225 -1 0
311 225 -1 0
310 225 -1 0
309 225 -1 0
334 224 -1 0
333 224 -1 0
332 224 -1 0
331 224 -1 0
330 224 -1 0
329 224 -1 0
328 224 -1 0
327 224 -1 0
326 224 -1 0
325 224 -1 0
324 224 -1 0
323 224 -1 0
322 224 -1 0
321 224 -1 0
320 224 -1 0
319 224 -1 0
318 224 -1 0
317 224 -1 0
316 224 -1 0
315 224 -1 0
314 224 -1 0
313 224 -1 0
312 224 -1 0
311 224 -1 0
310 224 -1 0
309 224 -1 0
308 224 -1 0
330 223 -1 0
328 223 -1 0
327 223 -1 0
326 223 -1 0
325 223 -1 0
324 223 -1 0
323 223 -1 0
322 223 -1 0
321 223 -1 0
320 223 -1 0
319 223 -1 0
318 223 -1 0
317 223 -1 0
316 223 -1 0
315 223 -1 0
314 223 -1 0
313 223 -1 0
312 223 -1 0
311 223 -1 0
310 223 -1 0
309 223 -1 0
358 222 -1 1
327 222 -1 0
326 222 -1 0
325 222 -1 0
324 222 -1 0
323 222 -1 0
322 222 -1 0
321 222 -1 0
320 222 -1 0
319 222 -1 0
318 222 -1 0
317 222 -1 0
316 222 -1 0
315 222 -1 0
314 222 -1 0
313 222 -1 0
312 222 -1 0
311 222 -1 0
310 222 -1 0
309 222 -1 0
361 221 -1 1
360 221 -1 1
359 221 -1 1
358 221 -1 1
357 221 -1 1
356 221 -1 1
355 221 -1 1
324 221 -1 0
322 221 -1 0
321 221 -1 0
320 221 -1 0
319 221 -1 0
318 221 -1 0
317 221 -1 0
316 221 -1 0
315 221 -1 0
314 221 -1 0
313 221 -1 0
312 221 -1 0
311 221 -1 0
310 221 -1 0
309 221 -1 0
362 220 -1 1
361 220 -1 1
360 220 -1 1
359 220 -1 1
358 220 -1 1
357 220 -1 1
356 220 -1 1
355 220 -1 1
354 220 -1 1
319 220 -1 0
318 220 -1 0
317 220 -1 0
316 220 -1 0
315 220 -1 0
314 220 -1 0
313 220 -1 0
312 220 -1 0
311 220 -1 0
310 220 -1 0
362 219 -1 1
361 219 -1 1
360 219 -1 1
359 219 -1 1
358 219 -1 1
357 219 -1 1
356 219 -1 1
355 219 -1 1
354 219 -1 1
316 219 -1 0
313 219 -1 0
363 218 -1 1
362 218 -1 1
361 218 -1 1
360 218 -1 1
359 218 -1 1
358 218 -1 1
357 218 -1 1
356 218 -1 1
355 218 -1 1
354 218 -1 1
363 217 -1 1
362 217 -1 1
361 217 -1 1
360 217 -1 1
359 217 -1 1
358 217 -1 1
357 217 -1 1
356 217 -1 1
355 217 -1 1
354 217 -1 1
353 217 -1 1
363 216 -1 1
362 216 -1 1
361 216 -1 1
360 216 -1 1
359 216 -1 1
358 216 -1 1
357 216 -1 1
356 216 -1 1
355 216 -1 1
354 216 -1 1
364 215 -1 1
363 215 -1 1
362 215 -1 1
361 215 -1 1
360 215 -1 1
359 215 -1 1
358 215 -1 1
357 215 -1 1
356 215 -1 1
355 215 -1 1
354 215 -1 1
363 214 -1 1
362 214 -1 1
361 214 -1 1
360 214 -1 1
359 214 -1 1
358 214 -1 1
357 214 -1 1
356 214 -1 1
355 214 -1 1
354 214 -1 1
364 213 -1 1
363 213 -1 1
362 213 -1 1
361 213 -1 1
360 213 -1 1
359 213 -1 1
358 213 -1 1
357 213 -1 1
356 213 -1 1
355 213 -1 1
354 213 -1 1
364 212 -1 1
363 212 -1 1
362 212 -1 1
361 212 -1 1
360 212 -1 1
359 212 -1 1
358 212 -1 1
357 212 -1 1
356 212 -1 1
355 212 -1 1
354 212 -1 1
364 211 -1 1
363 211 -1 1
362 211 -1 1
361 211 -1 1
360 211 -1 1
359 211 -1 1
358 211 -1 1
357 211 -1 1
356 211 -1 1
355 211 -1 1
365 210 -1 1
364 210 -1 1
363 210 -1 1
362 210 -1 1
361 210 -1 1
360 210 -1 1
359 210 -1 1
358 210 -1 1
357 210 -1 1
356 210 -1 1
355 210 -1 1
365 209 -1 1
364 209 -1 1
363 209 -1 1
362 209 -1 1
361 209 -1 1
360 209 -1 1
359 209 -1 1
358 209 -1 1
357 209 -1 1
356 209 -1 1
355 209 -1 1
365 208 -1 1
364 208 -1 1
363 208 -1 1
362 208 -1 1
361 208 -1 1
360 208 -1 1
359 208 -1 1
358 208 -1 1
357 208 -1 1
356 208 -1 1
355 208 -1 1
366 207 -1 1
365 207 -1 1
364 207 -1 1
363 207 -1 1
362 207 -1 1
361 207 -1 1
360 207 -1 1
359 207 -1 1
358 207 -1 1
357 207 -1 1
356 207 -1 1
366 206 -1 1
365 206 -1 1
364 206 -1 1
363 206 -1 1
362 206 -1 1
361 206 -1 1
360 206 -1 1
359 206 -1 1
358 206 -1 1
357 206 -1 1
356 206 -1 1
366 205 -1 1
365 205 -1 1
364 205 -1 1
363 205 -1 1
362 205 -1 1
361 205 -1 1
360 205 -1 1
359 205 -1 1
358 205 -1 1
357 205 -1 1
356 205 -1 1
366 204 -1 1
365 204 -1 1
364 204 -1 1
363 204 -1 1
362 204 -1 1
361 204 -1 1
360 204 -1 1
359 204 -1 1
358 204 -1 1
357 204 -1 1
356 204 -1 1
366 203 -1 1
365 203 -1 1
364 203 -1 1
363 203 -1 1
362 203 -1 1
361 203 -1 1
360 203 -1 1
359 203 -1 1
358 203 -1 1
357 203 -1 1
367 202 -1 1
366 202 -1 1
365 202 -1 1
364 202 -1 1
363 202 -1 1
362 202 -1 1
361 202 -1 1
360 202 -1 1
359 202 -1 1
358 202 -1 1
357 202 -1 1
366 201 -1 1
365 201 -1 1
364 201 -1 1
363 201 -1 1
362 201 -1 1
361 201 -1 1
360 201 -1 1
359 201 -1 1
358 201 -1 1
357 201 -1 1
367 200 -1 1
366 200 -1 1
365 200 -1 1
364 200 -1 1
363 200 -1 1
362 200 -1 1
361 200 -1 1
360 200 -1 1
359 200 -1 1
358 200 -1 1
357 200 -1 1
367 199 -1 1
366 199 -1 1
365 199 -1 1
364 199 -1 1
363 199 -1 1
362 199 -1 1
361 199 -1 1
360 199 -1 1
359 199 -1 1
358 199 -1 1
357 199 -1 1
367 198 -1 1
366 198 -1 1
365 198 -1 1
364 198 -1 1
363 198 -1 1
362 198 -1 1
361 198 -1 1
360 198 -1 1
359 198 -1 1
358 198 -1 1
368 197 -1 1
367 197 -1 1
366 197 -1 1
365 197 -1 1
364 197 -1 1
363 197 -1 1
362 197 -1 1
361 197 -1 1
360 197 -1 1
359 197 -1 1
358 197 -1 1
368 196 -1 1
367 196 -1 1
366 196 -1 1
365 196 -1 1
364 196 -1 1
363 196 -1 1
362 196 -1 1
361 196 -1 1
360 196 -1 1
359 196 -1 1
358 196 -1 1
369 195 -1 1
368 195 -1 1
367 195 -1 1
366 195 -1 1
365 195 -1 1
364 195 -1 1
363 195 -1 1
362 195 -1 1
361 195 -1 1
360 195 -1 1
359 195 -1 1
370 194 -1 1
369 194 -1 1
368 194 -1 1
367 194 -1 1
366 194 -1 1
365 194 -1 1
364 194 -1 1
363 194 -1 1
362 194 -1 1
361 194 -1 1
360 194 -1 1
359 194 -1 1
370 193 -1 1
369 193 -1 1
368 193 -1 1
367 193 -1 1
366 193 -1 1
365 193 -1 1
364 193 -1 1
363 193 -1 1
362 193 -1 1
361 193 -1 1
360 193 -1 1
359 193 -1 1
370 192 -1 1
369 192 -1 1
368 192 -1 1
367 192 -1 1
366 192 -1 1
365 192 -1 1
364 192 -1 1
363 192 -1 1
362 192 -1 1
361 192 -1 1
360 192 -1 1
371 191 -1 1
370 191 -1 1
369 191 -1 1
368 191 -1 1
367 191 -1 1
366 191 -1 1
365 191 -1 1
364 191 -1 1
363 191 -1 1
362 191 -1 1
361 191 -1 1
360 191 -1 1
371 190 -1 1
370 190 -1 1
369 190 -1 1
368 190 -1 1
367 190 -1 1
366 190 -1 1
365 190 -1 1
364 190 -1 1
363 190 -1 1
362 190 -1 1
361 190 -1 1
371 189 -1 1
370 189 -1 1
369 189 -1 1
368 189 -1 1
367 189 -1 1
366 189 -1 1
365 189 -1 1
364 189 -1 1
363 189 -1 1
362 189 -1 1
373 188 -1 1
372 188 -1 1
371 188 -1 1
370 188 -1 1
369 188 -1 1
368 188 -1 1
367 188 -1 1
366 188 -1 1
365 188 -1 1
364 188 -1 1
363 188 -1 1
362 188 -1 1
374 187 -1 1
373 187 -1 1
372 187 -1 1
371 187 -1 1
370 187 -1 1
369 187 -1 1
368 187 -1 1
367 187 -1 1
366 187 -1 1
365 187 -1 1
364 187 -1 1
363 187 -1 1
374 186 -1 1
373 186 -1 1
372 186 -1 1
371 186 -1 1
370 186 -1 1
369 186 -1 1
368 186 -1 1
367 186 -1 1
366 186 -1 1
365 186 -1 1
364 186 -1 1
363 186 -1 1
375 185 -1 1
374 185 -1 1
373 185 -1 1
372 185 -1 1
371 185 -1 1
370 185 -1 1
369 185 -1 1
368 185 -1 1
367 185 -1 1
366 185 -1 1
365 185 -1 1
364 185 -1 1
363 185 -1 1
375 184 -1 1
374 184 -1 1
373 184 -1 1
372 184 -1 1
371 184 -1 1
370 184 -1 1
369 184 -1 1
368 184 -1 1
367 184 -1 1
366 184 -1 1
365 184 -1 1
364 184 -1 1
375 183 -1 1
374 183 -1 1
373 183 -1 1
372 183 -1 1
371 183 -1 1
370 183 -1 1
369 183 -1 1
368 183 -1 1
367 183 -1 1
366 183 -1 1
376 182 -1 1
375 182 -1 1
374 182 -1 1
373 182 -1 1
372 182 -1 1
371 182 -1 1
370 182 -1 1
369 182 -1 1
368 182 -1 1
367 182 -1 1
366 182 -1 1
376 181 -1 1
375 181 -1 1
374 181 -1 1
373 181 -1 1
372 181 -1 1
371 181 -1 1
370 181 -1 1
369 181 -1 1
368 181 -1 1
367 181 -1 1
366 181 -1 1
377 180 -1 1
376 180 -1 1
375 180 -1 1
374 180 -1 1
373 180 -1 1
372 180 -1 1
371 180 -1 1
370 180 -1 1
369 180 -1 1
368 180 -1 1
367 180 -1 1
378 179 -1 1
377 179 -1 1
376 179 -1 1
375 179 -1 1
374 179 -1 1
373 179 -1 1
372 179 -1 1
371 179 -1 1
370 179 -1 1
369 179 -1 1
368 179 -1 1
367 179 -1 1
379 178 -1 1
378 178 -1 1
377 178 -1 1
376 178 -1 1
375 178 -1 1
374 178 -1 1
373 178 -1 1
372 178 -1 1
371 178 -1 1
370 178 -1 1
369 178 -1 1
368 178 -1 1
379 177 -1 1
378 177 -1 1
377 177 -1 1
376 177 -1 1
375 177 -1 1
374 177 -1 1
373 177 -1 1
372 177 -1 1
371 177 -1 1
370 177 -1 1
369 177 -1 1
368 177 -1 1
379 176 -1 1
378 176 -1 1
377 176 -1 1
376 176 -1 1
375 176 -1 1
374 176 -1 1
373 176 -1 1
372 176 -1 1
371 176 -1 1
370 176 -1 1
369 176 -1 1
368 176 -1 1
380 175 -1 1
379 175 -1 1
378 175 -1 1
377 175 -1 1
376 175 -1 1
375 175 -1 1
374 175 -1 1
373 175 -1 1
372 175 -1 1
371 175 -1 1
370 175 -1 1
369 175 -1 1
380 174 -1 1
379 174 -1 1
378 174 -1 1
377 174 -1 1
376 174 -1 1
375 174 -1 1
374 174 -1 1
373 174 -1 1
372 174 -1 1
371 174 -1 1
370 174 -1 1
369 174 -1 1
380 173 -1 1
379 173 -1 1
378 173 -1 1
377 173 -1 1
376 173 -1 1
375 173 -1 1
374 173 -1 1
373 173 -1 1
372 173 -1 1
371 173 -1 1
370 173 -1 1
314 173 -1 0
381 172 -1 1
380 172 -1 1
379 172 -1 1
378 172 -1 1
377 172 -1 1
376 172 -1 1
375 172 -1 1
374 172 -1 1
373 172 -1 1
372 172 -1 1
371 172 -1 1
317 172 -1 0
316 172 -1 0
315 172 -1 0
314 172 -1 0
313 172 -1 0
312 172 -1 0
311 172 -1 0
382 171 -1 1
381 171 -1 1
380 171 -1 1
379 171 -1 1
378 171 -1 1
377 171 -1 1
376 171 -1 1
375 171 -1 1
374 171 -1 1
373 171 -1 1
372 171 -1 1
318 171 -1 0
317 171 -1 0
316 171 -1 0
315 171 -1 0
314 171 -1 0
313 171 -1 0
312 171 -1 0
311 171 -1 0
310 171 -1 0
382 170 -1 1
381 170 -1 1
380 170 -1 1
379 170 -1 1
378 170 -1 1
377 170 -1 1
376 170 -1 1
375 170 -1 1
374 170 -1 1
373 170 -1 1
372 170 -1 1
318 170 -1 0
317 170 -1 0
316 170 -1 0
315 170 -1 0
314 170 -1 0
313 170 -1 0
312 170 -1 0
311 170 -1 0
310 170 -1 0
383 169 -1 1
382 169 -1 1
381 169 -1 1
380 169 -1 1
379 169 -1 1
378 169 -1 1
377 169 -1 1
376 169 -1 1
375 169 -1 1
374 169 -1 1
373 169 -1 1
372 169 -1 1
318 169 -1 0
317 169 -1 0
316 169 -1 0
315 169 -1 0
314 169 -1 0
313 169 -1 0
312 169 -1 0
311 169 -1 0
310 169 -1 0
384 168 -1 1
383 168 -1 1
382 168 -1 1
381 168 -1 1
380 168 -1 1
379 168 -1 1
378 168 -1 1
377 168 -1 1
376 168 -1 1
375 168 -1 1
374 168 -1 1
373 168 -1 1
319 168 -1 0
318 168 -1 0
317 168 -1 0
316 168 -1 0
315 168 -1 0
314 168 -1 0
313 168 -1 0
312 168 -1 0
311 168 -1 0
310 168 -1 0
309 168 -1 0
384 167 -1 1
383 167 -1 1
382 167 -1 1
381 167 -1 1
380 167 -1 1
379 167 -1 1
378 167 -1 1
377 167 -1 1
376 167 -1 1
375 167 -1 1
374 167 -1 1
373 167 -1 1
319 167 -1 0
318 167 -1 0
317 167 -1 0
316 167 -1 0
315 167 -1 0
314 167 -1 0
313 167 -1 0
312 167 -1 0
311 167 -1 0
310 167 -1 0
309 167 -1 0
384 166 -1 1
383 166 -1 1
382 166 -1 1
381 166 -1 1
380 166 -1 1
379 166 -1 1
378 166 -1 1
377 166 -1 1
376 166 -1 1
375 166 -1 1
374 166 -1 1
373 166 -1 1
319 166 -1 0
318 166 -1 0
317 166 -1 0
316 166 -1 0
315 166 -1 0
314 166 -1 0
313 166 -1 0
312 166 -1 0
311 166 -1 0
310 166 -1 0
385 165 -1 1
384 165 -1 1
383 165 -1 1
382 165 -1 1
381 165 -1 1
380 165 -1 1
379 165 -1 1
378 165 -1 1
377 165 -1 1
376 165 -1 1
375 165 -1 1
374 165 -1 1
319 165 -1 0
318 165 -1 0
317 165 -1 0
316 165 -1 0
315 165 -1 0
314 165 -1 0
313 165 -1 0
312 165 -1 0
311 165 -1 0
310 165 -1 0
309 165 -1 0
386 164 -1 1
385 164 -1 1
384 164 -1 1
383 164 -1 1
382 164 -1 1
381 164 -1 1
380 164 -1 1
379 164 -1 1
378 164 -1 1
377 164 -1 1
376 164 -1 1
375 164 -1 1
374 164 -1 1
320 164 -1 0
319 164 -1 0
318 164 -1 0
317 164 -1 0
316 164 -1 0
315 164 -1 0
314 164 -1 0
313 164 -1 0
312 164 -1 0
311 164 -1 0
310 164 -1 0
387 163 -1 1
386 163 -1 1
385 163 -1 1
384 163 -1 1
383 163 -1 1
382 163 -1 1
381 163 -1 1
380 163 -1 1
379 163 -1 1
378 163 -1 1
377 163 -1 1
376 163 -1 1
375 163 -1 1
319 163 -1 0
318 163 -1 0
317 163 -1 0
316 163 -1 0
315 163 -1 0
314 163 -1 0
313 163 -1 0
312 163 -1 0
311 163 -1 0
310 163 -1 0
387 162 -1 1
386 162 -1 1
385 162 -1 1
384 162 -1 1
383 162 -1 1
382 162 -1 1
381 162 -1 1
380 162 -1 1
379 162 -1 1
378 162 -1 1
377 162 -1 1
376 162 -1 1
375 162 -1 1
319 162 -1 0
318 162 -1 0
317 162 -1 0
316 162 -1 0
315 162 -1 0
314 162 -1 0
313 162 -1 0
312 162 -1 0
311 162 -1 0
310 162 -1 0
387 161 -1 1
386 161 -1 1
385 161 -1 1
384 161 -1 1
383 161 -1 1
382 161 -1 1
381 161 -1 1
380 161 -1 1
379 161 -1 1
378 161 -1 1
377 161 -1 1
376 161 -1 1
320 161 -1 0
319 161 -1 0
318 161 -1 0
317 161 -1 0
316 161 -1 0
315 161 -1 0
314 161 -1 0
313 161 -1 0
312 161 -1 0
311 161 -1 0
310 161 -1 0
388 160 -1 1
387 160 -1 1
386 160 -1 1
385 160 -1 1
384 160 -1 1
383 160 -1 1
382 160 -1 1
381 160 -1 1
380 160 -1 1
379 160 -1 1
378 160 -1 1
319 160 -1 0
318 160 -1 0
317 160 -1 0
316 160 -1 0
315 160 -1 0
314 160 -1 0
313 160 -1 0
312 160 -1 0
311 160 -1 0
387 159 -1 1
386 159 -1 1
385 159 -1 1
384 159 -1 1
383 159 -1 1
382 159 -1 1
381 159 -1 1
380 159 -1 1
379 159 -1 1
320 159 -1 0
319 159 -1 0
318 159 -1 0
317 159 -1 0
316 159 -1 0
315 159 -1 0
314 159 -1 0
313 159 -1 0
312 159 -1 0
311 159 -1 0
310 159 -1 0
387 158 -1 1
386 158 -1 1
385 158 -1 1
384 158 -1 1
383 158 -1 1
382 158 -1 1
381 158 -1 1
380 158 -1 1
379 158 -1 1
321 158 -1 0
320 158 -1 0
319 158 -1 0
318 158 -1 0
317 158 -1 0
316 158 -1 0
315 158 -1 0
314 158 -1 0
313 158 -1 0
312 158 -1 0
311 158 -1 0
388 157 -1 1
387 157 -1 1
386 157 -1 1
385 157 -1 1
384 157 -1 1
383 157 -1 1
382 157 -1 1
381 157 -1 1
380 157 -1 1
379 157 -1 1
378 157 -1 1
321 157 -1 0
320 157 -1 0
319 157 -1 0
318 157 -1 0
317 157 -1 0
316 157 -1 0
315 157 -1 0
314 157 -1 0
313 157 -1 0
312 157 -1 0
311 157 -1 0
388 156 -1 1
387 156 -1 1
386 156 -1 1
385 156 -1 1
384 156 -1 1
383 156 -1 1
382 156 -1 1
381 156 -1 1
380 156 -1 1
379 156 -1 1
378 156 -1 1
321 156 -1 0
320 156 -1 0
319 156 -1 0
318 156 -1 0
317 156 -1 0
316 156 -1 0
315 156 -1 0
314 156 -1 0
313 156 -1 0
312 156 -1 0
311 156 -1 0
387 155 -1 1
386 155 -1 1
385 155 -1 1
384 155 -1 1
383 155 -1 1
382 155 -1 1
381 155 -1 1
380 155 -1 1
379 155 -1 1
322 155 -1 0
321 155 -1 0
320 155 -1 0
319 155 -1 0
318 155 -1 0
317 155 -1 0
316 155 -1 0
315 155 -1 0
314 155 -1 0
313 155 -1 0
312 155 -1 0
387 154 -1 1
386 154 -1 1
385 154 -1 1
384 154 -1 1
383 154 -1 1
382 154 -1 1
381 154 -1 1
380 154 -1 1
379 154 -1 1
322 154 -1 0
321 154 -1 0
320 154 -1 0
319 154 -1 0
318 154 -1 0
317 154 -1 0
316 154 -1 0
315 154 -1 0
314 154 -1 0
313 154 -1 0
312 154 -1 0
387 153 -1 1
386 153 -1 1
385 153 -1 1
384 153 -1 1
383 153 -1 1
382 153 -1 1
381 153 -1 1
380 153 -1 1
379 153 -1 1
322 153 -1 0
321 153 -1 0
320 153 -1 0
319 153 -1 0
318 153 -1 0
317 153 -1 0
316 153 -1 0
315 153 -1 0
314 153 -1 0
313 153 -1 0
386 152 -1 1
385 152 -1 1
384 152 -1 1
383 152 -1 1
382 152 -1 1
381 152 -1 1
380 152 -1 1
322 152 -1 0
321 152 -1 0
320 152 -1 0
319 152 -1 0
318 152 -1 0
317 152 -1 0
316 152 -1 0
315 152 -1 0
314 152 -1 0
313 152 -1 0
383 151 -1 1
322 151 -1 0
321 151 -1 0
320 151 -1 0
319 151 -1 0
318 151 -1 0
317 151 -1 0
316 151 -1 0
315 151 -1 0
314 151 -1 0
313 151 -1 0
323 150 -1 0
322 150 -1 0
321 150 -1 0
320 150 -1 0
319 150 -1 0
318 150 -1 0
317 150 -1 0
316 150 -1 0
315 150 -1 0
314 150 -1 0
313 150 -1 0
322 149 -1 0
321 149 -1 0
320 149 -1 0
319 149 -1 0
318 149 -1 0
317 149 -1 0
316 149 -1 0
315 149 -1 0
314 149 -1 0
322 148 -1 0
321 148 -1 0
320 148 -1 0
319 148 -1 0
318 148 -1 0
317 148 -1 0
316 148 -1 0
315 148 -1 0
314 148 -1 0
323 147 -1 0
322 147 -1 0
321 147 -1 0
320 147 -1 0
319 147 -1 0
318 147 -1 0
317 147 -1 0
316 147 -1 0
315 147 -1 0
314 147 -1 0
313 147 -1 0
322 146 -1 0
321 146 -1 0
320 146 -1 0
319 146 -1 0
318 146 -1 0
317 146 -1 0
316 146 -1 0
315 146 -1 0
314 146 -1 0
323 145 -1 0
322 145 -1 0
321 145 -1 0
320 145 -1 0
319 145 -1 0
318 145 -1 0
317 145 -1 0
316 145 -1 0
315 145 -1 0
314 145 -1 0
323 144 -1 0
322 144 -1 0
321 144 -1 0
320 144 -1 0
319 144 -1 0
318 144 -1 0
317 144 -1 0
316 144 -1 0
315 144 -1 0
314 144 -1 0
313 144 -1 0
323 143 -1 0
322 143 -1 0
321 143 -1 0
320 143 -1 0
319 143 -1 0
318 143 -1 0
317 143 -1 0
316 143 -1 0
315 143 -1 0
314 143 -1 0
324 142 -1 0
323 142 -1 0
322 142 -1 0
321 142 -1 0
320 142 -1 0
319 142 -1 0
318 142 -1 0
317 142 -1 0
316 142 -1 0
315 142 -1 0
314 142 -1 0
323 141 -1 0
322 141 -1 0
321 141 -1 0
320 141 -1 0
319 141 -1 0
318 141 -1 0
317 141 -1 0
316 141 -1 0
315 141 -1 0
314 141 -1 0
324 140 -1 0
323 140 -1 0
322 140 -1 0
321 140 -1 0
320 140 -1 0
319 140 -1 0
318 140 -1 0
317 140 -1 0
316 140 -1 0
315 140 -1 0
314 140 -1 0
324 139 -1 0
323 139 -1 0
322 139 -1 0
321 139 -1 0
320 139 -1 0
319 139 -1 0
318 139 -1 0
317 139 -1 0
316 139 -1 0
315 139 -1 0
324 138 -1 0
323 138 -1 0
322 138 -1 0
321 138 -1 0
320 138 -1 0
319 138 -1 0
318 138 -1 0
317 138 -1 0
316 138 -1 0
315 138 -1 0
325 137 -1 0
324 137 -1 0
323 137 -1 0
322 137 -1 0
321 137 -1 0
320 137 -1 0
319 137 -1 0
318 137 -1 0
317 137 -1 0
316 137 -1 0
315 137 -1 0
314 137 -1 0
325 136 -1 0
324 136 -1 0
323 136 -1 0
322 136 -1 0
321 136 -1 0
320 136 -1 0
319 136 -1 0
318 136 -1 0
317 136 -1 0
316 136 -1 0
315 136 -1 0
326 135 -1 0
325 135 -1 0
324 135 -1 0
323 135 -1 0
322 135 -1 0
321 135 -1 0
320 135 -1 0
319 135 -1 0
318 135 -1 0
317 135 -1 0
316 135 -1 0
315 135 -1 0
326 134 -1 0
325 134 -1 0
324 134 -1 0
323 134 -1 0
322 134 -1 0
321 134 -1 0
320 134 -1 0
319 134 -1 0
318 134 -1 0
317 134 -1 0
316 134 -1 0
315 134 -1 0
326 133 -1 0
325 133 -1 0
324 133 -1 0
323 133 -1 0
322 133 -1 0
321 133 -1 0
320 133 -1 0
319 133 -1 0
318 133 -1 0
317 133 -1 0
316 133 -1 0
327 132 -1 0
326 132 -1 0
325 132 -1 0
324 132 -1 0
323 132 -1 0
322 132 -1 0
321 132 -1 0
320 132 -1 0
319 132 -1 0
318 132 -1 0
317 132 -1 0
316 132 -1 0
327 131 -1 0
326 131 -1 0
325 131 -1 0
324 131 -1 0
323 131 -1 0
322 131 -1 0
321 131 -1 0
320 131 -1 0
319 131 -1 0
318 131 -1 0
317 131 -1 0
316 131 -1 0
327 130 -1 0
326 130 -1 0
325 130 -1 0
324 130 -1 0
323 130 -1 0
322 130 -1 0
321 130 -1 0
320 130 -1 0
319 130 -1 0
318 130 -1 0
317 130 -1 0
328 129 -1 0
327 129 -1 0
326 129 -1 0
325 129 -1 0
324 129 -1 0
323 129 -1 0
322 129 -1 0
321 129 -1 0
320 129 -1 0
319 129 -1 0
318 129 -1 0
327 128 -1 0
326 128 -1 0
325 128 -1 0
324 128 -1 0
323 128 -1 0
322 128 -1 0
321 128 -1 0
320 128 -1 0
319 128 -1 0
329 127 -1 0
328 127 -1 0
327 127 -1 0
326 127 -1 0
325 127 -1 0
324 127 -1 0
323 127 -1 0
322 127 -1 0
321 127 -1 0
320 127 -1 0
319 127 -1 0
330 126 -1 0
329 126 -1 0
328 126 -1 0
327 126 -1 0
326 126 -1 0
325 126 -1 0
324 126 -1 0
323 126 -1 0
322 126 -1 0
321 126 -1 0
320 126 -1 0
319 126 -1 0
318 126 -1 0
330 125 -1 0
329 125 -1 0
328 125 -1 0
327 125 -1 0
326 125 -1 0
325 125 -1 0
324 125 -1 0
323 125 -1 0
322 125 -1 0
321 125 -1 0
320 125 -1 0
319 125 -1 0
330 124 -1 0
329 124 -1 0
328 124 -1 0
327 124 -1 0
326 124 -1 0
325 124 -1 0
324 124 -1 0
323 124 -1 0
322 124 -1 0
321 124 -1 0
320 124 -1 0
319 124 -1 0
331 123 -1 0
330 123 -1 0
329 123 -1 0
328 123 -1 0
327 123 -1 0
326 123 -1 0
325 123 -1 0
324 123 -1 0
323 123 -1 0
322 123 -1 0
321 123 -1 0
320 123 -1 0
319 123 -1 0
331 122 -1 0
330 122 -1 0
329 122 -1 0
328 122 -1 0
327 122 -1 0
326 122 -1 0
325 122 -1 0
324 122 -1 0
323 122 -1 0
322 122 -1 0
321 122 -1 0
320 122 -1 0
332 121 -1 0
331 121 -1 0
330 121 -1 0
329 121 -1 0
328 121 -1 0
327 121 -1 0
326 121 -1 0
325 121 -1 0
324 121 -1 0
323 121 -1 0
322 121 -1 0
332 120 -1 0
331 120 -1 0
330 120 -1 0
329 120 -1 0
328 120 -1 0
327 120 -1 0
326 120 -1 0
325 120 -1 0
324 120 -1 0
323 120 -1 0
322 120 -1 0
332 119 -1 0
331 119 -1 0
330 119 -1 0
329 119 -1 0
328 119 -1 0
327 119 -1 0
326 119 -1 0
325 119 -1 0
324 119 -1 0
323 119 -1 0
333 118 -1 0
332 118 -1 0
331 118 -1 0
330 118 -1 0
329 118 -1 0
328 118 -1 0
327 118 -1 0
326 118 -1 0
325 118 -1 0
324 118 -1 0
323 118 -1 0
333 117 -1 0
332 117 -1 0
331 117 -1 0
330 117 -1 0
329 117 -1 0
328 117 -1 0
327 117 -1 0
326 117 -1 0
325 117 -1 0
324 117 -1 0
323 117 -1 0
333 116 -1 0
332 116 -1 0
331 116 -1 0
330 116 -1 0
329 116 -1 0
328 116 -1 0
327 116 -1 0
326 116 -1 0
325 116 -1 0
324 116 -1 0
334 115 -1 0
333 115 -1 0
332 115 -1 0
331 115 -1 0
330 115 -1 0
329 115 -1 0
328 115 -1 0
327 115 -1 0
326 115 -1 0
325 115 -1 0
324 115 -1 0
335 114 -1 0
334 114 -1 0
333 114 -1 0
332 114 -1 0
331 114 -1 0
330 114 -1 0
329 114 -1 0
328 114 -1 0
327 114 -1 0
326 114 -1 0
325 114 -1 0
335 113 -1 0
334 113 -1 0
333 113 -1 0
332 113 -1 0
331 113 -1 0
330 113 -1 0
329 113 -1 0
328 113 -1 0
327 113 -1 0
326 113 -1 0
325 113 -1 0
336 112 -1 0
335 112 -1 0
334 112 -1 0
333 112 -1 0
332 112 -1 0
331 112 -1 0
330 112 -1 0
329 112 -1 0
328 112 -1 0
327 112 -1 0
326 112 -1 0
325 112 -1 0
336 111 -1 0
335 111 -1 0
334 111 -1 0
333 111 -1 0
332 111 -1 0
331 111 -1 0
330 111 -1 0
329 111 -1 0
328 111 -1 0
327 111 -1 0
326 111 -1 0
337 110 -1 0
336 110 -1 0
335 110 -1 0
334 110 -1 0
333 110 -1 0
332 110 -1 0
331 110 -1 0
330 110 -1 0
329 110 -1 0
328 110 -1 0
327 110 -1 0
338 109 -1 0
337 109 -1 0
336 109 -1 0
335 109 -1 0
334 109 -1 0
333 109 -1 0
332 109 -1 0
331 109 -1 0
330 109 -1 0
329 109 -1 0
328 109 -1 0
327 109 -1 0
338 108 -1 0
337 108 -1 0
336 108 -1 0
335 108 -1 0
334 108 -1 0
333 108 -1 0
332 108 -1 0
331 108 -1 0
330 108 -1 0
329 108 -1 0
328 108 -1 0
327 108 -1 0
338 107 -1 0
337 107 -1 0
336 107 -1 0
335 107 -1 0
334 107 -1 0
333 107 -1 0
332 107 -1 0
331 107 -1 0
330 107 -1 0
329 107 -1 0
328 107 -1 0
339 106 -1 0
338 106 -1 0
337 106 -1 0
336 106 -1 0
335 106 -1 0
334 106 -1 0
333 106 -1 0
332 106 -1 0
331 106 -1 0
330 106 -1 0
329 106 -1 0
328 106 -1 0
341 105 -1 0
340 105 -1 0
339 105 -1 0
338 105 -1 0
337 105 -1 0
336 105 -1 0
335 105 -1 0
334 105 -1 0
333 105 -1 0
332 105 -1 0
331 105 -1 0
330 105 -1 0
329 105 -1 0
342 104 -1 0
341 104 -1 0
340 104 -1 0
339 104 -1 0
338 104 -1 0
337 104 -1 0
336 104 -1 0
335 104 -1 0
334 104 -1 0
333 104 -1 0
332 104 -1 0
331 104 -1 0
330 104 -1 0
342 103 -1 0
341 103 -1 0
340 103 -1 0
339 103 -1 0
338 103 -1 0
337 103 -1 0
336 103 -1 0
335 103 -1 0
334 103 -1 0
333 103 -1 0
332 103 -1 0
331 103 -1 0
330 103 -1 0
342 102 -1 0
341 102 -1 0
340 102 -1 0
339 102 -1 0
338 102 -1 0
337 102 -1 0
336 102 -1 0
335 102 -1 0
334 102 -1 0
333 102 -1 0
332 102 -1 0
331 102 -1 0
343 101 -1 0
342 101 -1 0
341 101 -1 0
340 101 -1 0
339 101 -1 0
338 101 -1 0
337 101 -1 0
336 101 -1 0
335 101 -1 0
334 101 -1 0
333 101 -1 0
344 100 -1 0
343 100 -1 0
342 100 -1 0
341 100 -1 0
340 100 -1 0
339 100 -1 0
338 100 -1 0
337 100 -1 0
336 100 -1 0
335 100 -1 0
334 100 -1 0
344 99 -1 0
343 99 -1 0
342 99 -1 0
341 99 -1 0
340 99 -1 0
339 99 -1 0
338 99 -1 0
337 99 -1 0
336 99 -1 0
335 99 -1 0
334 99 -1 0
344 98 -1 0
343 98 -1 0
342 98 -1 0
341 98 -1 0
340 98 -1 0
339 98 -1 0
338 98 -1 0
337 98 -1 0
336 98 -1 0
335 98 -1 0
334 98 -1 0
345 97 -1 0
344 97 -1 0
343 97 -1 0
342 97 -1 0
341 97 -1 0
340 97 -1 0
339 97 -1 0
338 97 -1 0
337 97 -1 0
336 97 -1 0
335 97 -1 0
344 96 -1 0
343 96 -1 0
342 96 -1 0
341 96 -1 0
340 96 -1 0
339 96 -1 0
338 96 -1 0
337 96 -1 0
336 96 -1 0
344 95 -1 0
343 95 -1 0
342 95 -1 0
341 95 -1 0
340 95 -1 0
339 95 -1 0
338 95 -1 0
337 95 -1 0
336 95 -1 0
344 94 -1 0
343 94 -1 0
342 94 -1 0
341 94 -1 0
340 94 -1 0
339 94 -1 0
338 94 -1 0
337 94 -1 0
336 94 -1 0
347 93 -1 0
346 93 -1 0
345 93 -1 0
344 93 -1 0
343 93 -1 0
342 93 -1 0
341 93 -1 0
340 93 -1 0
339 93 -1 0
338 93 -1 0
337 93 -1 0
348 92 -1 0
347 92 -1 0
346 92 -1 0
345 92 -1 0
344 92 -1 0
343 92 -1 0
342 92 -1 0
341 92 -1 0
340 92 -1 0
348 91 -1 0
347 91 -1 0
346 91 -1 0
345 91 -1 0
344 91 -1 0
343 91 -1 0
342 91 -1 0
341 91 -1 0
340 91 -1 0
348 90 -1 0
347 90 -1 0
346 90 -1 0
345 90 -1 0
344 90 -1 0
343 90 -1 0
342 90 -1 0
341 90 -1 0
340 90 -1 0
349 89 -1 0
348 89 -1 0
347 89 -1 0
346 89 -1 0
345 89 -1 0
344 89 -1 0
343 89 -1 0
342 89 -1 0
341 89 -1 0
340 89 -1 0
339 89 -1 0
350 88 -1 0
349 88 -1 0
348 88 -1 0
347 88 -1 0
346 88 -1 0
345 88 -1 0
344 88 -1 0
343 88 -1 0
342 88 -1 0
341 88 -1 0
340 88 -1 0
350 87 -1 0
349 87 -1 0
348 87 -1 0
347 87 -1 0
346 87 -1 0
345 87 -1 0
344 87 -1 0
343 87 -1 0
342 87 -1 0
341 87 -1 0
340 87 -1 0
351 86 -1 0
350 86 -1 0
349 86 -1 0
348 86 -1 0
347 86 -1 0
346 86 -1 0
345 86 -1 0
344 86 -1 0
343 86 -1 0
342 86 -1 0
341 86 -1 0
340 86 -1 0
352 85 -1 0
351 85 -1 0
350 85 -1 0
349 85 -1 0
348 85 -1 0
347 85 -1 0
346 85 -1 0
345 85 -1 0
344 85 -1 0
343 85 -1 0
342 85 -1 0
341 85 -1 0
352 84 -1 0
351 84 -1 0
350 84 -1 0
349 84 -1 0
348 84 -1 0
347 84 -1 0
346 84 -1 0
345 84 -1 0
344 84 -1 0
343 84 -1 0
342 84 -1 0
352 83 -1 0
351 83 -1 0
350 83 -1 0
349 83 -1 0
348 83 -1 0
347 83 -1 0
346 83 -1 0
345 83 -1 0
344 83 -1 0
343 83 -1 0
342 83 -1 0
353 82 -1 0
352 82 -1 0
351 82 -1 0
350 82 -1 0
349 82 -1 0
348 82 -1 0
347 82 -1 0
346 82 -1 0
345 82 -1 0
344 82 -1 0
343 82 -1 0
342 82 -1 0
353 81 -1 0
352 81 -1 0
351 81 -1 0
350 81 -1 0
349 81 -1 0
348 81 -1 0
347 81 -1 0
346 81 -1 0
345 81 -1 0
344 81 -1 0
343 81 -1 0
354 80 -1 0
353 80 -1 0
352 80 -1 0
351 80 -1 0
350 80 -1 0
349 80 -1 0
348 80 -1 0
347 80 -1 0
346 80 -1 0
345 80 -1 0
344 80 -1 0
354 79 -1 0
353 79 -1 0
352 79 -1 0
351 79 -1 0
350 79 -1 0
349 79 -1 0
348 79 -1 0
347 79 -1 0
346 79 -1 0
345 79 -1 0
344 79 -1 0
354 78 -1 0
353 78 -1 0
352 78 -1 0
351 78 -1 0
350 78 -1 0
349 78 -1 0
348 78 -1 0
347 78 -1 0
346 78 -1 0
345 78 -1 0
355 77 -1 0
354 77 -1 0
353 77 -1 0
352 77 -1 0
351 77 -1 0
350 77 -1 0
349 77 -1 0
348 77 -1 0
347 77 -1 0
346 77 -1 0
345 77 -1 0
354 76 -1 0
353 76 -1 0
352 76 -1 0
351 76 -1 0
350 76 -1 0
349 76 -1 0
348 76 -1 0
347 76 -1 0
346 76 -1 0
354 75 -1 0
353 75 -1 0
352 75 -1 0
351 75 -1 0
350 75 -1 0
349 75 -1 0
348 75 -1 0
347 75 -1 0
346 75 -1 0
354 74 -1 0
353 74 -1 0
352 74 -1 0
351 74 -1 0
350 74 -1 0
349 74 -1 0
348 74 -1 0
347 74 -1 0
346 74 -1 0
357 73 -1 0
356 73 -1 0
355 73 -1 0
354 73 -1 0
353 73 -1 0
352 73 -1 0
351 73 -1 0
350 73 -1 0
349 73 -1 0
348 73 -1 0
347 73 -1 0
358 72 -1 0
357 72 -1 0
356 72 -1 0
355 72 -1 0
354 72 -1 0
353 72 -1 0
352 72 -1 0
351 72 -1 0
350 72 -1 0
358 71 -1 0
357 71 -1 0
356 71 -1 0
355 71 -1 0
354 71 -1 0
353 71 -1 0
352 71 -1 0
351 71 -1 0
350 71 -1 0
358 70 -1 0
357 70 -1 0
356 70 -1 0
355 70 -1 0
354 70 -1 0
353 70 -1 0
352 70 -1 0
351 70 -1 0
350 70 -1 0
359 69 -1 0
358 69 -1 0
357 69 -1 0
356 69 -1 0
355 69 -1 0
354 69 -1 0
353 69 -1 0
352 69 -1 0
351 69 -1 0
350 69 -1 0
349 69 -1 0
360 68 -1 0
359 68 -1 0
358 68 -1 0
357 68 -1 0
356 68 -1 0
355 68 -1 0
354 68 -1 0
353 68 -1 0
352 68 -1 0
351 68 -1 0
350 68 -1 0
360 67 -1 0
359 67 -1 0
358 67 -1 0
357 67 -1 0
356 67 -1 0
355 67 -1 0
354 67 -1 0
353 67 -1 0
352 67 -1 0
351 67 -1 0
350 67 -1 0
360 66 -1 0
359 66 -1 0
358 66 -1 0
357 66 -1 0
356 66 -1 0
355 66 -1 0
354 66 -1 0
353 66 -1 0
352 66 -1 0
351 66 -1 0
350 66 -1 0
361 65 -1 0
360 65 -1 0
359 65 -1 0
358 65 -1 0
357 65 -1 0
356 65 -1 0
355 65 -1 0
354 65 -1 0
353 65 -1 0
352 65 -1 0
351 65 -1 0
360 64 -1 0
359 64 -1 0
358 64 -1 0
357 64 -1 0
356 64 -1 0
355 64 -1 0
354 64 -1 0
353 64 -1 0
352 64 -1 0
360 63 -1 0
359 63 -1 0
358 63 -1 0
357 63 -1 0
356 63 -1 0
355 63 -1 0
354 63 -1 0
353 63 -1 0
352 63 -1 0
361 62 -1 0
360 62 -1 0
359 62 -1 0
358 62 -1 0
357 62 -1 0
356 62 -1 0
355 62 -1 0
354 62 -1 0
353 62 -1 0
352 62 -1 0
351 62 -1 0
360 61 -1 0
359 61 -1 0
358 61 -1 0
357 61 -1 0
356 61 -1 0
355 61 -1 0
354 61 -1 0
353 61 -1 0
352 61 -1 0
360 60 -1 0
359 60 -1 0
358 60 -1 0
357 60 -1 0
356 60 -1 0
355 60 -1 0
354 60 -1 0
353 60 -1 0
352 60 -1 0
361 59 -1 0
360 59 -1 0
359 59 -1 0
358 59 -1 0
357 59 -1 0
356 59 -1 0
355 59 -1 0
354 59 -1 0
353 59 -1 0
352 59 -1 0
351 59 -1 0
360 58 -1 0
359 58 -1 0
358 58 -1 0
357 58 -1 0
356 58 -1 0
355 58 -1 0
354 58 -1 0
353 58 -1 0
352 58 -1 0
360 57 -1 0
359 57 -1 0
358 57 -1 0
357 57 -1 0
356 57 -1 0
355 57 -1 0
354 57 -1 0
353 57 -1 0
352 57 -1 0
360 56 -1 0
359 56 -1 0
358 56 -1 0
357 56 -1 0
356 56 -1 0
355 56 -1 0
354 56 -1 0
353 56 -1 0
352 56 -1 0
359 55 -1 0
358 55 -1 0
357 55 -1 0
356 55 -1 0
355 55 -1 0
354 55 -1 0
353 55 -1 0
356 54 -1 0
