3207 408 341
113 238 -1 0
116 237 -1 0
115 237 -1 0
114 237 -1 0
113 237 -1 0
112 237 -1 0
111 237 -1 0
110 237 -1 0
117 236 -1 0
116 236 -1 0
115 236 -1 0
114 236 -1 0
113 236 -1 0
112 236 -1 0
111 236 -1 0
110 236 -1 0
109 236 -1 0
117 235 -1 0
116 235 -1 0
115 235 -1 0
114 235 -1 0
113 235 -1 0
112 235 -1 0
111 235 -1 0
110 235 -1 0
109 235 -1 0
108 235 -1 0
117 234 -1 0
116 234 -1 0
115 234 -1 0
114 234 -1 0
113 234 -1 0
112 234 -1 0
111 234 -1 0
110 234 -1 0
109 234 -1 0
108 234 -1 0
107 234 -1 0
118 233 -1 0
117 233 -1 0
116 233 -1 0
115 233 -1 0
114 233 -1 0
113 233 -1 0
112 233 -1 0
111 233 -1 0
110 233 -1 0
109 233 -1 0
108 233 -1 0
107 233 -1 0
118 232 -1 0
117 232 -1 0
116 232 -1 0
115 232 -1 0
114 232 -1 0
113 232 -1 0
112 232 -1 0
111 232 -1 0
110 232 -1 0
109 232 -1 0
108 232 -1 0
107 232 -1 0
118 231 -1 0
117 231 -1 0
116 231 -1 0
115 231 -1 0
114 231 -1 0
113 231 -1 0
112 231 -1 0
111 231 -1 0
110 231 -1 0
109 231 -1 0
108 231 -1 0
107 231 -1 0
106 231 -1 0
118 230 -1 0
117 230 -1 0
116 230 -1 0
115 230 -1 0
114 230 -1 0
113 230 -1 0
112 230 -1 0
111 230 -1 0
110 230 -1 0
109 230 -1 0
108 230 -1 0
107 230 -1 0
106 230 -1 0
121 229 -1 0
120 229 -1 0
119 229 -1 0
118 229 -1 0
117 229 -1 0
116 229 -1 0
115 229 -1 0
114 229 -1 0
113 229 -1 0
112 229 -1 0
111 229 -1 0
110 229 -1 0
109 229 -1 0
108 229 -1 0
107 229 -1 0
106 229 -1 0
122 228 -1 0
121 228 -1 0
120 228 -1 0
119 228 -1 0
118 228 -1 0
117 228 -1 0
116 228 -1 0
115 228 -1 0
114 228 -1 0
113 228 -1 0
112 228 -1 0
111 228 -1 0
110 228 -1 0
109 228 -1 0
108 228 -1 0
107 228 -1 0
122 227 -1 0
121 227 -1 0
120 227 -1 0
119 227 -1 0
118 227 -1 0
117 227 -1 0
116 227 -1 0
115 227 -1 0
114 227 -1 0
113 227 -1 0
112 227 -1 0
111 227 -1 0
110 227 -1 0
109 227 -1 0
108 227 -1 0
107 227 -1 0
106 227 -1 0
122 226 -1 0
121 226 -1 0
120 226 -1 0
119 226 -1 0
118 226 -1 0
117 226 -1 0
116 226 -1 0
115 226 -1 0
114 226 -1 0
113 226 -1 0
112 226 -1 0
111 226 -1 0
110 226 -1 0
109 226 -1 0
108 226 -1 0
107 226 -1 0
106 226 -1 0
123 225 -1 0
122 225 -1 0
121 225 -1 0
120 225 -1 0
119 225 -1 0
118 225 -1 0
117 225 -1 0
116 225 -1 0
115 225 -1 0
114 225 -1 0
113 225 -1 0
112 225 -1 0
111 225 -1 0
110 225 -1 0
109 225 -1 0
108 225 -1 0
107 225 -1 0
106 225 -1 0
122 224 -1 0
121 224 -1 0
120 224 -1 0
119 224 -1 0
118 224 -1 0
117 224 -1 0
116 224 -1 0
115 224 -1 0
114 224 -1 0
113 224 -1 0
112 224 -1 0
111 224 -1 0
110 224 -1 0
109 224 -1 0
108 224 -1 0
107 224 -1 0
106 224 -1 0
122 223 -1 0
121 223 -1 0
120 223 -1 0
119 223 -1 0
118 223 -1 0
117 223 -1 0
116 223 -1 0
115 223 -1 0
114 223 -1 0
113 223 -1 0
112 223 -1 0
111 223 -1 0
110 223 -1 0
109 223 -1 0
108 223 -1 0
107 223 -1 0
106 223 -1 0
105 223 -1 0
122 222 -1 0
121 222 -1 0
120 222 -1 0
119 222 -1 0
118 222 -1 0
117 222 -1 0
116 222 -1 0
115 222 -1 0
114 222 -1 0
113 222 -1 0
112 222 -1 0
111 222 -1 0
110 222 -1 0
109 222 -1 0
108 222 -1 0
107 222 -1 0
106 222 -1 0
121 221 -1 0
120 221 -1 0
119 221 -1 0
118 221 -1 0
117 221 -1 0
116 221 -1 0
115 221 -1 0
114 221 -1 0
113 221 -1 0
112 221 -1 0
111 221 -1 0
110 221 -1 0
109 221 -1 0
108 221 -1 0
107 221 -1 0
106 221 -1 0
118 220 -1 0
114 220 -1 0
113 220 -1 0
112 220 -1 0
111 220 -1 0
110 220 -1 0
109 220 -1 0
108 220 -1 0
107 220 -1 0
106 220 -1 0
115 219 -1 0
114 219 -1 0
113 219 -1 0
112 219 -1 0
111 219 -1 0
110 219 -1 0
109 219 -1 0
108 219 -1 0
107 219 -1 0
106 219 -1 0
105 219 -1 0
115 218 -1 0
114 218 -1 0
113 218 -1 0
112 218 -1 0
111 218 -1 0
110 218 -1 0
109 218 -1 0
108 218 -1 0
107 218 -1 0
106 218 -1 0
105 218 -1 0
104 218 -1 0
114 217 -1 0
113 217 -1 0
112 217 -1 0
111 217 -1 0
110 217 -1 0
109 217 -1 0
108 217 -1 0
107 217 -1 0
106 217 -1 0
105 217 -1 0
104 217 -1 0
114 216 -1 0
113 216 -1 0
112 216 -1 0
111 216 -1 0
110 216 -1 0
109 216 -1 0
108 216 -1 0
107 216 -1 0
106 216 -1 0
105 216 -1 0
104 216 -1 0
114 215 -1 0
113 215 -1 0
112 215 -1 0
111 215 -1 0
110 215 -1 0
109 215 -1 0
108 215 -1 0
107 215 -1 0
106 215 -1 0
105 215 -1 0
104 215 -1 0
103 215 -1 0
113 214 -1 0
112 214 -1 0
111 214 -1 0
110 214 -1 0
109 214 -1 0
108 214 -1 0
107 214 -1 0
106 214 -1 0
105 214 -1 0
104 214 -1 0
112 213 -1 0
111 213 -1 0
110 213 -1 0
109 213 -1 0
108 213 -1 0
107 213 -1 0
106 213 -1 0
105 213 -1 0
104 213 -1 0
113 212 -1 0
112 212 -1 0
111 212 -1 0
110 212 -1 0
109 212 -1 0
108 212 -1 0
107 212 -1 0
106 212 -1 0
105 212 -1 0
104 212 -1 0
103 212 -1 0
112 211 -1 0
111 211 -1 0
110 211 -1 0
109 211 -1 0
108 211 -1 0
107 211 -1 0
106 211 -1 0
105 211 -1 0
104 211 -1 0
103 211 -1 0
112 210 -1 0
111 210 -1 0
110 210 -1 0
109 210 -1 0
108 210 -1 0
107 210 -1 0
106 210 -1 0
105 210 -1 0
104 210 -1 0
103 210 -1 0
113 209 -1 0
112 209 -1 0
111 209 -1 0
110 209 -1 0
109 209 -1 0
108 209 -1 0
107 209 -1 0
106 209 -1 0
105 209 -1 0
104 209 -1 0
103 209 -1 0
112 208 -1 0
111 208 -1 0
110 208 -1 0
109 208 -1 0
108 208 -1 0
107 208 -1 0
106 208 -1 0
105 208 -1 0
104 208 -1 0
103 208 -1 0
102 208 -1 0
112 207 -1 0
111 207 -1 0
110 207 -1 0
109 207 -1 0
108 207 -1 0
107 207 -1 0
106 207 -1 0
105 207 -1 0
104 207 -1 0
103 207 -1 0
112 206 -1 0
111 206 -1 0
110 206 -1 0
109 206 -1 0
108 206 -1 0
107 206 -1 0
106 206 -1 0
105 206 -1 0
104 206 -1 0
103 206 -1 0
111 205 -1 0
110 205 -1 0
109 205 -1 0
108 205 -1 0
107 205 -1 0
106 205 -1 0
105 205 -1 0
104 205 -1 0
103 205 -1 0
112 204 -1 0
111 204 -1 0
110 204 -1 0
109 204 -1 0
108 204 -1 0
107 204 -1 0
106 204 -1 0
105 204 -1 0
104 204 -1 0
103 204 -1 0
102 204 -1 0
111 203 -1 0
110 203 -1 0
109 203 -1 0
108 203 -1 0
107 203 -1 0
106 203 -1 0
105 203 -1 0
104 203 -1 0
103 203 -1 0
111 202 -1 0
110 202 -1 0
109 202 -1 0
108 202 -1 0
107 202 -1 0
106 202 -1 0
105 202 -1 0
104 202 -1 0
103 202 -1 0
102 202 -1 0
111 201 -1 0
110 201 -1 0
109 201 -1 0
108 201 -1 0
107 201 -1 0
106 201 -1 0
105 201 -1 0
104 201 -1 0
103 201 -1 0
102 201 -1 0
112 200 -1 0
111 200 -1 0
110 200 -1 0
109 200 -1 0
108 200 -1 0
107 200 -1 0
106 200 -1 0
105 200 -1 0
104 200 -1 0
103 200 -1 0
102 200 -1 0
111 199 -1 0
110 199 -1 0
109 199 -1 0
108 199 -1 0
107 199 -1 0
106 199 -1 0
105 199 -1 0
104 199 -1 0
103 199 -1 0
102 199 -1 0
101 199 -1 0
111 198 -1 0
110 198 -1 0
109 198 -1 0
108 198 -1 0
107 198 -1 0
106 198 -1 0
105 198 -1 0
104 198 -1 0
103 198 -1 0
102 198 -1 0
111 197 -1 0
110 197 -1 0
109 197 -1 0
108 197 -1 0
107 197 -1 0
106 197 -1 0
105 197 -1 0
104 197 -1 0
103 197 -1 0
102 197 -1 0
110 196 -1 0
109 196 -1 0
108 196 -1 0
107 196 -1 0
106 196 -1 0
105 196 -1 0
104 196 -1 0
103 196 -1 0
102 196 -1 0
109 195 -1 0
108 195 -1 0
107 195 -1 0
106 195 -1 0
105 195 -1 0
104 195 -1 0
103 195 -1 0
102 195 -1 0
101 195 -1 0
108 194 -1 0
107 194 -1 0
106 194 -1 0
105 194 -1 0
104 194 -1 0
103 194 -1 0
102 194 -1 0
101 194 -1 0
100 194 -1 0
108 193 -1 0
107 193 -1 0
106 193 -1 0
105 193 -1 0
104 193 -1 0
103 193 -1 0
102 193 -1 0
101 193 -1 0
100 193 -1 0
108 192 -1 0
107 192 -1 0
106 192 -1 0
105 192 -1 0
104 192 -1 0
103 192 -1 0
102 192 -1 0
101 192 -1 0
100 192 -1 0
109 191 -1 0
108 191 -1 0
107 191 -1 0
106 191 -1 0
105 191 -1 0
104 191 -1 0
103 191 -1 0
102 191 -1 0
101 191 -1 0
100 191 -1 0
99 191 -1 0
108 190 -1 0
107 190 -1 0
106 190 -1 0
105 190 -1 0
104 190 -1 0
103 190 -1 0
102 190 -1 0
101 190 -1 0
100 190 -1 0
99 190 -1 0
108 189 -1 0
107 189 -1 0
106 189 -1 0
105 189 -1 0
104 189 -1 0
103 189 -1 0
102 189 -1 0
101 189 -1 0
100 189 -1 0
99 189 -1 0
108 188 -1 0
107 188 -1 0
106 188 -1 0
105 188 -1 0
104 188 -1 0
103 188 -1 0
102 188 -1 0
101 188 -1 0
100 188 -1 0
99 188 -1 0
98 188 -1 0
107 187 -1 0
106 187 -1 0
105 187 -1 0
104 187 -1 0
103 187 -1 0
102 187 -1 0
101 187 -1 0
100 187 -1 0
99 187 -1 0
98 187 -1 0
97 187 -1 0
107 186 -1 0
106 186 -1 0
105 186 -1 0
104 186 -1 0
103 186 -1 0
102 186 -1 0
101 186 -1 0
100 186 -1 0
99 186 -1 0
98 186 -1 0
97 186 -1 0
107 185 -1 0
106 185 -1 0
105 185 -1 0
104 185 -1 0
103 185 -1 0
102 185 -1 0
101 185 -1 0
100 185 -1 0
99 185 -1 0
98 185 -1 0
97 185 -1 0
106 184 -1 0
105 184 -1 0
104 184 -1 0
103 184 -1 0
102 184 -1 0
101 184 -1 0
100 184 -1 0
99 184 -1 0
98 184 -1 0
97 184 -1 0
96 184 -1 0
105 183 -1 0
104 183 -1 0
103 183 -1 0
102 183 -1 0
101 183 -1 0
100 183 -1 0
99 183 -1 0
98 183 -1 0
97 183 -1 0
96 183 -1 0
95 183 -1 0
105 182 -1 0
104 182 -1 0
103 182 -1 0
102 182 -1 0
101 182 -1 0
100 182 -1 0
99 182 -1 0
98 182 -1 0
97 182 -1 0
96 182 -1 0
95 182 -1 0
105 181 -1 0
104 181 -1 0
103 181 -1 0
102 181 -1 0
101 181 -1 0
100 181 -1 0
99 181 -1 0
98 181 -1 0
97 181 -1 0
96 181 -1 0
95 181 -1 0
104 180 -1 0
103 180 -1 0
102 180 -1 0
101 180 -1 0
100 180 -1 0
99 180 -1 0
98 180 -1 0
97 180 -1 0
96 180 -1 0
95 180 -1 0
94 180 -1 0
103 179 -1 0
102 179 -1 0
101 179 -1 0
100 179 -1 0
99 179 -1 0
98 179 -1 0
97 179 -1 0
96 179 -1 0
95 179 -1 0
103 178 -1 0
102 178 -1 0
101 178 -1 0
100 178 -1 0
99 178 -1 0
98 178 -1 0
97 178 -1 0
96 178 -1 0
95 178 -1 0
94 178 -1 0
103 177 -1 0
102 177 -1 0
101 177 -1 0
100 177 -1 0
99 177 -1 0
98 177 -1 0
97 177 -1 0
96 177 -1 0
95 177 -1 0
94 177 -1 0
93 177 -1 0
102 176 -1 0
101 176 -1 0
100 176 -1 0
99 176 -1 0
98 176 -1 0
97 176 -1 0
96 176 -1 0
95 176 -1 0
94 176 -1 0
93 176 -1 0
101 175 -1 0
100 175 -1 0
99 175 -1 0
98 175 -1 0
97 175 -1 0
96 175 -1 0
95 175 -1 0
94 175 -1 0
93 175 -1 0
102 174 -1 0
101 174 -1 0
100 174 -1 0
99 174 -1 0
98 174 -1 0
97 174 -1 0
96 174 -1 0
95 174 -1 0
94 174 -1 0
93 174 -1 0
92 174 -1 0
101 173 -1 0
100 173 -1 0
99 173 -1 0
98 173 -1 0
97 173 -1 0
96 173 -1 0
95 173 -1 0
94 173 -1 0
93 173 -1 0
101 172 -1 0
100 172 -1 0
99 172 -1 0
98 172 -1 0
97 172 -1 0
96 172 -1 0
95 172 -1 0
94 172 -1 0
93 172 -1 0
101 171 -1 0
100 171 -1 0
99 171 -1 0
98 171 -1 0
97 171 -1 0
96 171 -1 0
95 171 -1 0
94 171 -1 0
93 171 -1 0
92 171 -1 0
102 170 -1 0
101 170 -1 0
100 170 -1 0
99 170 -1 0
98 170 -1 0
97 170 -1 0
96 170 -1 0
95 170 -1 0
94 170 -1 0
93 170 -1 0
92 170 -1 0
101 169 -1 0
100 169 -1 0
99 169 -1 0
98 169 -1 0
97 169 -1 0
96 169 -1 0
95 169 -1 0
94 169 -1 0
93 169 -1 0
92 169 -1 0
101 168 -1 0
100 168 -1 0
99 168 -1 0
98 168 -1 0
97 168 -1 0
96 168 -1 0
95 168 -1 0
94 168 -1 0
93 168 -1 0
92 168 -1 0
91 168 -1 0
101 167 -1 0
100 167 -1 0
99 167 -1 0
98 167 -1 0
97 167 -1 0
96 167 -1 0
95 167 -1 0
94 167 -1 0
93 167 -1 0
92 167 -1 0
100 166 -1 0
99 166 -1 0
98 166 -1 0
97 166 -1 0
96 166 -1 0
95 166 -1 0
94 166 -1 0
93 166 -1 0
92 166 -1 0
100 165 -1 0
99 165 -1 0
98 165 -1 0
97 165 -1 0
96 165 -1 0
95 165 -1 0
94 165 -1 0
93 165 -1 0
92 165 -1 0
99 164 -1 0
98 164 -1 0
97 164 -1 0
96 164 -1 0
95 164 -1 0
94 164 -1 0
93 164 -1 0
92 164 -1 0
91 164 -1 0
90 164 -1 0
97 163 -1 0
96 163 -1 0
95 163 -1 0
94 163 -1 0
93 163 -1 0
92 163 -1 0
91 163 -1 0
90 163 -1 0
89 163 -1 0
97 162 -1 0
96 162 -1 0
95 162 -1 0
94 162 -1 0
93 162 -1 0
92 162 -1 0
91 162 -1 0
90 162 -1 0
89 162 -1 0
97 161 -1 0
96 161 -1 0
95 161 -1 0
94 161 -1 0
93 161 -1 0
92 161 -1 0
91 161 -1 0
90 161 -1 0
89 161 -1 0
98 160 -1 0
97 160 -1 0
96 160 -1 0
95 160 -1 0
94 160 -1 0
93 160 -1 0
92 160 -1 0
91 160 -1 0
90 160 -1 0
89 160 -1 0
88 160 -1 0
97 159 -1 0
96 159 -1 0
95 159 -1 0
94 159 -1 0
93 159 -1 0
92 159 -1 0
91 159 -1 0
90 159 -1 0
89 159 -1 0
259 158 -1 0
97 158 -1 0
96 158 -1 0
95 158 -1 0
94 158 -1 0
93 158 -1 0
92 158 -1 0
91 158 -1 0
90 158 -1 0
89 158 -1 0
262 157 -1 0
261 157 -1 0
260 157 -1 0
259 157 -1 0
258 157 -1 0
257 157 -1 0
256 157 -1 0
97 157 -1 0
96 157 -1 0
95 157 -1 0
94 157 -1 0
93 157 -1 0
92 157 -1 0
91 157 -1 0
90 157 -1 0
89 157 -1 0
88 157 -1 0
263 156 -1 0
262 156 -1 0
261 156 -1 0
260 156 -1 0
259 156 -1 0
258 156 -1 0
257 156 -1 0
256 156 -1 0
255 156 -1 0
96 156 -1 0
95 156 -1 0
94 156 -1 0
93 156 -1 0
92 156 -1 0
91 156 -1 0
90 156 -1 0
89 156 -1 0
88 156 -1 0
87 156 -1 0
264 155 -1 0
263 155 -1 0
262 155 -1 0
261 155 -1 0
260 155 -1 0
259 155 -1 0
258 155 -1 0
257 155 -1 0
256 155 -1 0
255 155 -1 0
95 155 -1 0
94 155 -1 0
93 155 -1 0
92 155 -1 0
91 155 -1 0
90 155 -1 0
89 155 -1 0
88 155 -1 0
87 155 -1 0
264 154 -1 0
263 154 -1 0
262 154 -1 0
261 154 -1 0
260 154 -1 0
259 154 -1 0
258 154 -1 0
257 154 -1 0
256 154 -1 0
255 154 -1 0
95 154 -1 0
94 154 -1 0
93 154 -1 0
92 154 -1 0
91 154 -1 0
90 154 -1 0
89 154 -1 0
88 154 -1 0
87 154 -1 0
265 153 -1 0
264 153 -1 0
263 153 -1 0
262 153 -1 0
261 153 -1 0
260 153 -1 0
259 153 -1 0
258 153 -1 0
257 153 -1 0
256 153 -1 0
255 153 -1 0
254 153 -1 0
96 153 -1 0
95 153 -1 0
94 153 -1 0
93 153 -1 0
92 153 -1 0
91 153 -1 0
90 153 -1 0
89 153 -1 0
88 153 -1 0
87 153 -1 0
86 153 -1 0
265 152 -1 0
264 152 -1 0
263 152 -1 0
262 152 -1 0
261 152 -1 0
260 152 -1 0
259 152 -1 0
258 152 -1 0
257 152 -1 0
256 152 -1 0
255 152 -1 0
95 152 -1 0
94 152 -1 0
93 152 -1 0
92 152 -1 0
91 152 -1 0
90 152 -1 0
89 152 -1 0
88 152 -1 0
87 152 -1 0
265 151 -1 0
264 151 -1 0
263 151 -1 0
262 151 -1 0
261 151 -1 0
260 151 -1 0
259 151 -1 0
258 151 -1 0
257 151 -1 0
256 151 -1 0
255 151 -1 0
95 151 -1 0
94 151 -1 0
93 151 -1 0
92 151 -1 0
91 151 -1 0
90 151 -1 0
89 151 -1 0
88 151 -1 0
87 151 -1 0
86 151 -1 0
266 150 -1 0
265 150 -1 0
264 150 -1 0
263 150 -1 0
262 150 -1 0
261 150 -1 0
260 150 -1 0
259 150 -1 0
258 150 -1 0
257 150 -1 0
256 150 -1 0
255 150 -1 0
95 150 -1 0
94 150 -1 0
93 150 -1 0
92 150 -1 0
91 150 -1 0
90 150 -1 0
89 150 -1 0
88 150 -1 0
87 150 -1 0
86 150 -1 0
266 149 -1 0
265 149 -1 0
264 149 -1 0
263 149 -1 0
262 149 -1 0
261 149 -1 0
260 149 -1 0
259 149 -1 0
258 149 -1 0
257 149 -1 0
256 149 -1 0
94 149 -1 0
93 149 -1 0
92 149 -1 0
91 149 -1 0
90 149 -1 0
89 149 -1 0
88 149 -1 0
87 149 -1 0
86 149 -1 0
266 148 -1 0
265 148 -1 0
264 148 -1 0
263 148 -1 0
262 148 -1 0
261 148 -1 0
260 148 -1 0
259 148 -1 0
258 148 -1 0
257 148 -1 0
256 148 -1 0
95 148 -1 0
94 148 -1 0
93 148 -1 0
92 148 -1 0
91 148 -1 0
90 148 -1 0
89 148 -1 0
88 148 -1 0
87 148 -1 0
86 148 -1 0
85 148 -1 0
267 147 -1 0
266 147 -1 0
265 147 -1 0
264 147 -1 0
263 147 -1 0
262 147 -1 0
261 147 -1 0
260 147 -1 0
259 147 -1 0
258 147 -1 0
257 147 -1 0
256 147 -1 0
94 147 -1 0
93 147 -1 0
92 147 -1 0
91 147 -1 0
90 147 -1 0
89 147 -1 0
88 147 -1 0
87 147 -1 0
86 147 -1 0
267 146 -1 0
266 146 -1 0
265 146 -1 0
264 146 -1 0
263 146 -1 0
262 146 -1 0
261 146 -1 0
260 146 -1 0
259 146 -1 0
258 146 -1 0
257 146 -1 0
94 146 -1 0
93 146 -1 0
92 146 -1 0
91 146 -1 0
90 146 -1 0
89 146 -1 0
88 146 -1 0
87 146 -1 0
86 146 -1 0
267 145 -1 0
266 145 -1 0
265 145 -1 0
264 145 -1 0
263 145 -1 0
262 145 -1 0
261 145 -1 0
260 145 -1 0
259 145 -1 0
258 145 -1 0
94 145 -1 0
93 145 -1 0
92 145 -1 0
91 145 -1 0
90 145 -1 0
89 145 -1 0
88 145 -1 0
87 145 -1 0
86 145 -1 0
268 144 -1 0
267 144 -1 0
266 144 -1 0
265 144 -1 0
264 144 -1 0
263 144 -1 0
262 144 -1 0
261 144 -1 0
260 144 -1 0
259 144 -1 0
258 144 -1 0
95 144 -1 0
94 144 -1 0
93 144 -1 0
92 144 -1 0
91 144 -1 0
90 144 -1 0
89 144 -1 0
88 144 -1 0
87 144 -1 0
86 144 -1 0
85 144 -1 0
267 143 -1 0
266 143 -1 0
265 143 -1 0
264 143 -1 0
263 143 -1 0
262 143 -1 0
261 143 -1 0
260 143 -1 0
259 143 -1 0
258 143 -1 0
94 143 -1 0
93 143 -1 0
92 143 -1 0
91 143 -1 0
90 143 -1 0
89 143 -1 0
88 143 -1 0
87 143 -1 0
86 143 -1 0
267 142 -1 0
266 142 -1 0
265 142 -1 0
264 142 -1 0
263 142 -1 0
262 142 -1 0
261 142 -1 0
260 142 -1 0
259 142 -1 0
94 142 -1 0
93 142 -1 0
92 142 -1 0
91 142 -1 0
90 142 -1 0
89 142 -1 0
88 142 -1 0
87 142 -1 0
86 142 -1 0
267 141 -1 0
266 141 -1 0
265 141 -1 0
264 141 -1 0
263 141 -1 0
262 141 -1 0
261 141 -1 0
260 141 -1 0
259 141 -1 0
94 141 -1 0
93 141 -1 0
92 141 -1 0
91 141 -1 0
90 141 -1 0
89 141 -1 0
88 141 -1 0
87 141 -1 0
86 141 -1 0
267 140 -1 0
266 140 -1 0
265 140 -1 0
264 140 -1 0
263 140 -1 0
262 140 -1 0
261 140 -1 0
260 140 -1 0
259 140 -1 0
93 140 -1 0
92 140 -1 0
91 140 -1 0
90 140 -1 0
89 140 -1 0
88 140 -1 0
87 140 -1 0
86 140 -1 0
85 140 -1 0
84 140 -1 0
268 139 -1 0
267 139 -1 0
266 139 -1 0
265 139 -1 0
264 139 -1 0
263 139 -1 0
262 139 -1 0
261 139 -1 0
260 139 -1 0
259 139 -1 0
258 139 -1 0
91 139 -1 0
90 139 -1 0
89 139 -1 0
88 139 -1 0
87 139 -1 0
86 139 -1 0
85 139 -1 0
84 139 -1 0
83 139 -1 0
268 138 -1 0
267 138 -1 0
266 138 -1 0
265 138 -1 0
264 138 -1 0
263 138 -1 0
262 138 -1 0
261 138 -1 0
260 138 -1 0
259 138 -1 0
258 138 -1 0
91 138 -1 0
90 138 -1 0
89 138 -1 0
88 138 -1 0
87 138 -1 0
86 138 -1 0
85 138 -1 0
84 138 -1 0
83 138 -1 0
268 137 -1 0
267 137 -1 0
266 137 -1 0
265 137 -1 0
264 137 -1 0
263 137 -1 0
262 137 -1 0
261 137 -1 0
260 137 -1 0
259 137 -1 0
91 137 -1 0
90 137 -1 0
89 137 -1 0
88 137 -1 0
87 137 -1 0
86 137 -1 0
85 137 -1 0
84 137 -1 0
83 137 -1 0
268 136 -1 0
267 136 -1 0
266 136 -1 0
265 136 -1 0
264 136 -1 0
263 136 -1 0
262 136 -1 0
261 136 -1 0
260 136 -1 0
259 136 -1 0
92 136 -1 0
91 136 -1 0
90 136 -1 0
89 136 -1 0
88 136 -1 0
87 136 -1 0
86 136 -1 0
85 136 -1 0
84 136 -1 0
83 136 -1 0
82 136 -1 0
269 135 -1 0
268 135 -1 0
267 135 -1 0
266 135 -1 0
265 135 -1 0
264 135 -1 0
263 135 -1 0
262 135 -1 0
261 135 -1 0
260 135 -1 0
259 135 -1 0
91 135 -1 0
90 135 -1 0
89 135 -1 0
88 135 -1 0
87 135 -1 0
86 135 -1 0
85 135 -1 0
84 135 -1 0
83 135 -1 0
269 134 -1 0
268 134 -1 0
267 134 -1 0
266 134 -1 0
265 134 -1 0
264 134 -1 0
263 134 -1 0
262 134 -1 0
261 134 -1 0
260 134 -1 0
91 134 -1 0
90 134 -1 0
89 134 -1 0
88 134 -1 0
87 134 -1 0
86 134 -1 0
85 134 -1 0
84 134 -1 0
83 134 -1 0
269 133 -1 0
268 133 -1 0
267 133 -1 0
266 133 -1 0
265 133 -1 0
264 133 -1 0
263 133 -1 0
262 133 -1 0
261 133 -1 0
260 133 -1 0
259 133 -1 0
91 133 -1 0
90 133 -1 0
89 133 -1 0
88 133 -1 0
87 133 -1 0
86 133 -1 0
85 133 -1 0
84 133 -1 0
83 133 -1 0
269 132 -1 0
268 132 -1 0
267 132 -1 0
266 132 -1 0
265 132 -1 0
264 132 -1 0
263 132 -1 0
262 132 -1 0
261 132 -1 0
260 132 -1 0
91 132 -1 0
90 132 -1 0
89 132 -1 0
88 132 -1 0
87 132 -1 0
86 132 -1 0
85 132 -1 0
84 132 -1 0
83 132 -1 0
270 131 -1 0
269 131 -1 0
268 131 -1 0
267 131 -1 0
266 131 -1 0
265 131 -1 0
264 131 -1 0
263 131 -1 0
262 131 -1 0
261 131 -1 0
260 131 -1 0
91 131 -1 0
90 131 -1 0
89 131 -1 0
88 131 -1 0
87 131 -1 0
86 131 -1 0
85 131 -1 0
84 131 -1 0
83 131 -1 0
270 130 -1 0
269 130 -1 0
268 130 -1 0
267 130 -1 0
266 130 -1 0
265 130 -1 0
264 130 -1 0
263 130 -1 0
262 130 -1 0
261 130 -1 0
260 130 -1 0
91 130 -1 0
90 130 -1 0
89 130 -1 0
88 130 -1 0
87 130 -1 0
86 130 -1 0
85 130 -1 0
84 130 -1 0
83 130 -1 0
269 129 -1 0
268 129 -1 0
267 129 -1 0
266 129 -1 0
265 129 -1 0
264 129 -1 0
263 129 -1 0
262 129 -1 0
261 129 -1 0
92 129 -1 0
91 129 -1 0
90 129 -1 0
89 129 -1 0
88 129 -1 0
87 129 -1 0
86 129 -1 0
85 129 -1 0
84 129 -1 0
83 129 -1 0
82 129 -1 0
270 128 -1 0
269 128 -1 0
268 128 -1 0
267 128 -1 0
266 128 -1 0
265 128 -1 0
264 128 -1 0
263 128 -1 0
262 128 -1 0
261 128 -1 0
260 128 -1 0
91 128 -1 0
90 128 -1 0
89 128 -1 0
88 128 -1 0
87 128 -1 0
86 128 -1 0
85 128 -1 0
84 128 -1 0
83 128 -1 0
270 127 -1 0
269 127 -1 0
268 127 -1 0
267 127 -1 0
266 127 -1 0
265 127 -1 0
264 127 -1 0
263 127 -1 0
262 127 -1 0
261 127 -1 0
260 127 -1 0
91 127 -1 0
90 127 -1 0
89 127 -1 0
88 127 -1 0
87 127 -1 0
86 127 -1 0
85 127 -1 0
84 127 -1 0
83 127 -1 0
270 126 -1 0
269 126 -1 0
268 126 -1 0
267 126 -1 0
266 126 -1 0
265 126 -1 0
264 126 -1 0
263 126 -1 0
262 126 -1 0
261 126 -1 0
260 126 -1 0
91 126 -1 0
90 126 -1 0
89 126 -1 0
88 126 -1 0
87 126 -1 0
86 126 -1 0
85 126 -1 0
84 126 -1 0
83 126 -1 0
269 125 -1 0
268 125 -1 0
267 125 -1 0
266 125 -1 0
265 125 -1 0
264 125 -1 0
263 125 -1 0
262 125 -1 0
261 125 -1 0
91 125 -1 0
90 125 -1 0
89 125 -1 0
88 125 -1 0
87 125 -1 0
86 125 -1 0
85 125 -1 0
84 125 -1 0
83 125 -1 0
270 124 -1 0
269 124 -1 0
268 124 -1 0
267 124 -1 0
266 124 -1 0
265 124 -1 0
264 124 -1 0
263 124 -1 0
262 124 -1 0
261 124 -1 0
260 124 -1 0
91 124 -1 0
90 124 -1 0
89 124 -1 0
88 124 -1 0
87 124 -1 0
86 124 -1 0
85 124 -1 0
84 124 -1 0
83 124 -1 0
269 123 -1 0
268 123 -1 0
267 123 -1 0
266 123 -1 0
265 123 -1 0
264 123 -1 0
263 123 -1 0
262 123 -1 0
261 123 -1 0
91 123 -1 0
90 123 -1 0
89 123 -1 0
88 123 -1 0
87 123 -1 0
86 123 -1 0
85 123 -1 0
84 123 -1 0
83 123 -1 0
269 122 -1 0
268 122 -1 0
267 122 -1 0
266 122 -1 0
265 122 -1 0
264 122 -1 0
263 122 -1 0
262 122 -1 0
261 122 -1 0
92 122 -1 0
91 122 -1 0
90 122 -1 0
89 122 -1 0
88 122 -1 0
87 122 -1 0
86 122 -1 0
85 122 -1 0
84 122 -1 0
83 122 -1 0
82 122 -1 0
270 121 -1 0
269 121 -1 0
268 121 -1 0
267 121 -1 0
266 121 -1 0
265 121 -1 0
264 121 -1 0
263 121 -1 0
262 121 -1 0
261 121 -1 0
260 121 -1 0
91 121 -1 0
90 121 -1 0
89 121 -1 0
88 121 -1 0
87 121 -1 0
86 121 -1 0
85 121 -1 0
84 121 -1 0
83 121 -1 0
270 120 -1 0
269 120 -1 0
268 120 -1 0
267 120 -1 0
266 120 -1 0
265 120 -1 0
264 120 -1 0
263 120 -1 0
262 120 -1 0
261 120 -1 0
260 120 -1 0
91 120 -1 0
90 120 -1 0
89 120 -1 0
88 120 -1 0
87 120 -1 0
86 120 -1 0
85 120 -1 0
84 120 -1 0
83 120 -1 0
269 119 -1 0
268 119 -1 0
267 119 -1 0
266 119 -1 0
265 119 -1 0
264 119 -1 0
263 119 -1 0
262 119 -1 0
261 119 -1 0
91 119 -1 0
90 119 -1 0
89 119 -1 0
88 119 -1 0
87 119 -1 0
86 119 -1 0
85 119 -1 0
84 119 -1 0
83 119 -1 0
269 118 -1 0
268 118 -1 0
267 118 -1 0
266 118 -1 0
265 118 -1 0
264 118 -1 0
263 118 -1 0
262 118 -1 0
261 118 -1 0
91 118 -1 0
90 118 -1 0
89 118 -1 0
88 118 -1 0
87 118 -1 0
86 118 -1 0
85 118 -1 0
84 118 -1 0
83 118 -1 0
270 117 -1 0
269 117 -1 0
268 117 -1 0
267 117 -1 0
266 117 -1 0
265 117 -1 0
264 117 -1 0
263 117 -1 0
262 117 -1 0
261 117 -1 0
260 117 -1 0
92 117 -1 0
91 117 -1 0
90 117 -1 0
89 117 -1 0
88 117 -1 0
87 117 -1 0
86 117 -1 0
85 117 -1 0
84 117 -1 0
83 117 -1 0
82 117 -1 0
269 116 -1 0
268 116 -1 0
267 116 -1 0
266 116 -1 0
265 116 -1 0
264 116 -1 0
263 116 -1 0
262 116 -1 0
261 116 -1 0
91 116 -1 0
90 116 -1 0
89 116 -1 0
88 116 -1 0
87 116 -1 0
86 116 -1 0
85 116 -1 0
84 116 -1 0
83 116 -1 0
269 115 -1 0
268 115 -1 0
267 115 -1 0
266 115 -1 0
265 115 -1 0
264 115 -1 0
263 115 -1 0
262 115 -1 0
261 115 -1 0
91 115 -1 0
90 115 -1 0
89 115 -1 0
88 115 -1 0
87 115 -1 0
86 115 -1 0
85 115 -1 0
84 115 -1 0
83 115 -1 0
269 114 -1 0
268 114 -1 0
267 114 -1 0
266 114 -1 0
265 114 -1 0
264 114 -1 0
263 114 -1 0
262 114 -1 0
261 114 -1 0
91 114 -1 0
90 114 -1 0
89 114 -1 0
88 114 -1 0
87 114 -1 0
86 114 -1 0
85 114 -1 0
84 114 -1 0
83 114 -1 0
270 113 -1 0
269 113 -1 0
268 113 -1 0
267 113 -1 0
266 113 -1 0
265 113 -1 0
264 113 -1 0
263 113 -1 0
262 113 -1 0
261 113 -1 0
260 113 -1 0
91 113 -1 0
90 113 -1 0
89 113 -1 0
88 113 -1 0
87 113 -1 0
86 113 -1 0
85 113 -1 0
84 113 -1 0
83 113 -1 0
269 112 -1 0
268 112 -1 0
267 112 -1 0
266 112 -1 0
265 112 -1 0
264 112 -1 0
263 112 -1 0
262 112 -1 0
261 112 -1 0
92 112 -1 0
91 112 -1 0
90 112 -1 0
89 112 -1 0
88 112 -1 0
87 112 -1 0
86 112 -1 0
85 112 -1 0
84 112 -1 0
83 112 -1 0
82 112 -1 0
269 111 -1 0
268 111 -1 0
267 111 -1 0
266 111 -1 0
265 111 -1 0
264 111 -1 0
263 111 -1 0
262 111 -1 0
261 111 -1 0
91 111 -1 0
90 111 -1 0
89 111 -1 0
88 111 -1 0
87 111 -1 0
86 111 -1 0
85 111 -1 0
84 111 -1 0
83 111 -1 0
270 110 -1 0
269 110 -1 0
268 110 -1 0
267 110 -1 0
266 110 -1 0
265 110 -1 0
264 110 -1 0
263 110 -1 0
262 110 -1 0
261 110 -1 0
260 110 -1 0
91 110 -1 0
90 110 -1 0
89 110 -1 0
88 110 -1 0
87 110 -1 0
86 110 -1 0
85 110 -1 0
84 110 -1 0
83 110 -1 0
269 109 -1 0
268 109 -1 0
267 109 -1 0
266 109 -1 0
265 109 -1 0
264 109 -1 0
263 109 -1 0
262 109 -1 0
261 109 -1 0
91 109 -1 0
90 109 -1 0
89 109 -1 0
88 109 -1 0
87 109 -1 0
86 109 -1 0
85 109 -1 0
84 109 -1 0
83 109 -1 0
269 108 -1 0
268 108 -1 0
267 108 -1 0
266 108 -1 0
265 108 -1 0
264 108 -1 0
263 108 -1 0
262 108 -1 0
261 108 -1 0
91 108 -1 0
90 108 -1 0
89 108 -1 0
88 108 -1 0
87 108 -1 0
86 108 -1 0
85 108 -1 0
84 108 -1 0
83 108 -1 0
269 107 -1 0
268 107 -1 0
267 107 -1 0
266 107 -1 0
265 107 -1 0
264 107 -1 0
263 107 -1 0
262 107 -1 0
261 107 -1 0
92 107 -1 0
91 107 -1 0
90 107 -1 0
89 107 -1 0
88 107 -1 0
87 107 -1 0
86 107 -1 0
85 107 -1 0
84 107 -1 0
83 107 -1 0
82 107 -1 0
269 106 -1 0
268 106 -1 0
267 106 -1 0
266 106 -1 0
265 106 -1 0
264 106 -1 0
263 106 -1 0
262 106 -1 0
261 106 -1 0
91 106 -1 0
90 106 -1 0
89 106 -1 0
88 106 -1 0
87 106 -1 0
86 106 -1 0
85 106 -1 0
84 106 -1 0
83 106 -1 0
270 105 -1 0
269 105 -1 0
268 105 -1 0
267 105 -1 0
266 105 -1 0
265 105 -1 0
264 105 -1 0
263 105 -1 0
262 105 -1 0
261 105 -1 0
260 105 -1 0
91 105 -1 0
90 105 -1 0
89 105 -1 0
88 105 -1 0
87 105 -1 0
86 105 -1 0
85 105 -1 0
84 105 -1 0
83 105 -1 0
270 104 -1 0
269 104 -1 0
268 104 -1 0
267 104 -1 0
266 104 -1 0
265 104 -1 0
264 104 -1 0
263 104 -1 0
262 104 -1 0
261 104 -1 0
260 104 -1 0
91 104 -1 0
90 104 -1 0
89 104 -1 0
88 104 -1 0
87 104 -1 0
86 104 -1 0
85 104 -1 0
84 104 -1 0
83 104 -1 0
269 103 -1 0
268 103 -1 0
267 103 -1 0
266 103 -1 0
265 103 -1 0
264 103 -1 0
263 103 -1 0
262 103 -1 0
261 103 -1 0
91 103 -1 0
90 103 -1 0
89 103 -1 0
88 103 -1 0
87 103 -1 0
86 103 -1 0
85 103 -1 0
84 103 -1 0
83 103 -1 0
269 102 -1 0
268 102 -1 0
267 102 -1 0
266 102 -1 0
265 102 -1 0
264 102 -1 0
263 102 -1 0
262 102 -1 0
261 102 -1 0
92 102 -1 0
91 102 -1 0
90 102 -1 0
89 102 -1 0
88 102 -1 0
87 102 -1 0
86 102 -1 0
85 102 -1 0
84 102 -1 0
83 102 -1 0
82 102 -1 0
269 101 -1 0
268 101 -1 0
267 101 -1 0
266 101 -1 0
265 101 -1 0
264 101 -1 0
263 101 -1 0
262 101 -1 0
261 101 -1 0
91 101 -1 0
90 101 -1 0
89 101 -1 0
88 101 -1 0
87 101 -1 0
86 101 -1 0
85 101 -1 0
84 101 -1 0
83 101 -1 0
270 100 -1 0
269 100 -1 0
268 100 -1 0
267 100 -1 0
266 100 -1 0
265 100 -1 0
264 100 -1 0
263 100 -1 0
262 100 -1 0
261 100 -1 0
260 100 -1 0
91 100 -1 0
90 100 -1 0
89 100 -1 0
88 100 -1 0
87 100 -1 0
86 100 -1 0
85 100 -1 0
84 100 -1 0
83 100 -1 0
269 99 -1 0
268 99 -1 0
267 99 -1 0
266 99 -1 0
265 99 -1 0
264 99 -1 0
263 99 -1 0
262 99 -1 0
261 99 -1 0
180 99 -1 1
91 99 -1 0
90 99 -1 0
89 99 -1 0
88 99 -1 0
87 99 -1 0
86 99 -1 0
85 99 -1 0
84 99 -1 0
83 99 -1 0
269 98 -1 0
268 98 -1 0
267 98 -1 0
266 98 -1 0
265 98 -1 0
264 98 -1 0
263 98 -1 0
262 98 -1 0
261 98 -1 0
183 98 -1 1
182 98 -1 1
181 98 -1 1
180 98 -1 1
179 98 -1 1
178 98 -1 1
177 98 -1 1
91 98 -1 0
90 98 -1 0
89 98 -1 0
88 98 -1 0
87 98 -1 0
86 98 -1 0
85 98 -1 0
84 98 -1 0
83 98 -1 0
269 97 -1 0
268 97 -1 0
267 97 -1 0
266 97 -1 0
265 97 -1 0
264 97 -1 0
263 97 -1 0
262 97 -1 0
261 97 -1 0
184 97 -1 1
183 97 -1 1
182 97 -1 1
181 97 -1 1
180 97 -1 1
179 97 -1 1
178 97 -1 1
177 97 -1 1
176 97 -1 1
92 97 -1 0
91 97 -1 0
90 97 -1 0
89 97 -1 0
88 97 -1 0
87 97 -1 0
86 97 -1 0
85 97 -1 0
84 97 -1 0
83 97 -1 0
82 97 -1 0
270 96 -1 0
269 96 -1 0
268 96 -1 0
267 96 -1 0
266 96 -1 0
265 96 -1 0
264 96 -1 0
263 96 -1 0
262 96 -1 0
261 96 -1 0
260 96 -1 0
184 96 -1 1
183 96 -1 1
182 96 -1 1
181 96 -1 1
180 96 -1 1
179 96 -1 1
178 96 -1 1
177 96 -1 1
176 96 -1 1
91 96 -1 0
90 96 -1 0
89 96 -1 0
88 96 -1 0
87 96 -1 0
86 96 -1 0
85 96 -1 0
84 96 -1 0
83 96 -1 0
269 95 -1 0
268 95 -1 0
267 95 -1 0
266 95 -1 0
265 95 -1 0
264 95 -1 0
263 95 -1 0
262 95 -1 0
261 95 -1 0
184 95 -1 1
183 95 -1 1
182 95 -1 1
181 95 -1 1
180 95 -1 1
179 95 -1 1
178 95 -1 1
177 95 -1 1
176 95 -1 1
91 95 -1 0
90 95 -1 0
89 95 -1 0
88 95 -1 0
87 95 -1 0
86 95 -1 0
85 95 -1 0
84 95 -1 0
83 95 -1 0
269 94 -1 0
268 94 -1 0
267 94 -1 0
266 94 -1 0
265 94 -1 0
264 94 -1 0
263 94 -1 0
262 94 -1 0
261 94 -1 0
185 94 -1 1
184 94 -1 1
183 94 -1 1
182 94 -1 1
181 94 -1 1
180 94 -1 1
179 94 -1 1
178 94 -1 1
177 94 -1 1
176 94 -1 1
175 94 -1 1
92 94 -1 0
91 94 -1 0
90 94 -1 0
89 94 -1 0
88 94 -1 0
87 94 -1 0
86 94 -1 0
85 94 -1 0
84 94 -1 0
83 94 -1 0
269 93 -1 0
268 93 -1 0
267 93 -1 0
266 93 -1 0
265 93 -1 0
264 93 -1 0
263 93 -1 0
262 93 -1 0
261 93 -1 0
185 93 -1 1
184 93 -1 1
183 93 -1 1
182 93 -1 1
181 93 -1 1
180 93 -1 1
179 93 -1 1
178 93 -1 1
177 93 -1 1
176 93 -1 1
175 93 -1 1
92 93 -1 0
91 93 -1 0
90 93 -1 0
89 93 -1 0
88 93 -1 0
87 93 -1 0
86 93 -1 0
85 93 -1 0
84 93 -1 0
83 93 -1 0
82 93 -1 0
269 92 -1 0
268 92 -1 0
267 92 -1 0
266 92 -1 0
265 92 -1 0
264 92 -1 0
263 92 -1 0
262 92 -1 0
261 92 -1 0
185 92 -1 1
184 92 -1 1
183 92 -1 1
182 92 -1 1
181 92 -1 1
180 92 -1 1
179 92 -1 1
178 92 -1 1
177 92 -1 1
176 92 -1 1
175 92 -1 1
92 92 -1 0
91 92 -1 0
90 92 -1 0
89 92 -1 0
88 92 -1 0
87 92 -1 0
86 92 -1 0
85 92 -1 0
84 92 -1 0
83 92 -1 0
270 91 -1 0
269 91 -1 0
268 91 -1 0
267 91 -1 0
266 91 -1 0
265 91 -1 0
264 91 -1 0
263 91 -1 0
262 91 -1 0
261 91 -1 0
260 91 -1 0
185 91 -1 1
184 91 -1 1
183 91 -1 1
182 91 -1 1
181 91 -1 1
180 91 -1 1
179 91 -1 1
178 91 -1 1
177 91 -1 1
176 91 -1 1
175 91 -1 1
93 91 -1 0
92 91 -1 0
91 91 -1 0
90 91 -1 0
89 91 -1 0
88 91 -1 0
87 91 -1 0
86 91 -1 0
85 91 -1 0
84 91 -1 0
83 91 -1 0
82 91 -1 0
269 90 -1 0
268 90 -1 0
267 90 -1 0
266 90 -1 0
265 90 -1 0
264 90 -1 0
263 90 -1 0
262 90 -1 0
261 90 -1 0
185 90 -1 1
184 90 -1 1
183 90 -1 1
182 90 -1 1
181 90 -1 1
180 90 -1 1
179 90 -1 1
178 90 -1 1
177 90 -1 1
176 90 -1 1
175 90 -1 1
92 90 -1 0
91 90 -1 0
90 90 -1 0
89 90 -1 0
88 90 -1 0
87 90 -1 0
86 90 -1 0
85 90 -1 0
84 90 -1 0
83 90 -1 0
270 89 -1 0
269 89 -1 0
268 89 -1 0
267 89 -1 0
266 89 -1 0
265 89 -1 0
264 89 -1 0
263 89 -1 0
262 89 -1 0
261 89 -1 0
260 89 -1 0
184 89 -1 1
183 89 -1 1
182 89 -1 1
181 89 -1 1
180 89 -1 1
179 89 -1 1
178 89 -1 1
177 89 -1 1
176 89 -1 1
92 89 -1 0
91 89 -1 0
90 89 -1 0
89 89 -1 0
88 89 -1 0
87 89 -1 0
86 89 -1 0
85 89 -1 0
84 89 -1 0
83 89 -1 0
269 88 -1 0
268 88 -1 0
267 88 -1 0
266 88 -1 0
265 88 -1 0
264 88 -1 0
263 88 -1 0
262 88 -1 0
261 88 -1 0
185 88 -1 1
184 88 -1 1
183 88 -1 1
182 88 -1 1
181 88 -1 1
180 88 -1 1
179 88 -1 1
178 88 -1 1
177 88 -1 1
176 88 -1 1
175 88 -1 1
92 88 -1 0
91 88 -1 0
90 88 -1 0
89 88 -1 0
88 88 -1 0
87 88 -1 0
86 88 -1 0
85 88 -1 0
84 88 -1 0
83 88 -1 0
269 87 -1 0
268 87 -1 0
267 87 -1 0
266 87 -1 0
265 87 -1 0
264 87 -1 0
263 87 -1 0
262 87 -1 0
261 87 -1 0
185 87 -1 1
184 87 -1 1
183 87 -1 1
182 87 -1 1
181 87 -1 1
180 87 -1 1
179 87 -1 1
178 87 -1 1
177 87 -1 1
176 87 -1 1
175 87 -1 1
91 87 -1 0
90 87 -1 0
89 87 -1 0
88 87 -1 0
87 87 -1 0
86 87 -1 0
85 87 -1 0
84 87 -1 0
269 86 -1 0
268 86 -1 0
267 86 -1 0
266 86 -1 0
265 86 -1 0
264 86 -1 0
263 86 -1 0
262 86 -1 0
261 86 -1 0
185 86 -1 1
184 86 -1 1
183 86 -1 1
182 86 -1 1
181 86 -1 1
180 86 -1 1
179 86 -1 1
178 86 -1 1
177 86 -1 1
176 86 -1 1
175 86 -1 1
88 86 -1 0
87 86 -1 0
270 85 -1 0
269 85 -1 0
268 85 -1 0
267 85 -1 0
266 85 -1 0
265 85 -1 0
264 85 -1 0
263 85 -1 0
262 85 -1 0
261 85 -1 0
260 85 -1 0
184 85 -1 1
183 85 -1 1
182 85 -1 1
181 85 -1 1
180 85 -1 1
179 85 -1 1
178 85 -1 1
177 85 -1 1
176 85 -1 1
269 84 -1 0
268 84 -1 0
267 84 -1 0
266 84 -1 0
265 84 -1 0
264 84 -1 0
263 84 -1 0
262 84 -1 0
261 84 -1 0
184 84 -1 1
183 84 -1 1
182 84 -1 1
181 84 -1 1
180 84 -1 1
179 84 -1 1
178 84 -1 1
177 84 -1 1
176 84 -1 1
269 83 -1 0
268 83 -1 0
267 83 -1 0
266 83 -1 0
265 83 -1 0
264 83 -1 0
263 83 -1 0
262 83 -1 0
261 83 -1 0
185 83 -1 1
184 83 -1 1
183 83 -1 1
182 83 -1 1
181 83 -1 1
180 83 -1 1
179 83 -1 1
178 83 -1 1
177 83 -1 1
176 83 -1 1
175 83 -1 1
269 82 -1 0
268 82 -1 0
267 82 -1 0
266 82 -1 0
265 82 -1 0
264 82 -1 0
263 82 -1 0
262 82 -1 0
261 82 -1 0
185 82 -1 1
184 82 -1 1
183 82 -1 1
182 82 -1 1
181 82 -1 1
180 82 -1 1
179 82 -1 1
178 82 -1 1
177 82 -1 1
176 82 -1 1
175 82 -1 1
268 81 -1 0
267 81 -1 0
266 81 -1 0
265 81 -1 0
264 81 -1 0
263 81 -1 0
262 81 -1 0
184 81 -1 1
183 81 -1 1
182 81 -1 1
181 81 -1 1
180 81 -1 1
179 81 -1 1
178 81 -1 1
177 81 -1 1
176 81 -1 1
267 80 -1 0
266 80 -1 0
265 80 -1 0
264 80 -1 0
263 80 -1 0
262 80 -1 0
261 80 -1 0
185 80 -1 1
184 80 -1 1
183 80 -1 1
182 80 -1 1
181 80 -1 1
180 80 -1 1
179 80 -1 1
178 80 -1 1
177 80 -1 1
176 80 -1 1
175 80 -1 1
268 79 -1 0
267 79 -1 0
266 79 -1 0
265 79 -1 0
264 79 -1 0
263 79 -1 0
262 79 -1 0
261 79 -1 0
260 79 -1 0
185 79 -1 1
184 79 -1 1
183 79 -1 1
182 79 -1 1
181 79 -1 1
180 79 -1 1
179 79 -1 1
178 79 -1 1
177 79 -1 1
176 79 -1 1
175 79 -1 1
268 78 -1 0
267 78 -1 0
266 78 -1 0
265 78 -1 0
264 78 -1 0
263 78 -1 0
262 78 -1 0
261 78 -1 0
260 78 -1 0
184 78 -1 1
183 78 -1 1
182 78 -1 1
181 78 -1 1
180 78 -1 1
179 78 -1 1
178 78 -1 1
177 78 -1 1
176 78 -1 1
268 77 -1 0
267 77 -1 0
266 77 -1 0
265 77 -1 0
264 77 -1 0
263 77 -1 0
262 77 -1 0
261 77 -1 0
260 77 -1 0
184 77 -1 1
183 77 -1 1
182 77 -1 1
181 77 -1 1
180 77 -1 1
179 77 -1 1
178 77 -1 1
177 77 -1 1
176 77 -1 1
269 76 -1 0
268 76 -1 0
267 76 -1 0
266 76 -1 0
265 76 -1 0
264 76 -1 0
263 76 -1 0
262 76 -1 0
261 76 -1 0
260 76 -1 0
259 76 -1 0
185 76 -1 1
184 76 -1 1
183 76 -1 1
182 76 -1 1
181 76 -1 1
180 76 -1 1
179 76 -1 1
178 76 -1 1
177 76 -1 1
176 76 -1 1
175 76 -1 1
268 75 -1 0
267 75 -1 0
266 75 -1 0
265 75 -1 0
264 75 -1 0
263 75 -1 0
262 75 -1 0
261 75 -1 0
260 75 -1 0
184 75 -1 1
183 75 -1 1
182 75 -1 1
181 75 -1 1
180 75 -1 1
179 75 -1 1
178 75 -1 1
177 75 -1 1
176 75 -1 1
268 74 -1 0
267 74 -1 0
266 74 -1 0
265 74 -1 0
264 74 -1 0
263 74 -1 0
262 74 -1 0
261 74 -1 0
260 74 -1 0
185 74 -1 1
184 74 -1 1
183 74 -1 1
182 74 -1 1
181 74 -1 1
180 74 -1 1
179 74 -1 1
178 74 -1 1
177 74 -1 1
176 74 -1 1
175 74 -1 1
268 73 -1 0
267 73 -1 0
266 73 -1 0
265 73 -1 0
264 73 -1 0
263 73 -1 0
262 73 -1 0
261 73 -1 0
260 73 -1 0
184 73 -1 1
183 73 -1 1
182 73 -1 1
181 73 -1 1
180 73 -1 1
179 73 -1 1
178 73 -1 1
177 73 -1 1
176 73 -1 1
269 72 -1 0
268 72 -1 0
267 72 -1 0
266 72 -1 0
265 72 -1 0
264 72 -1 0
263 72 -1 0
262 72 -1 0
261 72 -1 0
260 72 -1 0
259 72 -1 0
184 72 -1 1
183 72 -1 1
182 72 -1 1
181 72 -1 1
180 72 -1 1
179 72 -1 1
178 72 -1 1
177 72 -1 1
176 72 -1 1
268 71 -1 0
267 71 -1 0
266 71 -1 0
265 71 -1 0
264 71 -1 0
263 71 -1 0
262 71 -1 0
261 71 -1 0
260 71 -1 0
259 71 -1 0
185 71 -1 1
184 71 -1 1
183 71 -1 1
182 71 -1 1
181 71 -1 1
180 71 -1 1
179 71 -1 1
178 71 -1 1
177 71 -1 1
176 71 -1 1
175 71 -1 1
268 70 -1 0
267 70 -1 0
266 70 -1 0
265 70 -1 0
264 70 -1 0
263 70 -1 0
262 70 -1 0
261 70 -1 0
260 70 -1 0
259 70 -1 0
185 70 -1 1
184 70 -1 1
183 70 -1 1
182 70 -1 1
181 70 -1 1
180 70 -1 1
179 70 -1 1
178 70 -1 1
177 70 -1 1
176 70 -1 1
175 70 -1 1
268 69 -1 0
267 69 -1 0
266 69 -1 0
265 69 -1 0
264 69 -1 0
263 69 -1 0
262 69 -1 0
261 69 -1 0
260 69 -1 0
259 69 -1 0
258 69 -1 0
184 69 -1 1
183 69 -1 1
182 69 -1 1
181 69 -1 1
180 69 -1 1
179 69 -1 1
178 69 -1 1
177 69 -1 1
176 69 -1 1
267 68 -1 0
266 68 -1 0
265 68 -1 0
264 68 -1 0
263 68 -1 0
262 68 -1 0
261 68 -1 0
260 68 -1 0
259 68 -1 0
185 68 -1 1
184 68 -1 1
183 68 -1 1
182 68 -1 1
181 68 -1 1
180 68 -1 1
179 68 -1 1
178 68 -1 1
177 68 -1 1
176 68 -1 1
175 68 -1 1
267 67 -1 0
266 67 -1 0
265 67 -1 0
264 67 -1 0
263 67 -1 0
262 67 -1 0
261 67 -1 0
260 67 -1 0
259 67 -1 0
185 67 -1 1
184 67 -1 1
183 67 -1 1
182 67 -1 1
181 67 -1 1
180 67 -1 1
179 67 -1 1
178 67 -1 1
177 67 -1 1
176 67 -1 1
175 67 -1 1
268 66 -1 0
267 66 -1 0
266 66 -1 0
265 66 -1 0
264 66 -1 0
263 66 -1 0
262 66 -1 0
261 66 -1 0
260 66 -1 0
259 66 -1 0
258 66 -1 0
184 66 -1 1
183 66 -1 1
182 66 -1 1
181 66 -1 1
180 66 -1 1
179 66 -1 1
178 66 -1 1
177 66 -1 1
176 66 -1 1
267 65 -1 0
266 65 -1 0
265 65 -1 0
264 65 -1 0
263 65 -1 0
262 65 -1 0
261 65 -1 0
260 65 -1 0
259 65 -1 0
185 65 -1 1
184 65 -1 1
183 65 -1 1
182 65 -1 1
181 65 -1 1
180 65 -1 1
179 65 -1 1
178 65 -1 1
177 65 -1 1
176 65 -1 1
175 65 -1 1
267 64 -1 0
266 64 -1 0
265 64 -1 0
264 64 -1 0
263 64 -1 0
262 64 -1 0
261 64 -1 0
260 64 -1 0
259 64 -1 0
258 64 -1 0
185 64 -1 1
184 64 -1 1
183 64 -1 1
182 64 -1 1
181 64 -1 1
180 64 -1 1
179 64 -1 1
178 64 -1 1
177 64 -1 1
176 64 -1 1
175 64 -1 1
267 63 -1 0
266 63 -1 0
265 63 -1 0
264 63 -1 0
263 63 -1 0
262 63 -1 0
261 63 -1 0
260 63 -1 0
259 63 -1 0
258 63 -1 0
257 63 -1 0
256 63 -1 0
255 63 -1 0
184 63 -1 1
183 63 -1 1
182 63 -1 1
181 63 -1 1
180 63 -1 1
179 63 -1 1
178 63 -1 1
177 63 -1 1
176 63 -1 1
267 62 -1 0
266 62 -1 0
265 62 -1 0
264 62 -1 0
263 62 -1 0
262 62 -1 0
261 62 -1 0
260 62 -1 0
259 62 -1 0
258 62 -1 0
257 62 -1 0
256 62 -1 0
255 62 -1 0
254 62 -1 0
184 62 -1 1
183 62 -1 1
182 62 -1 1
181 62 -1 1
180 62 -1 1
179 62 -1 1
178 62 -1 1
177 62 -1 1
176 62 -1 1
267 61 -1 0
266 61 -1 0
265 61 -1 0
264 61 -1 0
263 61 -1 0
262 61 -1 0
261 61 -1 0
260 61 -1 0
259 61 -1 0
258 61 -1 0
257 61 -1 0
256 61 -1 0
255 61 -1 0
254 61 -1 0
184 61 -1 1
183 61 -1 1
182 61 -1 1
181 61 -1 1
180 61 -1 1
179 61 -1 1
178 61 -1 1
177 61 -1 1
176 61 -1 1
267 60 -1 0
266 60 -1 0
265 60 -1 0
264 60 -1 0
263 60 -1 0
262 60 -1 0
261 60 -1 0
260 60 -1 0
259 60 -1 0
258 60 -1 0
257 60 -1 0
256 60 -1 0
255 60 -1 0
254 60 -1 0
185 60 -1 1
184 60 -1 1
183 60 -1 1
182 60 -1 1
181 60 -1 1
180 60 -1 1
179 60 -1 1
178 60 -1 1
177 60 -1 1
176 60 -1 1
175 60 -1 1
268 59 -1 0
267 59 -1 0
266 59 -1 0
265 59 -1 0
264 59 -1 0
263 59 -1 0
262 59 -1 0
261 59 -1 0
260 59 -1 0
259 59 -1 0
258 59 -1 0
257 59 -1 0
256 59 -1 0
255 59 -1 0
254 59 -1 0
253 59 -1 0
184 59 -1 1
183 59 -1 1
182 59 -1 1
181 59 -1 1
180 59 -1 1
179 59 -1 1
178 59 -1 1
177 59 -1 1
176 59 -1 1
267 58 -1 0
266 58 -1 0
265 58 -1 0
264 58 -1 0
263 58 -1 0
262 58 -1 0
261 58 -1 0
260 58 -1 0
259 58 -1 0
258 58 -1 0
257 58 -1 0
256 58 -1 0
255 58 -1 0
254 58 -1 0
185 58 -1 1
184 58 -1 1
183 58 -1 1
182 58 -1 1
181 58 -1 1
180 58 -1 1
179 58 -1 1
178 58 -1 1
177 58 -1 1
176 58 -1 1
175 58 -1 1
267 57 -1 0
266 57 -1 0
265 57 -1 0
264 57 -1 0
263 57 -1 0
262 57 -1 0
261 57 -1 0
260 57 -1 0
259 57 -1 0
258 57 -1 0
257 57 -1 0
256 57 -1 0
255 57 -1 0
254 57 -1 0
184 57 -1 1
183 57 -1 1
182 57 -1 1
181 57 -1 1
180 57 -1 1
179 57 -1 1
178 57 -1 1
177 57 -1 1
176 57 -1 1
267 56 -1 0
266 56 -1 0
265 56 -1 0
264 56 -1 0
263 56 -1 0
262 56 -1 0
261 56 -1 0
260 56 -1 0
259 56 -1 0
258 56 -1 0
257 56 -1 0
256 56 -1 0
255 56 -1 0
254 56 -1 0
185 56 -1 1
184 56 -1 1
183 56 -1 1
182 56 -1 1
181 56 -1 1
180 56 -1 1
179 56 -1 1
178 56 -1 1
177 56 -1 1
176 56 -1 1
175 56 -1 1
266 55 -1 0
265 55 -1 0
264 55 -1 0
263 55 -1 0
262 55 -1 0
261 55 -1 0
260 55 -1 0
259 55 -1 0
258 55 -1 0
257 55 -1 0
256 55 -1 0
255 55 -1 0
185 55 -1 1
184 55 -1 1
183 55 -1 1
182 55 -1 1
181 55 -1 1
180 55 -1 1
179 55 -1 1
178 55 -1 1
177 55 -1 1
176 55 -1 1
175 55 -1 1
263 54 -1 0
260 54 -1 0
258 54 -1 0
185 54 -1 1
184 54 -1 1
183 54 -1 1
182 54 -1 1
181 54 -1 1
180 54 -1 1
179 54 -1 1
178 54 -1 1
177 54 -1 1
176 54 -1 1
175 54 -1 1
184 53 -1 1
183 53 -1 1
182 53 -1 1
181 53 -1 1
180 53 -1 1
179 53 -1 1
178 53 -1 1
177 53 -1 1
176 53 -1 1
185 52 -1 1
184 52 -1 1
183 52 -1 1
182 52 -1 1
181 52 -1 1
180 52 -1 1
179 52 -1 1
178 52 -1 1
177 52 -1 1
176 52 -1 1
175 52 -1 1
185 51 -1 1
184 51 -1 1
183 51 -1 1
182 51 -1 1
181 51 -1 1
180 51 -1 1
179 51 -1 1
178 51 -1 1
177 51 -1 1
176 51 -1 1
175 51 -1 1
185 50 -1 1
184 50 -1 1
183 50 -1 1
182 50 -1 1
181 50 -1 1
180 50 -1 1
179 50 -1 1
178 50 -1 1
177 50 -1 1
176 50 -1 1
175 50 -1 1
184 49 -1 1
183 49 -1 1
182 49 -1 1
181 49 -1 1
180 49 -1 1
179 49 -1 1
178 49 -1 1
177 49 -1 1
176 49 -1 1
184 48 -1 1
183 48 -1 1
182 48 -1 1
181 48 -1 1
180 48 -1 1
179 48 -1 1
178 48 -1 1
177 48 -1 1
176 48 -1 1
184 47 -1 1
183 47 -1 1
182 47 -1 1
181 47 -1 1
180 47 -1 1
179 47 -1 1
178 47 -1 1
177 47 -1 1
176 47 -1 1
184 46 -1 1
183 46 -1 1
182 46 -1 1
181 46 -1 1
180 46 -1 1
179 46 -1 1
178 46 -1 1
177 46 -1 1
176 46 -1 1
185 45 -1 1
184 45 -1 1
183 45 -1 1
182 45 -1 1
181 45 -1 1
180 45 -1 1
179 45 -1 1
178 45 -1 1
177 45 -1 1
176 45 -1 1
175 45 -1 1
184 44 -1 1
183 44 -1 1
182 44 -1 1
181 44 -1 1
180 44 -1 1
179 44 -1 1
178 44 -1 1
177 44 -1 1
176 44 -1 1
185 43 -1 1
184 43 -1 1
183 43 -1 1
182 43 -1 1
181 43 -1 1
180 43 -1 1
179 43 -1 1
178 43 -1 1
177 43 -1 1
176 43 -1 1
175 43 -1 1
184 42 -1 1
183 42 -1 1
182 42 -1 1
181 42 -1 1
180 42 -1 1
179 42 -1 1
178 42 -1 1
177 42 -1 1
176 42 -1 1
184 41 -1 1
183 41 -1 1
182 41 -1 1
181 41 -1 1
180 41 -1 1
179 41 -1 1
178 41 -1 1
177 41 -1 1
176 41 -1 1
184 40 -1 1
183 40 -1 1
182 40 -1 1
181 40 -1 1
180 40 -1 1
179 40 -1 1
178 40 -1 1
177 40 -1 1
176 40 -1 1
183 39 -1 1
182 39 -1 1
181 39 -1 1
180 39 -1 1
179 39 -1 1
178 39 -1 1
177 39 -1 1
180 38 -1 1
