3102 408 341
313 303 -1 0
316 302 -1 0
315 302 -1 0
314 302 -1 0
313 302 -1 0
312 302 -1 0
311 302 -1 0
310 302 -1 0
317 301 -1 0
316 301 -1 0
315 301 -1 0
314 301 -1 0
313 301 -1 0
312 301 -1 0
311 301 -1 0
310 301 -1 0
309 301 -1 0
317 300 -1 0
316 300 -1 0
315 300 -1 0
314 300 -1 0
313 300 -1 0
312 300 -1 0
311 300 -1 0
310 300 -1 0
309 300 -1 0
317 299 -1 0
316 299 -1 0
315 299 -1 0
314 299 -1 0
313 299 -1 0
312 299 -1 0
311 299 -1 0
310 299 -1 0
309 299 -1 0
320 298 -1 0
319 298 -1 0
318 298 -1 0
317 298 -1 0
316 298 -1 0
315 298 -1 0
314 298 -1 0
313 298 -1 0
312 298 -1 0
311 298 -1 0
310 298 -1 0
309 298 -1 0
308 298 -1 0
321 297 -1 0
320 297 -1 0
319 297 -1 0
318 297 -1 0
317 297 -1 0
316 297 -1 0
315 297 -1 0
314 297 -1 0
313 297 -1 0
312 297 -1 0
311 297 -1 0
310 297 -1 0
309 297 -1 0
321 296 -1 0
320 296 -1 0
319 296 -1 0
318 296 -1 0
317 296 -1 0
316 296 -1 0
315 296 -1 0
314 296 -1 0
313 296 -1 0
312 296 -1 0
311 296 -1 0
310 296 -1 0
309 296 -1 0
321 295 -1 0
320 295 -1 0
319 295 -1 0
318 295 -1 0
317 295 -1 0
316 295 -1 0
315 295 -1 0
314 295 -1 0
313 295 -1 0
312 295 -1 0
311 295 -1 0
310 295 -1 0
309 295 -1 0
322 294 -1 0
321 294 -1 0
320 294 -1 0
319 294 -1 0
318 294 -1 0
317 294 -1 0
316 294 -1 0
315 294 -1 0
314 294 -1 0
313 294 -1 0
312 294 -1 0
311 294 -1 0
310 294 -1 0
322 293 -1 0
321 293 -1 0
320 293 -1 0
319 293 -1 0
318 293 -1 0
317 293 -1 0
316 293 -1 0
315 293 -1 0
314 293 -1 0
313 293 -1 0
312 293 -1 0
322 292 -1 0
321 292 -1 0
320 292 -1 0
319 292 -1 0
318 292 -1 0
317 292 -1 0
316 292 -1 0
315 292 -1 0
314 292 -1 0
313 292 -1 0
312 292 -1 0
321 291 -1 0
320 291 -1 0
319 291 -1 0
318 291 -1 0
317 291 -1 0
316 291 -1 0
315 291 -1 0
314 291 -1 0
313 291 -1 0
322 290 -1 0
321 290 -1 0
320 290 -1 0
319 290 -1 0
318 290 -1 0
317 290 -1 0
316 290 -1 0
315 290 -1 0
314 290 -1 0
313 290 -1 0
312 290 -1 0
322 289 -1 0
321 289 -1 0
320 289 -1 0
319 289 -1 0
318 289 -1 0
317 289 -1 0
316 289 -1 0
315 289 -1 0
314 289 -1 0
313 289 -1 0
312 289 -1 0
322 288 -1 0
321 288 -1 0
320 288 -1 0
319 288 -1 0
318 288 -1 0
317 288 -1 0
316 288 -1 0
315 288 -1 0
314 288 -1 0
313 288 -1 0
312 288 -1 0
322 287 -1 0
321 287 -1 0
320 287 -1 0
319 287 -1 0
318 287 -1 0
317 287 -1 0
316 287 -1 0
315 287 -1 0
314 287 -1 0
313 287 -1 0
312 287 -1 0
322 286 -1 0
321 286 -1 0
320 286 -1 0
319 286 -1 0
318 286 -1 0
317 286 -1 0
316 286 -1 0
315 286 -1 0
314 286 -1 0
313 286 -1 0
312 286 -1 0
322 285 -1 0
321 285 -1 0
320 285 -1 0
319 285 -1 0
318 285 -1 0
317 285 -1 0
316 285 -1 0
315 285 -1 0
314 285 -1 0
313 285 -1 0
312 285 -1 0
321 284 -1 0
320 284 -1 0
319 284 -1 0
318 284 -1 0
317 284 -1 0
316 284 -1 0
315 284 -1 0
314 284 -1 0
313 284 -1 0
322 283 -1 0
321 283 -1 0
320 283 -1 0
319 283 -1 0
318 283 -1 0
317 283 -1 0
316 283 -1 0
315 283 -1 0
314 283 -1 0
313 283 -1 0
312 283 -1 0
322 282 -1 0
321 282 -1 0
320 282 -1 0
319 282 -1 0
318 282 -1 0
317 282 -1 0
316 282 -1 0
315 282 -1 0
314 282 -1 0
313 282 -1 0
312 282 -1 0
322 281 -1 0
321 281 -1 0
320 281 -1 0
319 281 -1 0
318 281 -1 0
317 281 -1 0
316 281 -1 0
315 281 -1 0
314 281 -1 0
313 281 -1 0
312 281 -1 0
322 280 -1 0
321 280 -1 0
320 280 -1 0
319 280 -1 0
318 280 -1 0
317 280 -1 0
316 280 -1 0
315 280 -1 0
314 280 -1 0
313 280 -1 0
312 280 -1 0
322 279 -1 0
321 279 -1 0
320 279 -1 0
319 279 -1 0
318 279 -1 0
317 279 -1 0
316 279 -1 0
315 279 -1 0
314 279 -1 0
313 279 -1 0
312 279 -1 0
322 278 -1 0
321 278 -1 0
320 278 -1 0
319 278 -1 0
318 278 -1 0
317 278 -1 0
316 278 -1 0
315 278 -1 0
314 278 -1 0
313 278 -1 0
312 278 -1 0
321 277 -1 0
320 277 -1 0
319 277 -1 0
318 277 -1 0
317 277 -1 0
316 277 -1 0
315 277 -1 0
314 277 -1 0
313 277 -1 0
312 277 -1 0
311 277 -1 0
321 276 -1 0
320 276 -1 0
319 276 -1 0
318 276 -1 0
317 276 -1 0
316 276 -1 0
315 276 -1 0
314 276 -1 0
313 276 -1 0
312 276 -1 0
321 275 -1 0
320 275 -1 0
319 275 -1 0
318 275 -1 0
317 275 -1 0
316 275 -1 0
315 275 -1 0
314 275 -1 0
313 275 -1 0
312 275 -1 0
321 274 -1 0
320 274 -1 0
319 274 -1 0
318 274 -1 0
317 274 -1 0
316 274 -1 0
315 274 -1 0
314 274 -1 0
313 274 -1 0
312 274 -1 0
311 274 -1 0
321 273 -1 0
320 273 -1 0
319 273 -1 0
318 273 -1 0
317 273 -1 0
316 273 -1 0
315 273 -1 0
314 273 -1 0
313 273 -1 0
312 273 -1 0
311 273 -1 0
310 273 -1 0
320 272 -1 0
319 272 -1 0
318 272 -1 0
317 272 -1 0
316 272 -1 0
315 272 -1 0
314 272 -1 0
313 272 -1 0
312 272 -1 0
311 272 -1 0
310 272 -1 0
321 271 -1 0
320 271 -1 0
319 271 -1 0
318 271 -1 0
317 271 -1 0
316 271 -1 0
315 271 -1 0
314 271 -1 0
313 271 -1 0
312 271 -1 0
311 271 -1 0
310 271 -1 0
320 270 -1 0
319 270 -1 0
318 270 -1 0
317 270 -1 0
316 270 -1 0
315 270 -1 0
314 270 -1 0
313 270 -1 0
312 270 -1 0
311 270 -1 0
310 270 -1 0
309 270 -1 0
320 269 -1 0
319 269 -1 0
318 269 -1 0
317 269 -1 0
316 269 -1 0
315 269 -1 0
314 269 -1 0
313 269 -1 0
312 269 -1 0
311 269 -1 0
310 269 -1 0
309 269 -1 0
320 268 -1 0
319 268 -1 0
318 268 -1 0
317 268 -1 0
316 268 -1 0
315 268 -1 0
314 268 -1 0
313 268 -1 0
312 268 -1 0
311 268 -1 0
310 268 -1 0
319 267 -1 0
318 267 -1 0
317 267 -1 0
316 267 -1 0
315 267 -1 0
314 267 -1 0
313 267 -1 0
312 267 -1 0
311 267 -1 0
310 267 -1 0
309 267 -1 0
319 266 -1 0
318 266 -1 0
317 266 -1 0
316 266 -1 0
315 266 -1 0
314 266 -1 0
313 266 -1 0
312 266 -1 0
311 266 -1 0
310 266 -1 0
309 266 -1 0
318 265 -1 0
317 265 -1 0
316 265 -1 0
315 265 -1 0
314 265 -1 0
313 265 -1 0
312 265 -1 0
311 265 -1 0
310 265 -1 0
309 265 -1 0
319 264 -1 0
318 264 -1 0
317 264 -1 0
316 264 -1 0
315 264 -1 0
314 264 -1 0
313 264 -1 0
312 264 -1 0
311 264 -1 0
310 264 -1 0
309 264 -1 0
318 263 -1 0
317 263 -1 0
316 263 -1 0
315 263 -1 0
314 263 -1 0
313 263 -1 0
312 263 -1 0
311 263 -1 0
310 263 -1 0
309 263 -1 0
318 262 -1 0
317 262 -1 0
316 262 -1 0
315 262 -1 0
314 262 -1 0
313 262 -1 0
312 262 -1 0
311 262 -1 0
310 262 -1 0
309 262 -1 0
308 262 -1 0
168 262 -1 1
165 262 -1 1
163 262 -1 1
161 262 -1 1
160 262 -1 1
318 261 -1 0
317 261 -1 0
316 261 -1 0
315 261 -1 0
314 261 -1 0
313 261 -1 0
312 261 -1 0
311 261 -1 0
310 261 -1 0
309 261 -1 0
308 261 -1 0
171 261 -1 1
170 261 -1 1
169 261 -1 1
168 261 -1 1
167 261 -1 1
166 261 -1 1
165 261 -1 1
164 261 -1 1
163 261 -1 1
162 261 -1 1
161 261 -1 1
160 261 -1 1
159 261 -1 1
158 261 -1 1
157 261 -1 1
317 260 -1 0
316 260 -1 0
315 260 -1 0
314 260 -1 0
313 260 -1 0
312 260 -1 0
311 260 -1 0
310 260 -1 0
309 260 -1 0
308 260 -1 0
175 260 -1 1
173 260 -1 1
172 260 -1 1
171 260 -1 1
170 260 -1 1
169 260 -1 1
168 260 -1 1
167 260 -1 1
166 260 -1 1
165 260 -1 1
164 260 -1 1
163 260 -1 1
162 260 -1 1
161 260 -1 1
160 260 -1 1
159 260 -1 1
158 260 -1 1
157 260 -1 1
156 260 -1 1
317 259 -1 0
316 259 -1 0
315 259 -1 0
314 259 -1 0
313 259 -1 0
312 259 -1 0
311 259 -1 0
310 259 -1 0
309 259 -1 0
308 259 -1 0
178 259 -1 1
177 259 -1 1
176 259 -1 1
175 259 -1 1
174 259 -1 1
173 259 -1 1
172 259 -1 1
171 259 -1 1
170 259 -1 1
169 259 -1 1
168 259 -1 1
167 259 -1 1
166 259 -1 1
165 259 -1 1
164 259 -1 1
163 259 -1 1
162 259 -1 1
161 259 -1 1
160 259 -1 1
159 259 -1 1
158 259 -1 1
157 259 -1 1
156 259 -1 1
317 258 -1 0
316 258 -1 0
315 258 -1 0
314 258 -1 0
313 258 -1 0
312 258 -1 0
311 258 -1 0
310 258 -1 0
309 258 -1 0
308 258 -1 0
307 258 -1 0
179 258 -1 1
178 258 -1 1
177 258 -1 1
176 258 -1 1
175 258 -1 1
174 258 -1 1
173 258 -1 1
172 258 -1 1
171 258 -1 1
170 258 -1 1
169 258 -1 1
168 258 -1 1
167 258 -1 1
166 258 -1 1
165 258 -1 1
164 258 -1 1
163 258 -1 1
162 258 -1 1
161 258 -1 1
160 258 -1 1
159 258 -1 1
158 258 -1 1
157 258 -1 1
156 258 -1 1
316 257 -1 0
315 257 -1 0
314 257 -1 0
313 257 -1 0
312 257 -1 0
311 257 -1 0
310 257 -1 0
309 257 -1 0
308 257 -1 0
307 257 -1 0
306 257 -1 0
181 257 -1 1
180 257 -1 1
179 257 -1 1
178 257 -1 1
177 257 -1 1
176 257 -1 1
175 257 -1 1
174 257 -1 1
173 257 -1 1
172 257 -1 1
171 257 -1 1
170 257 -1 1
169 257 -1 1
168 257 -1 1
167 257 -1 1
166 257 -1 1
165 257 -1 1
164 257 -1 1
163 257 -1 1
162 257 -1 1
161 257 -1 1
160 257 -1 1
159 257 -1 1
158 257 -1 1
157 257 -1 1
156 257 -1 1
155 257 -1 1
316 256 -1 0
315 256 -1 0
314 256 -1 0
313 256 -1 0
312 256 -1 0
311 256 -1 0
310 256 -1 0
309 256 -1 0
308 256 -1 0
307 256 -1 0
306 256 -1 0
187 256 -1 1
183 256 -1 1
182 256 -1 1
181 256 -1 1
180 256 -1 1
179 256 -1 1
178 256 -1 1
177 256 -1 1
176 256 -1 1
175 256 -1 1
174 256 -1 1
173 256 -1 1
172 256 -1 1
171 256 -1 1
170 256 -1 1
169 256 -1 1
168 256 -1 1
167 256 -1 1
166 256 -1 1
165 256 -1 1
164 256 -1 1
163 256 -1 1
162 256 -1 1
161 256 -1 1
160 256 -1 1
159 256 -1 1
158 256 -1 1
157 256 -1 1
156 256 -1 1
155 256 -1 1
316 255 -1 0
315 255 -1 0
314 255 -1 0
313 255 -1 0
312 255 -1 0
311 255 -1 0
310 255 -1 0
309 255 -1 0
308 255 -1 0
307 255 -1 0
306 255 -1 0
194 255 -1 1
192 255 -1 1
191 255 -1 1
190 255 -1 1
189 255 -1 1
188 255 -1 1
187 255 -1 1
186 255 -1 1
185 255 -1 1
184 255 -1 1
183 255 -1 1
182 255 -1 1
181 255 -1 1
180 255 -1 1
179 255 -1 1
178 255 -1 1
177 255 -1 1
176 255 -1 1
175 255 -1 1
174 255 -1 1
173 255 -1 1
172 255 -1 1
171 255 -1 1
170 255 -1 1
169 255 -1 1
168 255 -1 1
167 255 -1 1
166 255 -1 1
165 255 -1 1
164 255 -1 1
163 255 -1 1
162 255 -1 1
161 255 -1 1
160 255 -1 1
159 255 -1 1
158 255 -1 1
157 255 -1 1
156 255 -1 1
315 254 -1 0
314 254 -1 0
313 254 -1 0
312 254 -1 0
311 254 -1 0
310 254 -1 0
309 254 -1 0
308 254 -1 0
307 254 -1 0
306 254 -1 0
305 254 -1 0
197 254 -1 1
196 254 -1 1
195 254 -1 1
194 254 -1 1
193 254 -1 1
192 254 -1 1
191 254 -1 1
190 254 -1 1
189 254 -1 1
188 254 -1 1
187 254 -1 1
186 254 -1 1
185 254 -1 1
184 254 -1 1
183 254 -1 1
182 254 -1 1
181 254 -1 1
180 254 -1 1
179 254 -1 1
178 254 -1 1
177 254 -1 1
176 254 -1 1
175 254 -1 1
174 254 -1 1
173 254 -1 1
172 254 -1 1
171 254 -1 1
170 254 -1 1
169 254 -1 1
168 254 -1 1
167 254 -1 1
166 254 -1 1
165 254 -1 1
164 254 -1 1
163 254 -1 1
162 254 -1 1
161 254 -1 1
160 254 -1 1
159 254 -1 1
158 254 -1 1
157 254 -1 1
156 254 -1 1
314 253 -1 0
313 253 -1 0
312 253 -1 0
311 253 -1 0
310 253 -1 0
309 253 -1 0
308 253 -1 0
307 253 -1 0
306 253 -1 0
198 253 -1 1
197 253 -1 1
196 253 -1 1
195 253 -1 1
194 253 -1 1
193 253 -1 1
192 253 -1 1
191 253 -1 1
190 253 -1 1
189 253 -1 1
188 253 -1 1
187 253 -1 1
186 253 -1 1
185 253 -1 1
184 253 -1 1
183 253 -1 1
182 253 -1 1
181 253 -1 1
180 253 -1 1
179 253 -1 1
178 253 -1 1
177 253 -1 1
176 253 -1 1
175 253 -1 1
174 253 -1 1
173 253 -1 1
172 253 -1 1
171 253 -1 1
170 253 -1 1
169 253 -1 1
168 253 -1 1
167 253 -1 1
166 253 -1 1
165 253 -1 1
164 253 -1 1
163 253 -1 1
162 253 -1 1
161 253 -1 1
160 253 -1 1
159 253 -1 1
158 253 -1 1
157 253 -1 1
156 253 -1 1
314 252 -1 0
313 252 -1 0
312 252 -1 0
311 252 -1 0
310 252 -1 0
309 252 -1 0
308 252 -1 0
307 252 -1 0
306 252 -1 0
200 252 -1 1
198 252 -1 1
197 252 -1 1
196 252 -1 1
195 252 -1 1
194 252 -1 1
193 252 -1 1
192 252 -1 1
191 252 -1 1
190 252 -1 1
189 252 -1 1
188 252 -1 1
187 252 -1 1
186 252 -1 1
185 252 -1 1
184 252 -1 1
183 252 -1 1
182 252 -1 1
181 252 -1 1
180 252 -1 1
179 252 -1 1
178 252 -1 1
177 252 -1 1
176 252 -1 1
175 252 -1 1
174 252 -1 1
173 252 -1 1
172 252 -1 1
171 252 -1 1
170 252 -1 1
169 252 -1 1
168 252 -1 1
165 252 -1 1
163 252 -1 1
162 252 -1 1
161 252 -1 1
160 252 -1 1
159 252 -1 1
158 252 -1 1
157 252 -1 1
314 251 -1 0
313 251 -1 0
312 251 -1 0
311 251 -1 0
310 251 -1 0
309 251 -1 0
308 251 -1 0
307 251 -1 0
306 251 -1 0
225 251 -1 1
224 251 -1 1
223 251 -1 1
222 251 -1 1
221 251 -1 1
220 251 -1 1
219 251 -1 1
216 251 -1 1
214 251 -1 1
212 251 -1 1
211 251 -1 1
209 251 -1 1
208 251 -1 1
207 251 -1 1
206 251 -1 1
205 251 -1 1
204 251 -1 1
203 251 -1 1
202 251 -1 1
201 251 -1 1
200 251 -1 1
199 251 -1 1
198 251 -1 1
197 251 -1 1
196 251 -1 1
195 251 -1 1
194 251 -1 1
193 251 -1 1
192 251 -1 1
191 251 -1 1
190 251 -1 1
189 251 -1 1
188 251 -1 1
187 251 -1 1
186 251 -1 1
185 251 -1 1
184 251 -1 1
183 251 -1 1
182 251 -1 1
181 251 -1 1
180 251 -1 1
179 251 -1 1
178 251 -1 1
177 251 -1 1
176 251 -1 1
175 251 -1 1
174 251 -1 1
173 251 -1 1
172 251 -1 1
171 251 -1 1
170 251 -1 1
160 251 -1 1
313 250 -1 0
312 250 -1 0
311 250 -1 0
310 250 -1 0
309 250 -1 0
308 250 -1 0
307 250 -1 0
306 250 -1 0
228 250 -1 1
227 250 -1 1
226 250 -1 1
225 250 -1 1
224 250 -1 1
223 250 -1 1
222 250 -1 1
221 250 -1 1
220 250 -1 1
219 250 -1 1
218 250 -1 1
217 250 -1 1
216 250 -1 1
215 250 -1 1
214 250 -1 1
213 250 -1 1
212 250 -1 1
211 250 -1 1
210 250 -1 1
209 250 -1 1
208 250 -1 1
207 250 -1 1
206 250 -1 1
205 250 -1 1
204 250 -1 1
203 250 -1 1
202 250 -1 1
201 250 -1 1
200 250 -1 1
199 250 -1 1
198 250 -1 1
197 250 -1 1
196 250 -1 1
195 250 -1 1
194 250 -1 1
193 250 -1 1
192 250 -1 1
191 250 -1 1
190 250 -1 1
189 250 -1 1
188 250 -1 1
187 250 -1 1
186 250 -1 1
185 250 -1 1
184 250 -1 1
183 250 -1 1
182 250 -1 1
181 250 -1 1
180 250 -1 1
179 250 -1 1
178 250 -1 1
177 250 -1 1
176 250 -1 1
175 250 -1 1
174 250 -1 1
173 250 -1 1
172 250 -1 1
313 249 -1 0
312 249 -1 0
311 249 -1 0
310 249 -1 0
309 249 -1 0
308 249 -1 0
307 249 -1 0
306 249 -1 0
305 249 -1 0
229 249 -1 1
228 249 -1 1
227 249 -1 1
226 249 -1 1
225 249 -1 1
224 249 -1 1
223 249 -1 1
222 249 -1 1
221 249 -1 1
220 249 -1 1
219 249 -1 1
218 249 -1 1
217 249 -1 1
216 249 -1 1
215 249 -1 1
214 249 -1 1
213 249 -1 1
212 249 -1 1
211 249 -1 1
210 249 -1 1
209 249 -1 1
208 249 -1 1
207 249 -1 1
206 249 -1 1
205 249 -1 1
204 249 -1 1
203 249 -1 1
202 249 -1 1
201 249 -1 1
200 249 -1 1
199 249 -1 1
198 249 -1 1
197 249 -1 1
196 249 -1 1
195 249 -1 1
194 249 -1 1
193 249 -1 1
192 249 -1 1
191 249 -1 1
190 249 -1 1
189 249 -1 1
188 249 -1 1
187 249 -1 1
186 249 -1 1
185 249 -1 1
184 249 -1 1
183 249 -1 1
182 249 -1 1
181 249 -1 1
180 249 -1 1
179 249 -1 1
178 249 -1 1
177 249 -1 1
176 249 -1 1
175 249 -1 1
174 249 -1 1
173 249 -1 1
313 248 -1 0
312 248 -1 0
311 248 -1 0
310 248 -1 0
309 248 -1 0
308 248 -1 0
307 248 -1 0
306 248 -1 0
305 248 -1 0
229 248 -1 1
228 248 -1 1
227 248 -1 1
226 248 -1 1
225 248 -1 1
224 248 -1 1
223 248 -1 1
222 248 -1 1
221 248 -1 1
220 248 -1 1
219 248 -1 1
218 248 -1 1
217 248 -1 1
216 248 -1 1
215 248 -1 1
214 248 -1 1
213 248 -1 1
212 248 -1 1
211 248 -1 1
210 248 -1 1
209 248 -1 1
208 248 -1 1
207 248 -1 1
206 248 -1 1
205 248 -1 1
204 248 -1 1
203 248 -1 1
202 248 -1 1
201 248 -1 1
200 248 -1 1
199 248 -1 1
198 248 -1 1
197 248 -1 1
196 248 -1 1
195 248 -1 1
194 248 -1 1
193 248 -1 1
192 248 -1 1
191 248 -1 1
190 248 -1 1
189 248 -1 1
188 248 -1 1
187 248 -1 1
186 248 -1 1
185 248 -1 1
184 248 -1 1
183 248 -1 1
182 248 -1 1
181 248 -1 1
180 248 -1 1
179 248 -1 1
178 248 -1 1
177 248 -1 1
176 248 -1 1
313 247 -1 0
312 247 -1 0
311 247 -1 0
310 247 -1 0
309 247 -1 0
308 247 -1 0
307 247 -1 0
306 247 -1 0
305 247 -1 0
229 247 -1 1
228 247 -1 1
227 247 -1 1
226 247 -1 1
225 247 -1 1
224 247 -1 1
223 247 -1 1
222 247 -1 1
221 247 -1 1
220 247 -1 1
219 247 -1 1
218 247 -1 1
217 247 -1 1
216 247 -1 1
215 247 -1 1
214 247 -1 1
213 247 -1 1
212 247 -1 1
211 247 -1 1
210 247 -1 1
209 247 -1 1
208 247 -1 1
207 247 -1 1
206 247 -1 1
205 247 -1 1
204 247 -1 1
203 247 -1 1
202 247 -1 1
201 247 -1 1
200 247 -1 1
199 247 -1 1
198 247 -1 1
197 247 -1 1
196 247 -1 1
195 247 -1 1
194 247 -1 1
193 247 -1 1
192 247 -1 1
191 247 -1 1
190 247 -1 1
189 247 -1 1
188 247 -1 1
187 247 -1 1
186 247 -1 1
185 247 -1 1
184 247 -1 1
183 247 -1 1
182 247 -1 1
181 247 -1 1
180 247 -1 1
179 247 -1 1
314 246 -1 0
313 246 -1 0
312 246 -1 0
311 246 -1 0
310 246 -1 0
309 246 -1 0
308 246 -1 0
307 246 -1 0
306 246 -1 0
305 246 -1 0
304 246 -1 0
230 246 -1 1
229 246 -1 1
228 246 -1 1
227 246 -1 1
226 246 -1 1
225 246 -1 1
224 246 -1 1
223 246 -1 1
222 246 -1 1
221 246 -1 1
220 246 -1 1
219 246 -1 1
218 246 -1 1
217 246 -1 1
216 246 -1 1
215 246 -1 1
214 246 -1 1
213 246 -1 1
212 246 -1 1
211 246 -1 1
210 246 -1 1
209 246 -1 1
208 246 -1 1
207 246 -1 1
206 246 -1 1
205 246 -1 1
204 246 -1 1
203 246 -1 1
202 246 -1 1
201 246 -1 1
200 246 -1 1
199 246 -1 1
198 246 -1 1
197 246 -1 1
196 246 -1 1
195 246 -1 1
194 246 -1 1
193 246 -1 1
192 246 -1 1
191 246 -1 1
190 246 -1 1
189 246 -1 1
188 246 -1 1
187 246 -1 1
182 246 -1 1
313 245 -1 0
312 245 -1 0
311 245 -1 0
310 245 -1 0
309 245 -1 0
308 245 -1 0
307 245 -1 0
306 245 -1 0
305 245 -1 0
229 245 -1 1
228 245 -1 1
227 245 -1 1
226 245 -1 1
225 245 -1 1
224 245 -1 1
223 245 -1 1
222 245 -1 1
221 245 -1 1
220 245 -1 1
219 245 -1 1
218 245 -1 1
217 245 -1 1
216 245 -1 1
215 245 -1 1
214 245 -1 1
213 245 -1 1
212 245 -1 1
211 245 -1 1
210 245 -1 1
209 245 -1 1
208 245 -1 1
207 245 -1 1
206 245 -1 1
205 245 -1 1
204 245 -1 1
203 245 -1 1
202 245 -1 1
201 245 -1 1
200 245 -1 1
199 245 -1 1
198 245 -1 1
197 245 -1 1
196 245 -1 1
194 245 -1 1
192 245 -1 1
191 245 -1 1
190 245 -1 1
313 244 -1 0
312 244 -1 0
311 244 -1 0
310 244 -1 0
309 244 -1 0
308 244 -1 0
307 244 -1 0
306 244 -1 0
305 244 -1 0
229 244 -1 1
228 244 -1 1
227 244 -1 1
226 244 -1 1
225 244 -1 1
224 244 -1 1
223 244 -1 1
222 244 -1 1
221 244 -1 1
220 244 -1 1
219 244 -1 1
218 244 -1 1
217 244 -1 1
216 244 -1 1
215 244 -1 1
214 244 -1 1
213 244 -1 1
212 244 -1 1
211 244 -1 1
210 244 -1 1
209 244 -1 1
208 244 -1 1
207 244 -1 1
206 244 -1 1
205 244 -1 1
204 244 -1 1
203 244 -1 1
202 244 -1 1
201 244 -1 1
200 244 -1 1
199 244 -1 1
198 244 -1 1
197 244 -1 1
196 244 -1 1
313 243 -1 0
312 243 -1 0
311 243 -1 0
310 243 -1 0
309 243 -1 0
308 243 -1 0
307 243 -1 0
306 243 -1 0
305 243 -1 0
229 243 -1 1
228 243 -1 1
227 243 -1 1
226 243 -1 1
225 243 -1 1
224 243 -1 1
223 243 -1 1
222 243 -1 1
221 243 -1 1
220 243 -1 1
219 243 -1 1
218 243 -1 1
217 243 -1 1
216 243 -1 1
215 243 -1 1
214 243 -1 1
213 243 -1 1
212 243 -1 1
211 243 -1 1
210 243 -1 1
209 243 -1 1
208 243 -1 1
207 243 -1 1
206 243 -1 1
205 243 -1 1
204 243 -1 1
203 243 -1 1
202 243 -1 1
201 243 -1 1
200 243 -1 1
199 243 -1 1
198 243 -1 1
197 243 -1 1
196 243 -1 1
314 242 -1 0
313 242 -1 0
312 242 -1 0
311 242 -1 0
310 242 -1 0
309 242 -1 0
308 242 -1 0
307 242 -1 0
306 242 -1 0
305 242 -1 0
304 242 -1 0
228 242 -1 1
227 242 -1 1
226 242 -1 1
225 242 -1 1
224 242 -1 1
223 242 -1 1
222 242 -1 1
221 242 -1 1
220 242 -1 1
219 242 -1 1
218 242 -1 1
217 242 -1 1
216 242 -1 1
215 242 -1 1
214 242 -1 1
213 242 -1 1
212 242 -1 1
211 242 -1 1
210 242 -1 1
209 242 -1 1
208 242 -1 1
207 242 -1 1
206 242 -1 1
205 242 -1 1
204 242 -1 1
203 242 -1 1
202 242 -1 1
201 242 -1 1
200 242 -1 1
199 242 -1 1
198 242 -1 1
197 242 -1 1
313 241 -1 0
312 241 -1 0
311 241 -1 0
310 241 -1 0
309 241 -1 0
308 241 -1 0
307 241 -1 0
306 241 -1 0
305 241 -1 0
225 241 -1 1
224 241 -1 1
223 241 -1 1
222 241 -1 1
221 241 -1 1
220 241 -1 1
219 241 -1 1
216 241 -1 1
214 241 -1 1
212 241 -1 1
211 241 -1 1
209 241 -1 1
208 241 -1 1
207 241 -1 1
206 241 -1 1
205 241 -1 1
204 241 -1 1
203 241 -1 1
202 241 -1 1
200 241 -1 1
313 240 -1 0
312 240 -1 0
311 240 -1 0
310 240 -1 0
309 240 -1 0
308 240 -1 0
307 240 -1 0
306 240 -1 0
305 240 -1 0
304 240 -1 0
313 239 -1 0
312 239 -1 0
311 239 -1 0
310 239 -1 0
309 239 -1 0
308 239 -1 0
307 239 -1 0
306 239 -1 0
305 239 -1 0
304 239 -1 0
312 238 -1 0
311 238 -1 0
310 238 -1 0
309 238 -1 0
308 238 -1 0
307 238 -1 0
306 238 -1 0
305 238 -1 0
304 238 -1 0
313 237 -1 0
312 237 -1 0
311 237 -1 0
310 237 -1 0
309 237 -1 0
308 237 -1 0
307 237 -1 0
306 237 -1 0
305 237 -1 0
304 237 -1 0
303 237 -1 0
312 236 -1 0
311 236 -1 0
310 236 -1 0
309 236 -1 0
308 236 -1 0
307 236 -1 0
306 236 -1 0
305 236 -1 0
304 236 -1 0
312 235 -1 0
311 235 -1 0
310 235 -1 0
309 235 -1 0
308 235 -1 0
307 235 -1 0
306 235 -1 0
305 235 -1 0
304 235 -1 0
312 234 -1 0
311 234 -1 0
310 234 -1 0
309 234 -1 0
308 234 -1 0
307 234 -1 0
306 234 -1 0
305 234 -1 0
304 234 -1 0
303 234 -1 0
311 233 -1 0
310 233 -1 0
309 233 -1 0
308 233 -1 0
307 233 -1 0
306 233 -1 0
305 233 -1 0
304 233 -1 0
303 233 -1 0
311 232 -1 0
310 232 -1 0
309 232 -1 0
308 232 -1 0
307 232 -1 0
306 232 -1 0
305 232 -1 0
304 232 -1 0
303 232 -1 0
312 231 -1 0
311 231 -1 0
310 231 -1 0
309 231 -1 0
308 231 -1 0
307 231 -1 0
306 231 -1 0
305 231 -1 0
304 231 -1 0
303 231 -1 0
302 231 -1 0
311 230 -1 0
310 230 -1 0
309 230 -1 0
308 230 -1 0
307 230 -1 0
306 230 -1 0
305 230 -1 0
304 230 -1 0
303 230 -1 0
311 229 -1 0
310 229 -1 0
309 229 -1 0
308 229 -1 0
307 229 -1 0
306 229 -1 0
305 229 -1 0
304 229 -1 0
303 229 -1 0
302 229 -1 0
311 228 -1 0
310 228 -1 0
309 228 -1 0
308 228 -1 0
307 228 -1 0
306 228 -1 0
305 228 -1 0
304 228 -1 0
303 228 -1 0
302 228 -1 0
301 228 -1 0
310 227 -1 0
309 227 -1 0
308 227 -1 0
307 227 -1 0
306 227 -1 0
305 227 -1 0
304 227 -1 0
303 227 -1 0
302 227 -1 0
301 227 -1 0
309 226 -1 0
308 226 -1 0
307 226 -1 0
306 226 -1 0
305 226 -1 0
304 226 -1 0
303 226 -1 0
302 226 -1 0
301 226 -1 0
310 225 -1 0
309 225 -1 0
308 225 -1 0
307 225 -1 0
306 225 -1 0
305 225 -1 0
304 225 -1 0
303 225 -1 0
302 225 -1 0
301 225 -1 0
300 225 -1 0
309 224 -1 0
308 224 -1 0
307 224 -1 0
306 224 -1 0
305 224 -1 0
304 224 -1 0
303 224 -1 0
302 224 -1 0
301 224 -1 0
309 223 -1 0
308 223 -1 0
307 223 -1 0
306 223 -1 0
305 223 -1 0
304 223 -1 0
303 223 -1 0
302 223 -1 0
301 223 -1 0
309 222 -1 0
308 222 -1 0
307 222 -1 0
306 222 -1 0
305 222 -1 0
304 222 -1 0
303 222 -1 0
302 222 -1 0
301 222 -1 0
308 221 -1 0
307 221 -1 0
306 221 -1 0
305 221 -1 0
304 221 -1 0
303 221 -1 0
302 221 -1 0
301 221 -1 0
300 221 -1 0
307 220 -1 0
306 220 -1 0
305 220 -1 0
304 220 -1 0
303 220 -1 0
302 220 -1 0
301 220 -1 0
300 220 -1 0
299 220 -1 0
307 219 -1 0
306 219 -1 0
305 219 -1 0
304 219 -1 0
303 219 -1 0
302 219 -1 0
301 219 -1 0
300 219 -1 0
299 219 -1 0
307 218 -1 0
306 218 -1 0
305 218 -1 0
304 218 -1 0
303 218 -1 0
302 218 -1 0
301 218 -1 0
300 218 -1 0
299 218 -1 0
308 217 -1 0
307 217 -1 0
306 217 -1 0
305 217 -1 0
304 217 -1 0
303 217 -1 0
302 217 -1 0
301 217 -1 0
300 217 -1 0
299 217 -1 0
298 217 -1 0
297 217 -1 0
308 216 -1 0
307 216 -1 0
306 216 -1 0
305 216 -1 0
304 216 -1 0
303 216 -1 0
302 216 -1 0
301 216 -1 0
300 216 -1 0
299 216 -1 0
298 216 -1 0
297 216 -1 0
296 216 -1 0
295 216 -1 0
294 216 -1 0
307 215 -1 0
306 215 -1 0
305 215 -1 0
304 215 -1 0
303 215 -1 0
302 215 -1 0
301 215 -1 0
300 215 -1 0
299 215 -1 0
298 215 -1 0
297 215 -1 0
296 215 -1 0
295 215 -1 0
294 215 -1 0
293 215 -1 0
307 214 -1 0
306 214 -1 0
305 214 -1 0
304 214 -1 0
303 214 -1 0
302 214 -1 0
301 214 -1 0
300 214 -1 0
299 214 -1 0
298 214 -1 0
297 214 -1 0
296 214 -1 0
295 214 -1 0
294 214 -1 0
293 214 -1 0
307 213 -1 0
306 213 -1 0
305 213 -1 0
304 213 -1 0
303 213 -1 0
302 213 -1 0
301 213 -1 0
300 213 -1 0
299 213 -1 0
298 213 -1 0
297 213 -1 0
296 213 -1 0
295 213 -1 0
294 213 -1 0
293 213 -1 0
306 212 -1 0
305 212 -1 0
304 212 -1 0
303 212 -1 0
302 212 -1 0
301 212 -1 0
300 212 -1 0
299 212 -1 0
298 212 -1 0
297 212 -1 0
296 212 -1 0
295 212 -1 0
294 212 -1 0
293 212 -1 0
292 212 -1 0
306 211 -1 0
305 211 -1 0
304 211 -1 0
303 211 -1 0
302 211 -1 0
301 211 -1 0
300 211 -1 0
299 211 -1 0
298 211 -1 0
297 211 -1 0
296 211 -1 0
295 211 -1 0
294 211 -1 0
293 211 -1 0
306 210 -1 0
305 210 -1 0
304 210 -1 0
303 210 -1 0
302 210 -1 0
301 210 -1 0
300 210 -1 0
299 210 -1 0
298 210 -1 0
297 210 -1 0
296 210 -1 0
295 210 -1 0
294 210 -1 0
293 210 -1 0
305 209 -1 0
304 209 -1 0
303 209 -1 0
302 209 -1 0
301 209 -1 0
300 209 -1 0
299 209 -1 0
298 209 -1 0
297 209 -1 0
296 209 -1 0
295 209 -1 0
294 209 -1 0
293 209 -1 0
304 208 -1 0
303 208 -1 0
302 208 -1 0
301 208 -1 0
300 208 -1 0
299 208 -1 0
298 208 -1 0
297 208 -1 0
296 208 -1 0
295 208 -1 0
294 208 -1 0
301 207 -1 0
300 207 -1 0
299 207 -1 0
297 207 -1 0
124 199 -1 0
127 198 -1 0
126 198 -1 0
125 198 -1 0
124 198 -1 0
123 198 -1 0
122 198 -1 0
121 198 -1 0
128 197 -1 0
127 197 -1 0
126 197 -1 0
125 197 -1 0
124 197 -1 0
123 197 -1 0
122 197 -1 0
121 197 -1 0
120 197 -1 0
128 196 -1 0
127 196 -1 0
126 196 -1 0
125 196 -1 0
124 196 -1 0
123 196 -1 0
122 196 -1 0
121 196 -1 0
120 196 -1 0
128 195 -1 0
127 195 -1 0
126 195 -1 0
125 195 -1 0
124 195 -1 0
123 195 -1 0
122 195 -1 0
121 195 -1 0
120 195 -1 0
129 194 -1 0
128 194 -1 0
127 194 -1 0
126 194 -1 0
125 194 -1 0
124 194 -1 0
123 194 -1 0
122 194 -1 0
121 194 -1 0
120 194 -1 0
119 194 -1 0
128 193 -1 0
127 193 -1 0
126 193 -1 0
125 193 -1 0
124 193 -1 0
123 193 -1 0
122 193 -1 0
121 193 -1 0
120 193 -1 0
129 192 -1 0
128 192 -1 0
127 192 -1 0
126 192 -1 0
125 192 -1 0
124 192 -1 0
123 192 -1 0
122 192 -1 0
121 192 -1 0
120 192 -1 0
119 192 -1 0
129 191 -1 0
128 191 -1 0
127 191 -1 0
126 191 -1 0
125 191 -1 0
124 191 -1 0
123 191 -1 0
122 191 -1 0
121 191 -1 0
120 191 -1 0
129 190 -1 0
128 190 -1 0
127 190 -1 0
126 190 -1 0
125 190 -1 0
124 190 -1 0
123 190 -1 0
122 190 -1 0
121 190 -1 0
120 190 -1 0
119 190 -1 0
129 189 -1 0
128 189 -1 0
127 189 -1 0
126 189 -1 0
125 189 -1 0
124 189 -1 0
123 189 -1 0
122 189 -1 0
121 189 -1 0
120 189 -1 0
130 188 -1 0
129 188 -1 0
128 188 -1 0
127 188 -1 0
126 188 -1 0
125 188 -1 0
124 188 -1 0
123 188 -1 0
122 188 -1 0
121 188 -1 0
120 188 -1 0
133 187 -1 0
132 187 -1 0
131 187 -1 0
130 187 -1 0
129 187 -1 0
128 187 -1 0
127 187 -1 0
126 187 -1 0
125 187 -1 0
124 187 -1 0
123 187 -1 0
122 187 -1 0
121 187 -1 0
120 187 -1 0
134 186 -1 0
133 186 -1 0
132 186 -1 0
131 186 -1 0
130 186 -1 0
129 186 -1 0
128 186 -1 0
127 186 -1 0
126 186 -1 0
125 186 -1 0
124 186 -1 0
123 186 -1 0
122 186 -1 0
121 186 -1 0
120 186 -1 0
134 185 -1 0
133 185 -1 0
132 185 -1 0
131 185 -1 0
130 185 -1 0
129 185 -1 0
128 185 -1 0
127 185 -1 0
126 185 -1 0
125 185 -1 0
124 185 -1 0
123 185 -1 0
122 185 -1 0
121 185 -1 0
135 184 -1 0
134 184 -1 0
133 184 -1 0
132 184 -1 0
131 184 -1 0
130 184 -1 0
129 184 -1 0
128 184 -1 0
127 184 -1 0
126 184 -1 0
125 184 -1 0
124 184 -1 0
123 184 -1 0
122 184 -1 0
121 184 -1 0
136 183 -1 0
135 183 -1 0
134 183 -1 0
133 183 -1 0
132 183 -1 0
131 183 -1 0
130 183 -1 0
129 183 -1 0
128 183 -1 0
127 183 -1 0
126 183 -1 0
125 183 -1 0
124 183 -1 0
123 183 -1 0
122 183 -1 0
121 183 -1 0
137 182 -1 0
136 182 -1 0
135 182 -1 0
134 182 -1 0
133 182 -1 0
132 182 -1 0
131 182 -1 0
130 182 -1 0
129 182 -1 0
128 182 -1 0
127 182 -1 0
126 182 -1 0
125 182 -1 0
124 182 -1 0
123 182 -1 0
122 182 -1 0
138 181 -1 0
137 181 -1 0
136 181 -1 0
135 181 -1 0
134 181 -1 0
133 181 -1 0
132 181 -1 0
131 181 -1 0
130 181 -1 0
129 181 -1 0
128 181 -1 0
127 181 -1 0
126 181 -1 0
125 181 -1 0
138 180 -1 0
137 180 -1 0
136 180 -1 0
135 180 -1 0
134 180 -1 0
133 180 -1 0
132 180 -1 0
131 180 -1 0
130 180 -1 0
129 180 -1 0
128 180 -1 0
127 180 -1 0
126 180 -1 0
140 179 -1 0
139 179 -1 0
138 179 -1 0
137 179 -1 0
136 179 -1 0
135 179 -1 0
134 179 -1 0
133 179 -1 0
132 179 -1 0
131 179 -1 0
130 179 -1 0
129 179 -1 0
128 179 -1 0
127 179 -1 0
126 179 -1 0
141 178 -1 0
140 178 -1 0
139 178 -1 0
138 178 -1 0
137 178 -1 0
136 178 -1 0
135 178 -1 0
134 178 -1 0
133 178 -1 0
132 178 -1 0
131 178 -1 0
130 178 -1 0
129 178 -1 0
128 178 -1 0
127 178 -1 0
141 177 -1 0
140 177 -1 0
139 177 -1 0
138 177 -1 0
137 177 -1 0
136 177 -1 0
135 177 -1 0
134 177 -1 0
133 177 -1 0
132 177 -1 0
131 177 -1 0
130 177 -1 0
129 177 -1 0
128 177 -1 0
142 176 -1 0
141 176 -1 0
140 176 -1 0
139 176 -1 0
138 176 -1 0
137 176 -1 0
136 176 -1 0
135 176 -1 0
134 176 -1 0
133 176 -1 0
132 176 -1 0
131 176 -1 0
130 176 -1 0
129 176 -1 0
142 175 -1 0
141 175 -1 0
140 175 -1 0
139 175 -1 0
138 175 -1 0
137 175 -1 0
136 175 -1 0
135 175 -1 0
134 175 -1 0
133 175 -1 0
132 175 -1 0
131 175 -1 0
130 175 -1 0
144 174 -1 0
143 174 -1 0
142 174 -1 0
141 174 -1 0
140 174 -1 0
139 174 -1 0
138 174 -1 0
137 174 -1 0
136 174 -1 0
135 174 -1 0
134 174 -1 0
133 174 -1 0
132 174 -1 0
131 174 -1 0
147 173 -1 0
145 173 -1 0
144 173 -1 0
143 173 -1 0
142 173 -1 0
141 173 -1 0
140 173 -1 0
139 173 -1 0
138 173 -1 0
137 173 -1 0
136 173 -1 0
135 173 -1 0
134 173 -1 0
133 173 -1 0
150 172 -1 0
149 172 -1 0
148 172 -1 0
147 172 -1 0
146 172 -1 0
145 172 -1 0
144 172 -1 0
143 172 -1 0
142 172 -1 0
141 172 -1 0
140 172 -1 0
139 172 -1 0
138 172 -1 0
137 172 -1 0
136 172 -1 0
135 172 -1 0
134 172 -1 0
133 172 -1 0
151 171 -1 0
150 171 -1 0
149 171 -1 0
148 171 -1 0
147 171 -1 0
146 171 -1 0
145 171 -1 0
144 171 -1 0
143 171 -1 0
142 171 -1 0
141 171 -1 0
140 171 -1 0
139 171 -1 0
138 171 -1 0
137 171 -1 0
136 171 -1 0
135 171 -1 0
134 171 -1 0
151 170 -1 0
150 170 -1 0
149 170 -1 0
148 170 -1 0
147 170 -1 0
146 170 -1 0
145 170 -1 0
144 170 -1 0
143 170 -1 0
142 170 -1 0
141 170 -1 0
140 170 -1 0
139 170 -1 0
138 170 -1 0
137 170 -1 0
136 170 -1 0
135 170 -1 0
134 170 -1 0
154 169 -1 0
153 169 -1 0
152 169 -1 0
151 169 -1 0
150 169 -1 0
149 169 -1 0
148 169 -1 0
147 169 -1 0
146 169 -1 0
145 169 -1 0
144 169 -1 0
143 169 -1 0
142 169 -1 0
141 169 -1 0
140 169 -1 0
139 169 -1 0
138 169 -1 0
137 169 -1 0
136 169 -1 0
135 169 -1 0
158 168 -1 0
155 168 -1 0
154 168 -1 0
153 168 -1 0
152 168 -1 0
151 168 -1 0
150 168 -1 0
149 168 -1 0
148 168 -1 0
147 168 -1 0
146 168 -1 0
145 168 -1 0
144 168 -1 0
143 168 -1 0
142 168 -1 0
141 168 -1 0
140 168 -1 0
139 168 -1 0
138 168 -1 0
137 168 -1 0
161 167 -1 0
160 167 -1 0
159 167 -1 0
158 167 -1 0
157 167 -1 0
156 167 -1 0
155 167 -1 0
154 167 -1 0
153 167 -1 0
152 167 -1 0
151 167 -1 0
150 167 -1 0
149 167 -1 0
148 167 -1 0
147 167 -1 0
146 167 -1 0
145 167 -1 0
144 167 -1 0
143 167 -1 0
142 167 -1 0
141 167 -1 0
140 167 -1 0
139 167 -1 0
138 167 -1 0
137 167 -1 0
162 166 -1 0
161 166 -1 0
160 166 -1 0
159 166 -1 0
158 166 -1 0
157 166 -1 0
156 166 -1 0
155 166 -1 0
154 166 -1 0
153 166 -1 0
152 166 -1 0
151 166 -1 0
150 166 -1 0
149 166 -1 0
148 166 -1 0
147 166 -1 0
146 166 -1 0
145 166 -1 0
144 166 -1 0
143 166 -1 0
142 166 -1 0
141 166 -1 0
140 166 -1 0
139 166 -1 0
138 166 -1 0
162 165 -1 0
161 165 -1 0
160 165 -1 0
159 165 -1 0
158 165 -1 0
157 165 -1 0
156 165 -1 0
155 165 -1 0
154 165 -1 0
153 165 -1 0
152 165 -1 0
151 165 -1 0
150 165 -1 0
149 165 -1 0
148 165 -1 0
147 165 -1 0
146 165 -1 0
145 165 -1 0
144 165 -1 0
143 165 -1 0
141 165 -1 0
162 164 -1 0
161 164 -1 0
160 164 -1 0
159 164 -1 0
158 164 -1 0
157 164 -1 0
156 164 -1 0
155 164 -1 0
154 164 -1 0
153 164 -1 0
152 164 -1 0
151 164 -1 0
150 164 -1 0
149 164 -1 0
148 164 -1 0
147 164 -1 0
146 164 -1 0
145 164 -1 0
144 164 -1 0
163 163 -1 0
162 163 -1 0
161 163 -1 0
160 163 -1 0
159 163 -1 0
158 163 -1 0
157 163 -1 0
156 163 -1 0
155 163 -1 0
154 163 -1 0
153 163 -1 0
152 163 -1 0
151 163 -1 0
150 163 -1 0
149 163 -1 0
148 163 -1 0
147 163 -1 0
165 162 -1 0
164 162 -1 0
163 162 -1 0
162 162 -1 0
161 162 -1 0
160 162 -1 0
159 162 -1 0
158 162 -1 0
157 162 -1 0
156 162 -1 0
155 162 -1 0
154 162 -1 0
153 162 -1 0
152 162 -1 0
151 162 -1 0
150 162 -1 0
149 162 -1 0
148 162 -1 0
147 162 -1 0
167 161 -1 0
166 161 -1 0
165 161 -1 0
164 161 -1 0
163 161 -1 0
162 161 -1 0
161 161 -1 0
160 161 -1 0
159 161 -1 0
158 161 -1 0
157 161 -1 0
156 161 -1 0
155 161 -1 0
154 161 -1 0
153 161 -1 0
152 161 -1 0
151 161 -1 0
150 161 -1 0
149 161 -1 0
148 161 -1 0
168 160 -1 0
167 160 -1 0
166 160 -1 0
165 160 -1 0
164 160 -1 0
163 160 -1 0
162 160 -1 0
161 160 -1 0
160 160 -1 0
159 160 -1 0
158 160 -1 0
157 160 -1 0
156 160 -1 0
155 160 -1 0
154 160 -1 0
151 160 -1 0
169 159 -1 0
168 159 -1 0
167 159 -1 0
166 159 -1 0
165 159 -1 0
164 159 -1 0
163 159 -1 0
162 159 -1 0
161 159 -1 0
160 159 -1 0
159 159 -1 0
158 159 -1 0
157 159 -1 0
156 159 -1 0
155 159 -1 0
172 158 -1 0
171 158 -1 0
170 158 -1 0
169 158 -1 0
168 158 -1 0
167 158 -1 0
166 158 -1 0
165 158 -1 0
164 158 -1 0
163 158 -1 0
162 158 -1 0
161 158 -1 0
160 158 -1 0
159 158 -1 0
158 158 -1 0
157 158 -1 0
175 157 -1 0
174 157 -1 0
173 157 -1 0
172 157 -1 0
171 157 -1 0
170 157 -1 0
169 157 -1 0
168 157 -1 0
167 157 -1 0
166 157 -1 0
165 157 -1 0
164 157 -1 0
163 157 -1 0
162 157 -1 0
161 157 -1 0
160 157 -1 0
159 157 -1 0
158 157 -1 0
176 156 -1 0
175 156 -1 0
174 156 -1 0
173 156 -1 0
172 156 -1 0
171 156 -1 0
170 156 -1 0
169 156 -1 0
168 156 -1 0
167 156 -1 0
166 156 -1 0
165 156 -1 0
164 156 -1 0
163 156 -1 0
162 156 -1 0
161 156 -1 0
160 156 -1 0
159 156 -1 0
158 156 -1 0
176 155 -1 0
175 155 -1 0
174 155 -1 0
173 155 -1 0
172 155 -1 0
171 155 -1 0
170 155 -1 0
169 155 -1 0
168 155 -1 0
167 155 -1 0
166 155 -1 0
165 155 -1 0
164 155 -1 0
163 155 -1 0
162 155 -1 0
161 155 -1 0
160 155 -1 0
159 155 -1 0
158 155 -1 0
179 154 -1 0
178 154 -1 0
177 154 -1 0
176 154 -1 0
175 154 -1 0
174 154 -1 0
173 154 -1 0
172 154 -1 0
171 154 -1 0
170 154 -1 0
169 154 -1 0
168 154 -1 0
167 154 -1 0
166 154 -1 0
165 154 -1 0
164 154 -1 0
163 154 -1 0
162 154 -1 0
161 154 -1 0
160 154 -1 0
159 154 -1 0
181 153 -1 0
180 153 -1 0
179 153 -1 0
178 153 -1 0
177 153 -1 0
176 153 -1 0
175 153 -1 0
174 153 -1 0
173 153 -1 0
172 153 -1 0
171 153 -1 0
170 153 -1 0
169 153 -1 0
168 153 -1 0
167 153 -1 0
166 153 -1 0
165 153 -1 0
164 153 -1 0
163 153 -1 0
162 153 -1 0
161 153 -1 0
184 152 -1 0
183 152 -1 0
182 152 -1 0
181 152 -1 0
180 152 -1 0
179 152 -1 0
178 152 -1 0
177 152 -1 0
176 152 -1 0
175 152 -1 0
174 152 -1 0
173 152 -1 0
172 152 -1 0
171 152 -1 0
170 152 -1 0
169 152 -1 0
168 152 -1 0
167 152 -1 0
166 152 -1 0
165 152 -1 0
164 152 -1 0
186 151 -1 0
185 151 -1 0
184 151 -1 0
183 151 -1 0
182 151 -1 0
181 151 -1 0
180 151 -1 0
179 151 -1 0
178 151 -1 0
177 151 -1 0
176 151 -1 0
175 151 -1 0
174 151 -1 0
173 151 -1 0
172 151 -1 0
171 151 -1 0
170 151 -1 0
169 151 -1 0
168 151 -1 0
167 151 -1 0
166 151 -1 0
165 151 -1 0
189 150 -1 0
188 150 -1 0
187 150 -1 0
186 150 -1 0
185 150 -1 0
184 150 -1 0
183 150 -1 0
182 150 -1 0
181 150 -1 0
180 150 -1 0
179 150 -1 0
178 150 -1 0
177 150 -1 0
176 150 -1 0
175 150 -1 0
174 150 -1 0
173 150 -1 0
172 150 -1 0
171 150 -1 0
170 150 -1 0
169 150 -1 0
168 150 -1 0
167 150 -1 0
166 150 -1 0
165 150 -1 0
193 149 -1 0
192 149 -1 0
191 149 -1 0
190 149 -1 0
189 149 -1 0
188 149 -1 0
187 149 -1 0
186 149 -1 0
185 149 -1 0
184 149 -1 0
183 149 -1 0
182 149 -1 0
181 149 -1 0
180 149 -1 0
179 149 -1 0
178 149 -1 0
177 149 -1 0
176 149 -1 0
175 149 -1 0
174 149 -1 0
173 149 -1 0
172 149 -1 0
171 149 -1 0
170 149 -1 0
169 149 -1 0
168 149 -1 0
167 149 -1 0
166 149 -1 0
203 148 -1 0
196 148 -1 0
195 148 -1 0
194 148 -1 0
193 148 -1 0
192 148 -1 0
191 148 -1 0
190 148 -1 0
189 148 -1 0
188 148 -1 0
187 148 -1 0
186 148 -1 0
185 148 -1 0
184 148 -1 0
183 148 -1 0
182 148 -1 0
181 148 -1 0
180 148 -1 0
179 148 -1 0
178 148 -1 0
177 148 -1 0
176 148 -1 0
175 148 -1 0
174 148 -1 0
173 148 -1 0
172 148 -1 0
171 148 -1 0
169 148 -1 0
206 147 -1 0
205 147 -1 0
204 147 -1 0
203 147 -1 0
202 147 -1 0
201 147 -1 0
200 147 -1 0
197 147 -1 0
196 147 -1 0
195 147 -1 0
194 147 -1 0
193 147 -1 0
192 147 -1 0
191 147 -1 0
190 147 -1 0
189 147 -1 0
188 147 -1 0
187 147 -1 0
186 147 -1 0
185 147 -1 0
184 147 -1 0
183 147 -1 0
182 147 -1 0
181 147 -1 0
180 147 -1 0
179 147 -1 0
178 147 -1 0
177 147 -1 0
176 147 -1 0
175 147 -1 0
174 147 -1 0
173 147 -1 0
172 147 -1 0
207 146 -1 0
206 146 -1 0
205 146 -1 0
204 146 -1 0
203 146 -1 0
202 146 -1 0
201 146 -1 0
200 146 -1 0
199 146 -1 0
197 146 -1 0
196 146 -1 0
195 146 -1 0
194 146 -1 0
193 146 -1 0
192 146 -1 0
191 146 -1 0
190 146 -1 0
189 146 -1 0
188 146 -1 0
187 146 -1 0
186 146 -1 0
185 146 -1 0
184 146 -1 0
183 146 -1 0
182 146 -1 0
181 146 -1 0
180 146 -1 0
179 146 -1 0
178 146 -1 0
177 146 -1 0
176 146 -1 0
175 146 -1 0
174 146 -1 0
173 146 -1 0
212 145 -1 0
207 145 -1 0
206 145 -1 0
205 145 -1 0
204 145 -1 0
203 145 -1 0
202 145 -1 0
201 145 -1 0
200 145 -1 0
199 145 -1 0
197 145 -1 0
196 145 -1 0
195 145 -1 0
194 145 -1 0
193 145 -1 0
192 145 -1 0
191 145 -1 0
190 145 -1 0
189 145 -1 0
188 145 -1 0
187 145 -1 0
186 145 -1 0
185 145 -1 0
184 145 -1 0
183 145 -1 0
182 145 -1 0
181 145 -1 0
180 145 -1 0
179 145 -1 0
178 145 -1 0
177 145 -1 0
176 145 -1 0
175 145 -1 0
218 144 -1 0
217 144 -1 0
215 144 -1 0
214 144 -1 0
213 144 -1 0
212 144 -1 0
211 144 -1 0
210 144 -1 0
209 144 -1 0
207 144 -1 0
206 144 -1 0
205 144 -1 0
204 144 -1 0
203 144 -1 0
202 144 -1 0
201 144 -1 0
200 144 -1 0
199 144 -1 0
198 144 -1 0
197 144 -1 0
196 144 -1 0
195 144 -1 0
194 144 -1 0
193 144 -1 0
192 144 -1 0
191 144 -1 0
190 144 -1 0
189 144 -1 0
188 144 -1 0
187 144 -1 0
186 144 -1 0
185 144 -1 0
184 144 -1 0
183 144 -1 0
182 144 -1 0
181 144 -1 0
180 144 -1 0
179 144 -1 0
178 144 -1 0
228 143 -1 0
227 143 -1 0
225 143 -1 0
224 143 -1 0
222 143 -1 0
221 143 -1 0
220 143 -1 0
219 143 -1 0
218 143 -1 0
217 143 -1 0
216 143 -1 0
215 143 -1 0
214 143 -1 0
213 143 -1 0
212 143 -1 0
211 143 -1 0
210 143 -1 0
209 143 -1 0
208 143 -1 0
207 143 -1 0
206 143 -1 0
205 143 -1 0
204 143 -1 0
203 143 -1 0
202 143 -1 0
201 143 -1 0
200 143 -1 0
199 143 -1 0
198 143 -1 0
197 143 -1 0
196 143 -1 0
195 143 -1 0
194 143 -1 0
193 143 -1 0
192 143 -1 0
191 143 -1 0
190 143 -1 0
189 143 -1 0
188 143 -1 0
187 143 -1 0
186 143 -1 0
185 143 -1 0
184 143 -1 0
183 143 -1 0
182 143 -1 0
181 143 -1 0
231 142 -1 0
230 142 -1 0
229 142 -1 0
228 142 -1 0
227 142 -1 0
226 142 -1 0
225 142 -1 0
224 142 -1 0
223 142 -1 0
222 142 -1 0
221 142 -1 0
220 142 -1 0
219 142 -1 0
218 142 -1 0
217 142 -1 0
216 142 -1 0
215 142 -1 0
214 142 -1 0
213 142 -1 0
212 142 -1 0
211 142 -1 0
210 142 -1 0
209 142 -1 0
208 142 -1 0
207 142 -1 0
206 142 -1 0
205 142 -1 0
204 142 -1 0
203 142 -1 0
202 142 -1 0
201 142 -1 0
200 142 -1 0
199 142 -1 0
197 142 -1 0
196 142 -1 0
195 142 -1 0
194 142 -1 0
193 142 -1 0
192 142 -1 0
191 142 -1 0
190 142 -1 0
189 142 -1 0
188 142 -1 0
187 142 -1 0
186 142 -1 0
185 142 -1 0
184 142 -1 0
183 142 -1 0
232 141 -1 0
231 141 -1 0
230 141 -1 0
229 141 -1 0
228 141 -1 0
227 141 -1 0
226 141 -1 0
225 141 -1 0
224 141 -1 0
223 141 -1 0
222 141 -1 0
221 141 -1 0
220 141 -1 0
219 141 -1 0
218 141 -1 0
217 141 -1 0
216 141 -1 0
215 141 -1 0
214 141 -1 0
213 141 -1 0
212 141 -1 0
211 141 -1 0
210 141 -1 0
209 141 -1 0
208 141 -1 0
207 141 -1 0
206 141 -1 0
205 141 -1 0
204 141 -1 0
203 141 -1 0
202 141 -1 0
201 141 -1 0
200 141 -1 0
199 141 -1 0
197 141 -1 0
196 141 -1 0
195 141 -1 0
194 141 -1 0
193 141 -1 0
192 141 -1 0
191 141 -1 0
190 141 -1 0
189 141 -1 0
188 141 -1 0
187 141 -1 0
186 141 -1 0
232 140 -1 0
231 140 -1 0
230 140 -1 0
229 140 -1 0
228 140 -1 0
227 140 -1 0
226 140 -1 0
225 140 -1 0
224 140 -1 0
223 140 -1 0
222 140 -1 0
221 140 -1 0
220 140 -1 0
219 140 -1 0
218 140 -1 0
217 140 -1 0
216 140 -1 0
215 140 -1 0
214 140 -1 0
213 140 -1 0
212 140 -1 0
211 140 -1 0
210 140 -1 0
209 140 -1 0
208 140 -1 0
207 140 -1 0
206 140 -1 0
205 140 -1 0
204 140 -1 0
203 140 -1 0
202 140 -1 0
201 140 -1 0
200 140 -1 0
199 140 -1 0
196 140 -1 0
195 140 -1 0
194 140 -1 0
193 140 -1 0
192 140 -1 0
191 140 -1 0
190 140 -1 0
189 140 -1 0
232 139 -1 0
231 139 -1 0
230 139 -1 0
229 139 -1 0
228 139 -1 0
227 139 -1 0
226 139 -1 0
225 139 -1 0
224 139 -1 0
223 139 -1 0
222 139 -1 0
221 139 -1 0
220 139 -1 0
219 139 -1 0
218 139 -1 0
217 139 -1 0
216 139 -1 0
215 139 -1 0
214 139 -1 0
213 139 -1 0
212 139 -1 0
211 139 -1 0
210 139 -1 0
209 139 -1 0
208 139 -1 0
206 139 -1 0
205 139 -1 0
204 139 -1 0
203 139 -1 0
202 139 -1 0
201 139 -1 0
200 139 -1 0
193 139 -1 0
233 138 -1 0
232 138 -1 0
231 138 -1 0
230 138 -1 0
229 138 -1 0
228 138 -1 0
227 138 -1 0
226 138 -1 0
225 138 -1 0
224 138 -1 0
223 138 -1 0
222 138 -1 0
221 138 -1 0
220 138 -1 0
219 138 -1 0
218 138 -1 0
217 138 -1 0
216 138 -1 0
215 138 -1 0
214 138 -1 0
213 138 -1 0
212 138 -1 0
211 138 -1 0
210 138 -1 0
209 138 -1 0
208 138 -1 0
203 138 -1 0
232 137 -1 0
231 137 -1 0
230 137 -1 0
229 137 -1 0
228 137 -1 0
227 137 -1 0
226 137 -1 0
225 137 -1 0
224 137 -1 0
223 137 -1 0
222 137 -1 0
221 137 -1 0
220 137 -1 0
219 137 -1 0
218 137 -1 0
217 137 -1 0
216 137 -1 0
215 137 -1 0
214 137 -1 0
213 137 -1 0
212 137 -1 0
211 137 -1 0
210 137 -1 0
209 137 -1 0
208 137 -1 0
232 136 -1 0
231 136 -1 0
230 136 -1 0
229 136 -1 0
228 136 -1 0
227 136 -1 0
226 136 -1 0
225 136 -1 0
224 136 -1 0
223 136 -1 0
222 136 -1 0
221 136 -1 0
220 136 -1 0
219 136 -1 0
218 136 -1 0
217 136 -1 0
216 136 -1 0
215 136 -1 0
214 136 -1 0
213 136 -1 0
212 136 -1 0
211 136 -1 0
210 136 -1 0
209 136 -1 0
232 135 -1 0
231 135 -1 0
230 135 -1 0
229 135 -1 0
228 135 -1 0
227 135 -1 0
226 135 -1 0
225 135 -1 0
224 135 -1 0
223 135 -1 0
222 135 -1 0
221 135 -1 0
220 135 -1 0
219 135 -1 0
218 135 -1 0
217 135 -1 0
216 135 -1 0
215 135 -1 0
214 135 -1 0
212 135 -1 0
231 134 -1 0
230 134 -1 0
229 134 -1 0
228 134 -1 0
227 134 -1 0
226 134 -1 0
225 134 -1 0
224 134 -1 0
223 134 -1 0
222 134 -1 0
221 134 -1 0
220 134 -1 0
219 134 -1 0
218 134 -1 0
217 134 -1 0
228 133 -1 0
227 133 -1 0
225 133 -1 0
224 133 -1 0
222 133 -1 0
221 133 -1 0
220 133 -1 0
