3705 408 341
123 293 -1 0
122 293 -1 0
121 293 -1 0
126 292 -1 0
125 292 -1 0
124 292 -1 0
123 292 -1 0
122 292 -1 0
121 292 -1 0
120 292 -1 0
119 292 -1 0
118 292 -1 0
127 291 -1 0
126 291 -1 0
125 291 -1 0
124 291 -1 0
123 291 -1 0
122 291 -1 0
121 291 -1 0
120 291 -1 0
119 291 -1 0
118 291 -1 0
117 291 -1 0
116 291 -1 0
127 290 -1 0
126 290 -1 0
125 290 -1 0
124 290 -1 0
123 290 -1 0
122 290 -1 0
121 290 -1 0
120 290 -1 0
119 290 -1 0
118 290 -1 0
117 290 -1 0
116 290 -1 0
115 290 -1 0
127 289 -1 0
126 289 -1 0
125 289 -1 0
124 289 -1 0
123 289 -1 0
122 289 -1 0
121 289 -1 0
120 289 -1 0
119 289 -1 0
118 289 -1 0
117 289 -1 0
116 289 -1 0
115 289 -1 0
114 289 -1 0
128 288 -1 0
127 288 -1 0
126 288 -1 0
125 288 -1 0
124 288 -1 0
123 288 -1 0
122 288 -1 0
121 288 -1 0
120 288 -1 0
119 288 -1 0
118 288 -1 0
117 288 -1 0
116 288 -1 0
115 288 -1 0
114 288 -1 0
113 288 -1 0
127 287 -1 0
126 287 -1 0
125 287 -1 0
124 287 -1 0
123 287 -1 0
122 287 -1 0
121 287 -1 0
120 287 -1 0
119 287 -1 0
118 287 -1 0
117 287 -1 0
116 287 -1 0
115 287 -1 0
114 287 -1 0
113 287 -1 0
112 287 -1 0
127 286 -1 0
126 286 -1 0
125 286 -1 0
124 286 -1 0
123 286 -1 0
122 286 -1 0
121 286 -1 0
120 286 -1 0
119 286 -1 0
118 286 -1 0
117 286 -1 0
116 286 -1 0
115 286 -1 0
114 286 -1 0
113 286 -1 0
112 286 -1 0
111 286 -1 0
127 285 -1 0
126 285 -1 0
125 285 -1 0
124 285 -1 0
123 285 -1 0
122 285 -1 0
121 285 -1 0
120 285 -1 0
119 285 -1 0
118 285 -1 0
117 285 -1 0
116 285 -1 0
115 285 -1 0
114 285 -1 0
113 285 -1 0
112 285 -1 0
111 285 -1 0
110 285 -1 0
126 284 -1 0
125 284 -1 0
124 284 -1 0
123 284 -1 0
122 284 -1 0
121 284 -1 0
120 284 -1 0
119 284 -1 0
118 284 -1 0
117 284 -1 0
116 284 -1 0
115 284 -1 0
114 284 -1 0
113 284 -1 0
112 284 -1 0
111 284 -1 0
110 284 -1 0
109 284 -1 0
123 283 -1 0
122 283 -1 0
121 283 -1 0
120 283 -1 0
119 283 -1 0
118 283 -1 0
117 283 -1 0
116 283 -1 0
115 283 -1 0
114 283 -1 0
113 283 -1 0
112 283 -1 0
111 283 -1 0
110 283 -1 0
109 283 -1 0
122 282 -1 0
121 282 -1 0
120 282 -1 0
119 282 -1 0
118 282 -1 0
117 282 -1 0
116 282 -1 0
115 282 -1 0
114 282 -1 0
113 282 -1 0
112 282 -1 0
111 282 -1 0
110 282 -1 0
109 282 -1 0
108 282 -1 0
120 281 -1 0
119 281 -1 0
118 281 -1 0
117 281 -1 0
116 281 -1 0
115 281 -1 0
114 281 -1 0
113 281 -1 0
112 281 -1 0
111 281 -1 0
110 281 -1 0
109 281 -1 0
108 281 -1 0
120 280 -1 0
119 280 -1 0
118 280 -1 0
117 280 -1 0
116 280 -1 0
115 280 -1 0
114 280 -1 0
113 280 -1 0
112 280 -1 0
111 280 -1 0
110 280 -1 0
109 280 -1 0
108 280 -1 0
107 280 -1 0
119 279 -1 0
118 279 -1 0
117 279 -1 0
116 279 -1 0
115 279 -1 0
114 279 -1 0
113 279 -1 0
112 279 -1 0
111 279 -1 0
110 279 -1 0
109 279 -1 0
108 279 -1 0
107 279 -1 0
106 279 -1 0
117 278 -1 0
116 278 -1 0
115 278 -1 0
114 278 -1 0
113 278 -1 0
112 278 -1 0
111 278 -1 0
110 278 -1 0
109 278 -1 0
108 278 -1 0
107 278 -1 0
106 278 -1 0
105 278 -1 0
116 277 -1 0
115 277 -1 0
114 277 -1 0
113 277 -1 0
112 277 -1 0
111 277 -1 0
110 277 -1 0
109 277 -1 0
108 277 -1 0
107 277 -1 0
106 277 -1 0
105 277 -1 0
116 276 -1 0
115 276 -1 0
114 276 -1 0
113 276 -1 0
112 276 -1 0
111 276 -1 0
110 276 -1 0
109 276 -1 0
108 276 -1 0
107 276 -1 0
106 276 -1 0
105 276 -1 0
104 276 -1 0
115 275 -1 0
114 275 -1 0
113 275 -1 0
112 275 -1 0
111 275 -1 0
110 275 -1 0
109 275 -1 0
108 275 -1 0
107 275 -1 0
106 275 -1 0
105 275 -1 0
104 275 -1 0
115 274 -1 0
114 274 -1 0
113 274 -1 0
112 274 -1 0
111 274 -1 0
110 274 -1 0
109 274 -1 0
108 274 -1 0
107 274 -1 0
106 274 -1 0
105 274 -1 0
104 274 -1 0
103 274 -1 0
102 274 -1 0
101 274 -1 0
114 273 -1 0
113 273 -1 0
112 273 -1 0
111 273 -1 0
110 273 -1 0
109 273 -1 0
108 273 -1 0
107 273 -1 0
106 273 -1 0
105 273 -1 0
104 273 -1 0
103 273 -1 0
102 273 -1 0
101 273 -1 0
100 273 -1 0
113 272 -1 0
112 272 -1 0
111 272 -1 0
110 272 -1 0
109 272 -1 0
108 272 -1 0
107 272 -1 0
106 272 -1 0
105 272 -1 0
104 272 -1 0
103 272 -1 0
102 272 -1 0
101 272 -1 0
100 272 -1 0
112 271 -1 0
111 271 -1 0
110 271 -1 0
109 271 -1 0
108 271 -1 0
107 271 -1 0
106 271 -1 0
105 271 -1 0
104 271 -1 0
103 271 -1 0
102 271 -1 0
101 271 -1 0
100 271 -1 0
99 271 -1 0
112 270 -1 0
111 270 -1 0
110 270 -1 0
109 270 -1 0
108 270 -1 0
107 270 -1 0
106 270 -1 0
105 270 -1 0
104 270 -1 0
103 270 -1 0
102 270 -1 0
101 270 -1 0
100 270 -1 0
99 270 -1 0
111 269 -1 0
110 269 -1 0
109 269 -1 0
108 269 -1 0
107 269 -1 0
106 269 -1 0
105 269 -1 0
104 269 -1 0
103 269 -1 0
102 269 -1 0
101 269 -1 0
100 269 -1 0
99 269 -1 0
98 269 -1 0
109 268 -1 0
108 268 -1 0
107 268 -1 0
106 268 -1 0
105 268 -1 0
104 268 -1 0
103 268 -1 0
102 268 -1 0
101 268 -1 0
100 268 -1 0
99 268 -1 0
98 268 -1 0
97 268 -1 0
109 267 -1 0
108 267 -1 0
107 267 -1 0
106 267 -1 0
105 267 -1 0
104 267 -1 0
103 267 -1 0
102 267 -1 0
101 267 -1 0
100 267 -1 0
99 267 -1 0
98 267 -1 0
97 267 -1 0
96 267 -1 0
108 266 -1 0
107 266 -1 0
106 266 -1 0
105 266 -1 0
104 266 -1 0
103 266 -1 0
102 266 -1 0
101 266 -1 0
100 266 -1 0
99 266 -1 0
98 266 -1 0
97 266 -1 0
96 266 -1 0
95 266 -1 0
94 266 -1 0
107 265 -1 0
106 265 -1 0
105 265 -1 0
104 265 -1 0
103 265 -1 0
102 265 -1 0
101 265 -1 0
100 265 -1 0
99 265 -1 0
98 265 -1 0
97 265 -1 0
96 265 -1 0
95 265 -1 0
94 265 -1 0
93 265 -1 0
106 264 -1 0
105 264 -1 0
104 264 -1 0
103 264 -1 0
102 264 -1 0
101 264 -1 0
100 264 -1 0
99 264 -1 0
98 264 -1 0
97 264 -1 0
96 264 -1 0
95 264 -1 0
94 264 -1 0
93 264 -1 0
105 263 -1 0
104 263 -1 0
103 263 -1 0
102 263 -1 0
101 263 -1 0
100 263 -1 0
99 263 -1 0
98 263 -1 0
97 263 -1 0
96 263 -1 0
95 263 -1 0
94 263 -1 0
93 263 -1 0
92 263 -1 0
105 262 -1 0
104 262 -1 0
103 262 -1 0
102 262 -1 0
101 262 -1 0
100 262 -1 0
99 262 -1 0
98 262 -1 0
97 262 -1 0
96 262 -1 0
95 262 -1 0
94 262 -1 0
93 262 -1 0
92 262 -1 0
91 262 -1 0
90 262 -1 0
104 261 -1 0
103 261 -1 0
102 261 -1 0
101 261 -1 0
100 261 -1 0
99 261 -1 0
98 261 -1 0
97 261 -1 0
96 261 -1 0
95 261 -1 0
94 261 -1 0
93 261 -1 0
92 261 -1 0
91 261 -1 0
90 261 -1 0
89 261 -1 0
103 260 -1 0
102 260 -1 0
101 260 -1 0
100 260 -1 0
99 260 -1 0
98 260 -1 0
97 260 -1 0
96 260 -1 0
95 260 -1 0
94 260 -1 0
93 260 -1 0
92 260 -1 0
91 260 -1 0
90 260 -1 0
89 260 -1 0
102 259 -1 0
101 259 -1 0
100 259 -1 0
99 259 -1 0
98 259 -1 0
97 259 -1 0
96 259 -1 0
95 259 -1 0
94 259 -1 0
93 259 -1 0
92 259 -1 0
91 259 -1 0
90 259 -1 0
89 259 -1 0
100 258 -1 0
99 258 -1 0
98 258 -1 0
97 258 -1 0
96 258 -1 0
95 258 -1 0
94 258 -1 0
93 258 -1 0
92 258 -1 0
91 258 -1 0
90 258 -1 0
89 258 -1 0
88 258 -1 0
87 258 -1 0
86 258 -1 0
99 257 -1 0
98 257 -1 0
97 257 -1 0
96 257 -1 0
95 257 -1 0
94 257 -1 0
93 257 -1 0
92 257 -1 0
91 257 -1 0
90 257 -1 0
89 257 -1 0
88 257 -1 0
87 257 -1 0
86 257 -1 0
85 257 -1 0
99 256 -1 0
98 256 -1 0
97 256 -1 0
96 256 -1 0
95 256 -1 0
94 256 -1 0
93 256 -1 0
92 256 -1 0
91 256 -1 0
90 256 -1 0
89 256 -1 0
88 256 -1 0
87 256 -1 0
86 256 -1 0
85 256 -1 0
84 256 -1 0
98 255 -1 0
97 255 -1 0
96 255 -1 0
95 255 -1 0
94 255 -1 0
93 255 -1 0
92 255 -1 0
91 255 -1 0
90 255 -1 0
89 255 -1 0
88 255 -1 0
87 255 -1 0
86 255 -1 0
85 255 -1 0
84 255 -1 0
83 255 -1 0
97 254 -1 0
96 254 -1 0
95 254 -1 0
94 254 -1 0
93 254 -1 0
92 254 -1 0
91 254 -1 0
90 254 -1 0
89 254 -1 0
88 254 -1 0
87 254 -1 0
86 254 -1 0
85 254 -1 0
84 254 -1 0
83 254 -1 0
82 254 -1 0
81 254 -1 0
96 253 -1 0
95 253 -1 0
94 253 -1 0
93 253 -1 0
92 253 -1 0
91 253 -1 0
90 253 -1 0
89 253 -1 0
88 253 -1 0
87 253 -1 0
86 253 -1 0
85 253 -1 0
84 253 -1 0
83 253 -1 0
82 253 -1 0
81 253 -1 0
80 253 -1 0
96 252 -1 0
95 252 -1 0
94 252 -1 0
93 252 -1 0
92 252 -1 0
91 252 -1 0
90 252 -1 0
89 252 -1 0
88 252 -1 0
87 252 -1 0
86 252 -1 0
85 252 -1 0
84 252 -1 0
83 252 -1 0
82 252 -1 0
81 252 -1 0
80 252 -1 0
95 251 -1 0
94 251 -1 0
93 251 -1 0
92 251 -1 0
91 251 -1 0
90 251 -1 0
89 251 -1 0
88 251 -1 0
87 251 -1 0
86 251 -1 0
85 251 -1 0
84 251 -1 0
83 251 -1 0
82 251 -1 0
81 251 -1 0
80 251 -1 0
79 251 -1 0
78 251 -1 0
94 250 -1 0
93 250 -1 0
92 250 -1 0
91 250 -1 0
90 250 -1 0
89 250 -1 0
88 250 -1 0
87 250 -1 0
86 250 -1 0
85 250 -1 0
84 250 -1 0
83 250 -1 0
82 250 -1 0
81 250 -1 0
80 250 -1 0
79 250 -1 0
78 250 -1 0
77 250 -1 0
91 249 -1 0
90 249 -1 0
89 249 -1 0
88 249 -1 0
87 249 -1 0
86 249 -1 0
85 249 -1 0
84 249 -1 0
83 249 -1 0
82 249 -1 0
81 249 -1 0
80 249 -1 0
79 249 -1 0
78 249 -1 0
77 249 -1 0
76 249 -1 0
90 248 -1 0
89 248 -1 0
88 248 -1 0
87 248 -1 0
86 248 -1 0
85 248 -1 0
84 248 -1 0
83 248 -1 0
82 248 -1 0
81 248 -1 0
80 248 -1 0
79 248 -1 0
78 248 -1 0
77 248 -1 0
76 248 -1 0
75 248 -1 0
89 247 -1 0
88 247 -1 0
87 247 -1 0
86 247 -1 0
85 247 -1 0
84 247 -1 0
83 247 -1 0
82 247 -1 0
81 247 -1 0
80 247 -1 0
79 247 -1 0
78 247 -1 0
77 247 -1 0
76 247 -1 0
75 247 -1 0
87 246 -1 0
86 246 -1 0
85 246 -1 0
84 246 -1 0
83 246 -1 0
82 246 -1 0
81 246 -1 0
80 246 -1 0
79 246 -1 0
78 246 -1 0
77 246 -1 0
76 246 -1 0
75 246 -1 0
74 246 -1 0
85 245 -1 0
84 245 -1 0
83 245 -1 0
82 245 -1 0
81 245 -1 0
80 245 -1 0
79 245 -1 0
78 245 -1 0
77 245 -1 0
76 245 -1 0
75 245 -1 0
74 245 -1 0
73 245 -1 0
85 244 -1 0
84 244 -1 0
83 244 -1 0
82 244 -1 0
81 244 -1 0
80 244 -1 0
79 244 -1 0
78 244 -1 0
77 244 -1 0
76 244 -1 0
75 244 -1 0
74 244 -1 0
73 244 -1 0
84 243 -1 0
83 243 -1 0
82 243 -1 0
81 243 -1 0
80 243 -1 0
79 243 -1 0
78 243 -1 0
77 243 -1 0
76 243 -1 0
75 243 -1 0
74 243 -1 0
73 243 -1 0
83 242 -1 0
82 242 -1 0
81 242 -1 0
80 242 -1 0
79 242 -1 0
78 242 -1 0
77 242 -1 0
76 242 -1 0
75 242 -1 0
74 242 -1 0
73 242 -1 0
72 242 -1 0
71 242 -1 0
70 242 -1 0
82 241 -1 0
81 241 -1 0
80 241 -1 0
79 241 -1 0
78 241 -1 0
77 241 -1 0
76 241 -1 0
75 241 -1 0
74 241 -1 0
73 241 -1 0
72 241 -1 0
71 241 -1 0
70 241 -1 0
69 241 -1 0
81 240 -1 0
80 240 -1 0
79 240 -1 0
78 240 -1 0
77 240 -1 0
76 240 -1 0
75 240 -1 0
74 240 -1 0
73 240 -1 0
72 240 -1 0
71 240 -1 0
70 240 -1 0
69 240 -1 0
81 239 -1 0
80 239 -1 0
79 239 -1 0
78 239 -1 0
77 239 -1 0
76 239 -1 0
75 239 -1 0
74 239 -1 0
73 239 -1 0
72 239 -1 0
71 239 -1 0
70 239 -1 0
69 239 -1 0
80 238 -1 0
79 238 -1 0
78 238 -1 0
77 238 -1 0
76 238 -1 0
75 238 -1 0
74 238 -1 0
73 238 -1 0
72 238 -1 0
71 238 -1 0
70 238 -1 0
69 238 -1 0
68 238 -1 0
67 238 -1 0
77 237 -1 0
76 237 -1 0
75 237 -1 0
74 237 -1 0
73 237 -1 0
72 237 -1 0
71 237 -1 0
70 237 -1 0
69 237 -1 0
68 237 -1 0
67 237 -1 0
66 237 -1 0
77 236 -1 0
76 236 -1 0
75 236 -1 0
74 236 -1 0
73 236 -1 0
72 236 -1 0
71 236 -1 0
70 236 -1 0
69 236 -1 0
68 236 -1 0
67 236 -1 0
66 236 -1 0
77 235 -1 0
76 235 -1 0
75 235 -1 0
74 235 -1 0
73 235 -1 0
72 235 -1 0
71 235 -1 0
70 235 -1 0
69 235 -1 0
68 235 -1 0
67 235 -1 0
66 235 -1 0
65 235 -1 0
76 234 -1 0
75 234 -1 0
74 234 -1 0
73 234 -1 0
72 234 -1 0
71 234 -1 0
70 234 -1 0
69 234 -1 0
68 234 -1 0
67 234 -1 0
66 234 -1 0
65 234 -1 0
64 234 -1 0
74 233 -1 0
73 233 -1 0
72 233 -1 0
71 233 -1 0
70 233 -1 0
69 233 -1 0
68 233 -1 0
67 233 -1 0
66 233 -1 0
65 233 -1 0
64 233 -1 0
63 233 -1 0
74 232 -1 0
73 232 -1 0
72 232 -1 0
71 232 -1 0
70 232 -1 0
69 232 -1 0
68 232 -1 0
67 232 -1 0
66 232 -1 0
65 232 -1 0
64 232 -1 0
63 232 -1 0
62 232 -1 0
61 232 -1 0
60 232 -1 0
74 231 -1 0
73 231 -1 0
72 231 -1 0
71 231 -1 0
70 231 -1 0
69 231 -1 0
68 231 -1 0
67 231 -1 0
66 231 -1 0
65 231 -1 0
64 231 -1 0
63 231 -1 0
62 231 -1 0
61 231 -1 0
60 231 -1 0
59 231 -1 0
73 230 -1 0
72 230 -1 0
71 230 -1 0
70 230 -1 0
69 230 -1 0
68 230 -1 0
67 230 -1 0
66 230 -1 0
65 230 -1 0
64 230 -1 0
63 230 -1 0
62 230 -1 0
61 230 -1 0
60 230 -1 0
59 230 -1 0
72 229 -1 0
71 229 -1 0
70 229 -1 0
69 229 -1 0
68 229 -1 0
67 229 -1 0
66 229 -1 0
65 229 -1 0
64 229 -1 0
63 229 -1 0
62 229 -1 0
61 229 -1 0
60 229 -1 0
59 229 -1 0
58 229 -1 0
72 228 -1 0
71 228 -1 0
70 228 -1 0
69 228 -1 0
68 228 -1 0
67 228 -1 0
66 228 -1 0
65 228 -1 0
64 228 -1 0
63 228 -1 0
62 228 -1 0
61 228 -1 0
60 228 -1 0
59 228 -1 0
58 228 -1 0
57 228 -1 0
71 227 -1 0
70 227 -1 0
69 227 -1 0
68 227 -1 0
67 227 -1 0
66 227 -1 0
65 227 -1 0
64 227 -1 0
63 227 -1 0
62 227 -1 0
61 227 -1 0
60 227 -1 0
59 227 -1 0
58 227 -1 0
57 227 -1 0
68 226 -1 0
67 226 -1 0
66 226 -1 0
65 226 -1 0
64 226 -1 0
63 226 -1 0
62 226 -1 0
61 226 -1 0
60 226 -1 0
59 226 -1 0
58 226 -1 0
57 226 -1 0
56 226 -1 0
55 226 -1 0
67 225 -1 0
66 225 -1 0
65 225 -1 0
64 225 -1 0
63 225 -1 0
62 225 -1 0
61 225 -1 0
60 225 -1 0
59 225 -1 0
58 225 -1 0
57 225 -1 0
56 225 -1 0
55 225 -1 0
54 225 -1 0
66 224 -1 0
65 224 -1 0
64 224 -1 0
63 224 -1 0
62 224 -1 0
61 224 -1 0
60 224 -1 0
59 224 -1 0
58 224 -1 0
57 224 -1 0
56 224 -1 0
55 224 -1 0
54 224 -1 0
52 224 -1 0
51 224 -1 0
48 224 -1 0
65 223 -1 0
64 223 -1 0
63 223 -1 0
62 223 -1 0
61 223 -1 0
60 223 -1 0
59 223 -1 0
58 223 -1 0
57 223 -1 0
56 223 -1 0
55 223 -1 0
54 223 -1 0
53 223 -1 0
52 223 -1 0
51 223 -1 0
50 223 -1 0
49 223 -1 0
48 223 -1 0
47 223 -1 0
46 223 -1 0
45 223 -1 0
65 222 -1 0
64 222 -1 0
63 222 -1 0
62 222 -1 0
61 222 -1 0
60 222 -1 0
59 222 -1 0
58 222 -1 0
57 222 -1 0
56 222 -1 0
55 222 -1 0
54 222 -1 0
53 222 -1 0
52 222 -1 0
51 222 -1 0
50 222 -1 0
49 222 -1 0
48 222 -1 0
47 222 -1 0
46 222 -1 0
45 222 -1 0
44 222 -1 0
64 221 -1 0
63 221 -1 0
62 221 -1 0
61 221 -1 0
60 221 -1 0
59 221 -1 0
58 221 -1 0
57 221 -1 0
56 221 -1 0
55 221 -1 0
54 221 -1 0
53 221 -1 0
52 221 -1 0
51 221 -1 0
50 221 -1 0
49 221 -1 0
48 221 -1 0
47 221 -1 0
46 221 -1 0
45 221 -1 0
44 221 -1 0
62 220 -1 0
61 220 -1 0
60 220 -1 0
59 220 -1 0
58 220 -1 0
57 220 -1 0
56 220 -1 0
55 220 -1 0
54 220 -1 0
53 220 -1 0
52 220 -1 0
51 220 -1 0
50 220 -1 0
49 220 -1 0
48 220 -1 0
47 220 -1 0
46 220 -1 0
45 220 -1 0
44 220 -1 0
62 219 -1 0
61 219 -1 0
60 219 -1 0
59 219 -1 0
58 219 -1 0
57 219 -1 0
56 219 -1 0
55 219 -1 0
54 219 -1 0
53 219 -1 0
52 219 -1 0
51 219 -1 0
50 219 -1 0
49 219 -1 0
48 219 -1 0
47 219 -1 0
46 219 -1 0
45 219 -1 0
44 219 -1 0
43 219 -1 0
61 218 -1 0
60 218 -1 0
59 218 -1 0
58 218 -1 0
57 218 -1 0
56 218 -1 0
55 218 -1 0
54 218 -1 0
53 218 -1 0
52 218 -1 0
51 218 -1 0
50 218 -1 0
49 218 -1 0
48 218 -1 0
47 218 -1 0
46 218 -1 0
45 218 -1 0
44 218 -1 0
59 217 -1 0
58 217 -1 0
57 217 -1 0
56 217 -1 0
55 217 -1 0
54 217 -1 0
53 217 -1 0
52 217 -1 0
51 217 -1 0
50 217 -1 0
49 217 -1 0
48 217 -1 0
47 217 -1 0
46 217 -1 0
45 217 -1 0
44 217 -1 0
59 216 -1 0
58 216 -1 0
57 216 -1 0
56 216 -1 0
55 216 -1 0
54 216 -1 0
53 216 -1 0
52 216 -1 0
51 216 -1 0
50 216 -1 0
49 216 -1 0
48 216 -1 0
47 216 -1 0
46 216 -1 0
45 216 -1 0
44 216 -1 0
58 215 -1 0
57 215 -1 0
56 215 -1 0
55 215 -1 0
54 215 -1 0
53 215 -1 0
52 215 -1 0
51 215 -1 0
50 215 -1 0
49 215 -1 0
48 215 -1 0
47 215 -1 0
46 215 -1 0
45 215 -1 0
55 214 -1 0
52 214 -1 0
51 214 -1 0
48 214 -1 0
208 177 -1 0
207 177 -1 0
213 176 -1 0
212 176 -1 0
211 176 -1 0
210 176 -1 0
209 176 -1 0
208 176 -1 0
207 176 -1 0
206 176 -1 0
205 176 -1 0
204 176 -1 0
216 175 -1 0
215 175 -1 0
214 175 -1 0
213 175 -1 0
212 175 -1 0
211 175 -1 0
210 175 -1 0
209 175 -1 0
208 175 -1 0
207 175 -1 0
206 175 -1 0
205 175 -1 0
204 175 -1 0
203 175 -1 0
217 174 -1 0
216 174 -1 0
215 174 -1 0
214 174 -1 0
213 174 -1 0
212 174 -1 0
211 174 -1 0
210 174 -1 0
209 174 -1 0
208 174 -1 0
207 174 -1 0
206 174 -1 0
205 174 -1 0
204 174 -1 0
203 174 -1 0
218 173 -1 0
217 173 -1 0
216 173 -1 0
215 173 -1 0
214 173 -1 0
213 173 -1 0
212 173 -1 0
211 173 -1 0
210 173 -1 0
209 173 -1 0
208 173 -1 0
207 173 -1 0
206 173 -1 0
205 173 -1 0
204 173 -1 0
203 173 -1 0
218 172 -1 0
217 172 -1 0
216 172 -1 0
215 172 -1 0
214 172 -1 0
213 172 -1 0
212 172 -1 0
211 172 -1 0
210 172 -1 0
209 172 -1 0
208 172 -1 0
207 172 -1 0
206 172 -1 0
205 172 -1 0
204 172 -1 0
203 172 -1 0
202 172 -1 0
220 171 -1 0
219 171 -1 0
218 171 -1 0
217 171 -1 0
216 171 -1 0
215 171 -1 0
214 171 -1 0
213 171 -1 0
212 171 -1 0
211 171 -1 0
210 171 -1 0
209 171 -1 0
208 171 -1 0
207 171 -1 0
206 171 -1 0
205 171 -1 0
204 171 -1 0
203 171 -1 0
221 170 -1 0
220 170 -1 0
219 170 -1 0
218 170 -1 0
217 170 -1 0
216 170 -1 0
215 170 -1 0
214 170 -1 0
213 170 -1 0
212 170 -1 0
211 170 -1 0
210 170 -1 0
209 170 -1 0
208 170 -1 0
207 170 -1 0
206 170 -1 0
205 170 -1 0
204 170 -1 0
203 170 -1 0
222 169 -1 0
221 169 -1 0
220 169 -1 0
219 169 -1 0
218 169 -1 0
217 169 -1 0
216 169 -1 0
215 169 -1 0
214 169 -1 0
213 169 -1 0
212 169 -1 0
211 169 -1 0
210 169 -1 0
209 169 -1 0
208 169 -1 0
207 169 -1 0
206 169 -1 0
205 169 -1 0
204 169 -1 0
203 169 -1 0
223 168 -1 0
222 168 -1 0
221 168 -1 0
220 168 -1 0
219 168 -1 0
218 168 -1 0
217 168 -1 0
216 168 -1 0
215 168 -1 0
214 168 -1 0
213 168 -1 0
212 168 -1 0
211 168 -1 0
210 168 -1 0
209 168 -1 0
208 168 -1 0
207 168 -1 0
206 168 -1 0
205 168 -1 0
204 168 -1 0
225 167 -1 0
224 167 -1 0
223 167 -1 0
222 167 -1 0
221 167 -1 0
220 167 -1 0
219 167 -1 0
218 167 -1 0
217 167 -1 0
216 167 -1 0
215 167 -1 0
214 167 -1 0
213 167 -1 0
212 167 -1 0
211 167 -1 0
210 167 -1 0
209 167 -1 0
208 167 -1 0
207 167 -1 0
206 167 -1 0
226 166 -1 0
225 166 -1 0
224 166 -1 0
223 166 -1 0
222 166 -1 0
221 166 -1 0
220 166 -1 0
219 166 -1 0
218 166 -1 0
217 166 -1 0
216 166 -1 0
215 166 -1 0
214 166 -1 0
213 166 -1 0
212 166 -1 0
211 166 -1 0
210 166 -1 0
209 166 -1 0
226 165 -1 0
225 165 -1 0
224 165 -1 0
223 165 -1 0
222 165 -1 0
221 165 -1 0
220 165 -1 0
219 165 -1 0
218 165 -1 0
217 165 -1 0
216 165 -1 0
215 165 -1 0
214 165 -1 0
213 165 -1 0
212 165 -1 0
211 165 -1 0
226 164 -1 0
225 164 -1 0
224 164 -1 0
223 164 -1 0
222 164 -1 0
221 164 -1 0
220 164 -1 0
219 164 -1 0
218 164 -1 0
217 164 -1 0
216 164 -1 0
215 164 -1 0
214 164 -1 0
213 164 -1 0
227 163 -1 0
226 163 -1 0
225 163 -1 0
224 163 -1 0
223 163 -1 0
222 163 -1 0
221 163 -1 0
220 163 -1 0
219 163 -1 0
218 163 -1 0
217 163 -1 0
216 163 -1 0
215 163 -1 0
214 163 -1 0
227 162 -1 0
226 162 -1 0
225 162 -1 0
224 162 -1 0
223 162 -1 0
222 162 -1 0
221 162 -1 0
220 162 -1 0
219 162 -1 0
218 162 -1 0
217 162 -1 0
216 162 -1 0
215 162 -1 0
228 161 -1 0
227 161 -1 0
226 161 -1 0
225 161 -1 0
224 161 -1 0
223 161 -1 0
222 161 -1 0
221 161 -1 0
220 161 -1 0
219 161 -1 0
218 161 -1 0
217 161 -1 0
216 161 -1 0
228 160 -1 0
227 160 -1 0
226 160 -1 0
225 160 -1 0
224 160 -1 0
223 160 -1 0
222 160 -1 0
221 160 -1 0
220 160 -1 0
219 160 -1 0
218 160 -1 0
217 160 -1 0
228 159 -1 0
227 159 -1 0
226 159 -1 0
225 159 -1 0
224 159 -1 0
223 159 -1 0
222 159 -1 0
221 159 -1 0
220 159 -1 0
219 159 -1 0
229 158 -1 0
228 158 -1 0
227 158 -1 0
226 158 -1 0
225 158 -1 0
224 158 -1 0
223 158 -1 0
222 158 -1 0
221 158 -1 0
220 158 -1 0
219 158 -1 0
218 158 -1 0
229 157 -1 0
228 157 -1 0
227 157 -1 0
226 157 -1 0
225 157 -1 0
224 157 -1 0
223 157 -1 0
222 157 -1 0
221 157 -1 0
220 157 -1 0
219 157 -1 0
229 156 -1 0
228 156 -1 0
227 156 -1 0
226 156 -1 0
225 156 -1 0
224 156 -1 0
223 156 -1 0
222 156 -1 0
221 156 -1 0
220 156 -1 0
219 156 -1 0
230 155 -1 0
229 155 -1 0
228 155 -1 0
227 155 -1 0
226 155 -1 0
225 155 -1 0
224 155 -1 0
223 155 -1 0
222 155 -1 0
221 155 -1 0
220 155 -1 0
219 155 -1 0
229 154 -1 0
228 154 -1 0
227 154 -1 0
226 154 -1 0
225 154 -1 0
224 154 -1 0
223 154 -1 0
222 154 -1 0
221 154 -1 0
220 154 -1 0
230 153 -1 0
229 153 -1 0
228 153 -1 0
227 153 -1 0
226 153 -1 0
225 153 -1 0
224 153 -1 0
223 153 -1 0
222 153 -1 0
221 153 -1 0
220 153 -1 0
229 152 -1 0
228 152 -1 0
227 152 -1 0
226 152 -1 0
225 152 -1 0
224 152 -1 0
223 152 -1 0
222 152 -1 0
221 152 -1 0
230 151 -1 0
229 151 -1 0
228 151 -1 0
227 151 -1 0
226 151 -1 0
225 151 -1 0
224 151 -1 0
223 151 -1 0
222 151 -1 0
221 151 -1 0
220 151 -1 0
230 150 -1 0
229 150 -1 0
228 150 -1 0
227 150 -1 0
226 150 -1 0
225 150 -1 0
224 150 -1 0
223 150 -1 0
222 150 -1 0
221 150 -1 0
220 150 -1 0
230 149 -1 0
229 149 -1 0
228 149 -1 0
227 149 -1 0
226 149 -1 0
225 149 -1 0
224 149 -1 0
223 149 -1 0
222 149 -1 0
221 149 -1 0
220 149 -1 0
229 148 -1 0
228 148 -1 0
227 148 -1 0
226 148 -1 0
225 148 -1 0
224 148 -1 0
223 148 -1 0
222 148 -1 0
221 148 -1 0
230 147 -1 0
229 147 -1 0
228 147 -1 0
227 147 -1 0
226 147 -1 0
225 147 -1 0
224 147 -1 0
223 147 -1 0
222 147 -1 0
221 147 -1 0
220 147 -1 0
230 146 -1 0
229 146 -1 0
228 146 -1 0
227 146 -1 0
226 146 -1 0
225 146 -1 0
224 146 -1 0
223 146 -1 0
222 146 -1 0
221 146 -1 0
220 146 -1 0
230 145 -1 0
229 145 -1 0
228 145 -1 0
227 145 -1 0
226 145 -1 0
225 145 -1 0
224 145 -1 0
223 145 -1 0
222 145 -1 0
221 145 -1 0
220 145 -1 0
230 144 -1 0
229 144 -1 0
228 144 -1 0
227 144 -1 0
226 144 -1 0
225 144 -1 0
224 144 -1 0
223 144 -1 0
222 144 -1 0
221 144 -1 0
220 144 -1 0
230 143 -1 0
229 143 -1 0
228 143 -1 0
227 143 -1 0
226 143 -1 0
225 143 -1 0
224 143 -1 0
223 143 -1 0
222 143 -1 0
221 143 -1 0
220 143 -1 0
230 142 -1 0
229 142 -1 0
228 142 -1 0
227 142 -1 0
226 142 -1 0
225 142 -1 0
224 142 -1 0
223 142 -1 0
222 142 -1 0
221 142 -1 0
220 142 -1 0
229 141 -1 0
228 141 -1 0
227 141 -1 0
226 141 -1 0
225 141 -1 0
224 141 -1 0
223 141 -1 0
222 141 -1 0
221 141 -1 0
220 141 -1 0
229 140 -1 0
228 140 -1 0
227 140 -1 0
226 140 -1 0
225 140 -1 0
224 140 -1 0
223 140 -1 0
222 140 -1 0
221 140 -1 0
220 140 -1 0
230 139 -1 0
229 139 -1 0
228 139 -1 0
227 139 -1 0
226 139 -1 0
225 139 -1 0
224 139 -1 0
223 139 -1 0
222 139 -1 0
221 139 -1 0
220 139 -1 0
230 138 -1 0
229 138 -1 0
228 138 -1 0
227 138 -1 0
226 138 -1 0
225 138 -1 0
224 138 -1 0
223 138 -1 0
222 138 -1 0
221 138 -1 0
220 138 -1 0
219 138 -1 0
14 138 -1 1
229 137 -1 0
228 137 -1 0
227 137 -1 0
226 137 -1 0
225 137 -1 0
224 137 -1 0
223 137 -1 0
222 137 -1 0
221 137 -1 0
220 137 -1 0
219 137 -1 0
17 137 -1 1
16 137 -1 1
15 137 -1 1
14 137 -1 1
13 137 -1 1
12 137 -1 1
11 137 -1 1
229 136 -1 0
228 136 -1 0
227 136 -1 0
226 136 -1 0
225 136 -1 0
224 136 -1 0
223 136 -1 0
222 136 -1 0
221 136 -1 0
220 136 -1 0
219 136 -1 0
18 136 -1 1
17 136 -1 1
16 136 -1 1
15 136 -1 1
14 136 -1 1
13 136 -1 1
12 136 -1 1
11 136 -1 1
10 136 -1 1
229 135 -1 0
228 135 -1 0
227 135 -1 0
226 135 -1 0
225 135 -1 0
224 135 -1 0
223 135 -1 0
222 135 -1 0
221 135 -1 0
220 135 -1 0
219 135 -1 0
20 135 -1 1
19 135 -1 1
18 135 -1 1
17 135 -1 1
16 135 -1 1
15 135 -1 1
14 135 -1 1
13 135 -1 1
12 135 -1 1
11 135 -1 1
10 135 -1 1
229 134 -1 0
228 134 -1 0
227 134 -1 0
226 134 -1 0
225 134 -1 0
224 134 -1 0
223 134 -1 0
222 134 -1 0
221 134 -1 0
220 134 -1 0
219 134 -1 0
218 134 -1 0
217 134 -1 0
23 134 -1 1
22 134 -1 1
21 134 -1 1
20 134 -1 1
19 134 -1 1
18 134 -1 1
17 134 -1 1
16 134 -1 1
15 134 -1 1
14 134 -1 1
13 134 -1 1
12 134 -1 1
11 134 -1 1
10 134 -1 1
228 133 -1 0
227 133 -1 0
226 133 -1 0
225 133 -1 0
224 133 -1 0
223 133 -1 0
222 133 -1 0
221 133 -1 0
220 133 -1 0
219 133 -1 0
218 133 -1 0
217 133 -1 0
216 133 -1 0
25 133 -1 1
24 133 -1 1
23 133 -1 1
22 133 -1 1
21 133 -1 1
20 133 -1 1
19 133 -1 1
18 133 -1 1
17 133 -1 1
16 133 -1 1
15 133 -1 1
14 133 -1 1
13 133 -1 1
12 133 -1 1
11 133 -1 1
10 133 -1 1
9 133 -1 1
228 132 -1 0
227 132 -1 0
226 132 -1 0
225 132 -1 0
224 132 -1 0
223 132 -1 0
222 132 -1 0
221 132 -1 0
220 132 -1 0
219 132 -1 0
218 132 -1 0
217 132 -1 0
216 132 -1 0
27 132 -1 1
26 132 -1 1
25 132 -1 1
24 132 -1 1
23 132 -1 1
22 132 -1 1
21 132 -1 1
20 132 -1 1
19 132 -1 1
18 132 -1 1
17 132 -1 1
16 132 -1 1
15 132 -1 1
14 132 -1 1
13 132 -1 1
12 132 -1 1
11 132 -1 1
10 132 -1 1
228 131 -1 0
227 131 -1 0
226 131 -1 0
225 131 -1 0
224 131 -1 0
223 131 -1 0
222 131 -1 0
221 131 -1 0
220 131 -1 0
219 131 -1 0
218 131 -1 0
217 131 -1 0
216 131 -1 0
215 131 -1 0
29 131 -1 1
28 131 -1 1
27 131 -1 1
26 131 -1 1
25 131 -1 1
24 131 -1 1
23 131 -1 1
22 131 -1 1
21 131 -1 1
20 131 -1 1
19 131 -1 1
18 131 -1 1
17 131 -1 1
16 131 -1 1
15 131 -1 1
14 131 -1 1
13 131 -1 1
12 131 -1 1
11 131 -1 1
10 131 -1 1
227 130 -1 0
226 130 -1 0
225 130 -1 0
224 130 -1 0
223 130 -1 0
222 130 -1 0
221 130 -1 0
220 130 -1 0
219 130 -1 0
218 130 -1 0
217 130 -1 0
216 130 -1 0
215 130 -1 0
214 130 -1 0
30 130 -1 1
29 130 -1 1
28 130 -1 1
27 130 -1 1
26 130 -1 1
25 130 -1 1
24 130 -1 1
23 130 -1 1
22 130 -1 1
21 130 -1 1
20 130 -1 1
19 130 -1 1
18 130 -1 1
17 130 -1 1
16 130 -1 1
15 130 -1 1
14 130 -1 1
13 130 -1 1
12 130 -1 1
11 130 -1 1
10 130 -1 1
226 129 -1 0
225 129 -1 0
224 129 -1 0
223 129 -1 0
222 129 -1 0
221 129 -1 0
220 129 -1 0
219 129 -1 0
218 129 -1 0
217 129 -1 0
216 129 -1 0
215 129 -1 0
214 129 -1 0
213 129 -1 0
32 129 -1 1
31 129 -1 1
30 129 -1 1
29 129 -1 1
28 129 -1 1
27 129 -1 1
26 129 -1 1
25 129 -1 1
24 129 -1 1
23 129 -1 1
22 129 -1 1
21 129 -1 1
20 129 -1 1
19 129 -1 1
18 129 -1 1
17 129 -1 1
16 129 -1 1
15 129 -1 1
14 129 -1 1
13 129 -1 1
12 129 -1 1
11 129 -1 1
226 128 -1 0
225 128 -1 0
224 128 -1 0
223 128 -1 0
222 128 -1 0
221 128 -1 0
220 128 -1 0
219 128 -1 0
218 128 -1 0
217 128 -1 0
216 128 -1 0
215 128 -1 0
214 128 -1 0
213 128 -1 0
212 128 -1 0
34 128 -1 1
33 128 -1 1
32 128 -1 1
31 128 -1 1
30 128 -1 1
29 128 -1 1
28 128 -1 1
27 128 -1 1
26 128 -1 1
25 128 -1 1
24 128 -1 1
23 128 -1 1
22 128 -1 1
21 128 -1 1
20 128 -1 1
19 128 -1 1
18 128 -1 1
17 128 -1 1
16 128 -1 1
15 128 -1 1
14 128 -1 1
13 128 -1 1
12 128 -1 1
225 127 -1 0
224 127 -1 0
223 127 -1 0
222 127 -1 0
221 127 -1 0
220 127 -1 0
219 127 -1 0
218 127 -1 0
217 127 -1 0
216 127 -1 0
215 127 -1 0
214 127 -1 0
213 127 -1 0
212 127 -1 0
211 127 -1 0
37 127 -1 1
36 127 -1 1
35 127 -1 1
34 127 -1 1
33 127 -1 1
32 127 -1 1
31 127 -1 1
30 127 -1 1
29 127 -1 1
28 127 -1 1
27 127 -1 1
26 127 -1 1
25 127 -1 1
24 127 -1 1
23 127 -1 1
22 127 -1 1
21 127 -1 1
20 127 -1 1
19 127 -1 1
18 127 -1 1
17 127 -1 1
16 127 -1 1
15 127 -1 1
14 127 -1 1
224 126 -1 0
223 126 -1 0
222 126 -1 0
221 126 -1 0
220 126 -1 0
219 126 -1 0
218 126 -1 0
217 126 -1 0
216 126 -1 0
215 126 -1 0
214 126 -1 0
213 126 -1 0
212 126 -1 0
211 126 -1 0
210 126 -1 0
209 126 -1 0
38 126 -1 1
37 126 -1 1
36 126 -1 1
35 126 -1 1
34 126 -1 1
33 126 -1 1
32 126 -1 1
31 126 -1 1
30 126 -1 1
29 126 -1 1
28 126 -1 1
27 126 -1 1
26 126 -1 1
25 126 -1 1
24 126 -1 1
23 126 -1 1
22 126 -1 1
21 126 -1 1
20 126 -1 1
19 126 -1 1
18 126 -1 1
17 126 -1 1
16 126 -1 1
223 125 -1 0
222 125 -1 0
221 125 -1 0
220 125 -1 0
219 125 -1 0
218 125 -1 0
217 125 -1 0
216 125 -1 0
215 125 -1 0
214 125 -1 0
213 125 -1 0
212 125 -1 0
211 125 -1 0
210 125 -1 0
209 125 -1 0
208 125 -1 0
207 125 -1 0
206 125 -1 0
39 125 -1 1
38 125 -1 1
37 125 -1 1
36 125 -1 1
35 125 -1 1
34 125 -1 1
33 125 -1 1
32 125 -1 1
31 125 -1 1
30 125 -1 1
29 125 -1 1
28 125 -1 1
27 125 -1 1
26 125 -1 1
25 125 -1 1
24 125 -1 1
23 125 -1 1
22 125 -1 1
21 125 -1 1
20 125 -1 1
19 125 -1 1
222 124 -1 0
221 124 -1 0
220 124 -1 0
219 124 -1 0
218 124 -1 0
217 124 -1 0
216 124 -1 0
215 124 -1 0
214 124 -1 0
213 124 -1 0
212 124 -1 0
211 124 -1 0
210 124 -1 0
209 124 -1 0
208 124 -1 0
207 124 -1 0
206 124 -1 0
205 124 -1 0
204 124 -1 0
41 124 -1 1
40 124 -1 1
39 124 -1 1
38 124 -1 1
37 124 -1 1
36 124 -1 1
35 124 -1 1
34 124 -1 1
33 124 -1 1
32 124 -1 1
31 124 -1 1
30 124 -1 1
29 124 -1 1
28 124 -1 1
27 124 -1 1
26 124 -1 1
25 124 -1 1
24 124 -1 1
23 124 -1 1
22 124 -1 1
21 124 -1 1
221 123 -1 0
220 123 -1 0
219 123 -1 0
218 123 -1 0
217 123 -1 0
216 123 -1 0
215 123 -1 0
214 123 -1 0
213 123 -1 0
212 123 -1 0
211 123 -1 0
210 123 -1 0
209 123 -1 0
208 123 -1 0
207 123 -1 0
206 123 -1 0
205 123 -1 0
204 123 -1 0
203 123 -1 0
42 123 -1 1
41 123 -1 1
40 123 -1 1
39 123 -1 1
38 123 -1 1
37 123 -1 1
36 123 -1 1
35 123 -1 1
34 123 -1 1
33 123 -1 1
32 123 -1 1
31 123 -1 1
30 123 -1 1
29 123 -1 1
28 123 -1 1
27 123 -1 1
26 123 -1 1
25 123 -1 1
24 123 -1 1
23 123 -1 1
220 122 -1 0
219 122 -1 0
218 122 -1 0
217 122 -1 0
216 122 -1 0
215 122 -1 0
214 122 -1 0
213 122 -1 0
212 122 -1 0
211 122 -1 0
210 122 -1 0
209 122 -1 0
208 122 -1 0
207 122 -1 0
206 122 -1 0
205 122 -1 0
204 122 -1 0
203 122 -1 0
202 122 -1 0
201 122 -1 0
43 122 -1 1
42 122 -1 1
41 122 -1 1
40 122 -1 1
39 122 -1 1
38 122 -1 1
37 122 -1 1
36 122 -1 1
35 122 -1 1
34 122 -1 1
33 122 -1 1
32 122 -1 1
31 122 -1 1
30 122 -1 1
29 122 -1 1
28 122 -1 1
27 122 -1 1
26 122 -1 1
25 122 -1 1
219 121 -1 0
218 121 -1 0
217 121 -1 0
216 121 -1 0
215 121 -1 0
214 121 -1 0
213 121 -1 0
212 121 -1 0
211 121 -1 0
210 121 -1 0
209 121 -1 0
208 121 -1 0
207 121 -1 0
206 121 -1 0
205 121 -1 0
204 121 -1 0
203 121 -1 0
202 121 -1 0
201 121 -1 0
200 121 -1 0
45 121 -1 1
44 121 -1 1
43 121 -1 1
42 121 -1 1
41 121 -1 1
40 121 -1 1
39 121 -1 1
38 121 -1 1
37 121 -1 1
36 121 -1 1
35 121 -1 1
34 121 -1 1
33 121 -1 1
32 121 -1 1
31 121 -1 1
30 121 -1 1
29 121 -1 1
28 121 -1 1
27 121 -1 1
26 121 -1 1
218 120 -1 0
217 120 -1 0
216 120 -1 0
215 120 -1 0
214 120 -1 0
213 120 -1 0
212 120 -1 0
211 120 -1 0
210 120 -1 0
209 120 -1 0
208 120 -1 0
207 120 -1 0
206 120 -1 0
205 120 -1 0
204 120 -1 0
203 120 -1 0
202 120 -1 0
201 120 -1 0
200 120 -1 0
199 120 -1 0
46 120 -1 1
45 120 -1 1
44 120 -1 1
43 120 -1 1
42 120 -1 1
41 120 -1 1
40 120 -1 1
39 120 -1 1
38 120 -1 1
37 120 -1 1
36 120 -1 1
35 120 -1 1
34 120 -1 1
33 120 -1 1
32 120 -1 1
31 120 -1 1
30 120 -1 1
29 120 -1 1
28 120 -1 1
27 120 -1 1
217 119 -1 0
216 119 -1 0
215 119 -1 0
214 119 -1 0
213 119 -1 0
212 119 -1 0
211 119 -1 0
210 119 -1 0
209 119 -1 0
208 119 -1 0
207 119 -1 0
206 119 -1 0
205 119 -1 0
204 119 -1 0
203 119 -1 0
202 119 -1 0
201 119 -1 0
200 119 -1 0
199 119 -1 0
198 119 -1 0
197 119 -1 0
46 119 -1 1
45 119 -1 1
44 119 -1 1
43 119 -1 1
42 119 -1 1
41 119 -1 1
40 119 -1 1
39 119 -1 1
38 119 -1 1
37 119 -1 1
36 119 -1 1
35 119 -1 1
34 119 -1 1
33 119 -1 1
32 119 -1 1
31 119 -1 1
30 119 -1 1
29 119 -1 1
28 119 -1 1
216 118 -1 0
215 118 -1 0
214 118 -1 0
213 118 -1 0
212 118 -1 0
211 118 -1 0
210 118 -1 0
209 118 -1 0
208 118 -1 0
207 118 -1 0
206 118 -1 0
205 118 -1 0
204 118 -1 0
203 118 -1 0
202 118 -1 0
201 118 -1 0
200 118 -1 0
199 118 -1 0
198 118 -1 0
197 118 -1 0
196 118 -1 0
47 118 -1 1
46 118 -1 1
45 118 -1 1
44 118 -1 1
43 118 -1 1
42 118 -1 1
41 118 -1 1
40 118 -1 1
39 118 -1 1
38 118 -1 1
37 118 -1 1
36 118 -1 1
35 118 -1 1
34 118 -1 1
33 118 -1 1
32 118 -1 1
31 118 -1 1
215 117 -1 0
214 117 -1 0
213 117 -1 0
212 117 -1 0
211 117 -1 0
210 117 -1 0
209 117 -1 0
208 117 -1 0
207 117 -1 0
206 117 -1 0
205 117 -1 0
204 117 -1 0
203 117 -1 0
202 117 -1 0
201 117 -1 0
200 117 -1 0
199 117 -1 0
198 117 -1 0
197 117 -1 0
196 117 -1 0
48 117 -1 1
47 117 -1 1
46 117 -1 1
45 117 -1 1
44 117 -1 1
43 117 -1 1
42 117 -1 1
41 117 -1 1
40 117 -1 1
39 117 -1 1
38 117 -1 1
37 117 -1 1
36 117 -1 1
35 117 -1 1
34 117 -1 1
33 117 -1 1
32 117 -1 1
212 116 -1 0
211 116 -1 0
210 116 -1 0
209 116 -1 0
208 116 -1 0
207 116 -1 0
206 116 -1 0
205 116 -1 0
204 116 -1 0
203 116 -1 0
202 116 -1 0
201 116 -1 0
200 116 -1 0
199 116 -1 0
198 116 -1 0
197 116 -1 0
196 116 -1 0
195 116 -1 0
49 116 -1 1
48 116 -1 1
47 116 -1 1
46 116 -1 1
45 116 -1 1
44 116 -1 1
43 116 -1 1
42 116 -1 1
41 116 -1 1
40 116 -1 1
39 116 -1 1
38 116 -1 1
37 116 -1 1
36 116 -1 1
35 116 -1 1
34 116 -1 1
33 116 -1 1
209 115 -1 0
208 115 -1 0
207 115 -1 0
206 115 -1 0
205 115 -1 0
204 115 -1 0
203 115 -1 0
202 115 -1 0
201 115 -1 0
200 115 -1 0
199 115 -1 0
198 115 -1 0
197 115 -1 0
196 115 -1 0
195 115 -1 0
194 115 -1 0
50 115 -1 1
49 115 -1 1
48 115 -1 1
47 115 -1 1
46 115 -1 1
45 115 -1 1
44 115 -1 1
43 115 -1 1
42 115 -1 1
41 115 -1 1
40 115 -1 1
39 115 -1 1
38 115 -1 1
37 115 -1 1
36 115 -1 1
208 114 -1 0
207 114 -1 0
206 114 -1 0
205 114 -1 0
204 114 -1 0
203 114 -1 0
202 114 -1 0
201 114 -1 0
200 114 -1 0
199 114 -1 0
198 114 -1 0
197 114 -1 0
196 114 -1 0
195 114 -1 0
194 114 -1 0
193 114 -1 0
51 114 -1 1
50 114 -1 1
49 114 -1 1
48 114 -1 1
47 114 -1 1
46 114 -1 1
45 114 -1 1
44 114 -1 1
43 114 -1 1
42 114 -1 1
41 114 -1 1
40 114 -1 1
39 114 -1 1
38 114 -1 1
37 114 -1 1
36 114 -1 1
207 113 -1 0
206 113 -1 0
205 113 -1 0
204 113 -1 0
203 113 -1 0
202 113 -1 0
201 113 -1 0
200 113 -1 0
199 113 -1 0
198 113 -1 0
197 113 -1 0
196 113 -1 0
195 113 -1 0
194 113 -1 0
193 113 -1 0
192 113 -1 0
191 113 -1 0
53 113 -1 1
52 113 -1 1
51 113 -1 1
50 113 -1 1
49 113 -1 1
48 113 -1 1
47 113 -1 1
46 113 -1 1
45 113 -1 1
44 113 -1 1
43 113 -1 1
42 113 -1 1
41 113 -1 1
40 113 -1 1
39 113 -1 1
38 113 -1 1
37 113 -1 1
206 112 -1 0
205 112 -1 0
204 112 -1 0
203 112 -1 0
202 112 -1 0
201 112 -1 0
200 112 -1 0
199 112 -1 0
198 112 -1 0
197 112 -1 0
196 112 -1 0
195 112 -1 0
194 112 -1 0
193 112 -1 0
192 112 -1 0
191 112 -1 0
190 112 -1 0
189 112 -1 0
188 112 -1 0
56 112 -1 1
55 112 -1 1
54 112 -1 1
53 112 -1 1
52 112 -1 1
51 112 -1 1
50 112 -1 1
49 112 -1 1
48 112 -1 1
47 112 -1 1
46 112 -1 1
45 112 -1 1
44 112 -1 1
43 112 -1 1
42 112 -1 1
41 112 -1 1
40 112 -1 1
39 112 -1 1
205 111 -1 0
204 111 -1 0
203 111 -1 0
202 111 -1 0
201 111 -1 0
200 111 -1 0
199 111 -1 0
198 111 -1 0
197 111 -1 0
196 111 -1 0
195 111 -1 0
194 111 -1 0
193 111 -1 0
192 111 -1 0
191 111 -1 0
190 111 -1 0
189 111 -1 0
188 111 -1 0
187 111 -1 0
186 111 -1 0
57 111 -1 1
56 111 -1 1
55 111 -1 1
54 111 -1 1
53 111 -1 1
52 111 -1 1
51 111 -1 1
50 111 -1 1
49 111 -1 1
48 111 -1 1
47 111 -1 1
46 111 -1 1
45 111 -1 1
44 111 -1 1
43 111 -1 1
42 111 -1 1
41 111 -1 1
40 111 -1 1
203 110 -1 0
202 110 -1 0
201 110 -1 0
200 110 -1 0
199 110 -1 0
198 110 -1 0
197 110 -1 0
196 110 -1 0
195 110 -1 0
194 110 -1 0
193 110 -1 0
192 110 -1 0
191 110 -1 0
190 110 -1 0
189 110 -1 0
188 110 -1 0
187 110 -1 0
186 110 -1 0
185 110 -1 0
60 110 -1 1
59 110 -1 1
58 110 -1 1
57 110 -1 1
56 110 -1 1
55 110 -1 1
54 110 -1 1
53 110 -1 1
52 110 -1 1
51 110 -1 1
50 110 -1 1
49 110 -1 1
48 110 -1 1
47 110 -1 1
46 110 -1 1
45 110 -1 1
44 110 -1 1
43 110 -1 1
42 110 -1 1
41 110 -1 1
202 109 -1 0
201 109 -1 0
200 109 -1 0
199 109 -1 0
198 109 -1 0
197 109 -1 0
196 109 -1 0
195 109 -1 0
194 109 -1 0
193 109 -1 0
192 109 -1 0
191 109 -1 0
190 109 -1 0
189 109 -1 0
188 109 -1 0
187 109 -1 0
186 109 -1 0
185 109 -1 0
184 109 -1 0
183 109 -1 0
61 109 -1 1
60 109 -1 1
59 109 -1 1
58 109 -1 1
57 109 -1 1
56 109 -1 1
55 109 -1 1
54 109 -1 1
53 109 -1 1
52 109 -1 1
51 109 -1 1
50 109 -1 1
49 109 -1 1
48 109 -1 1
47 109 -1 1
46 109 -1 1
45 109 -1 1
44 109 -1 1
43 109 -1 1
42 109 -1 1
201 108 -1 0
200 108 -1 0
199 108 -1 0
198 108 -1 0
197 108 -1 0
196 108 -1 0
195 108 -1 0
194 108 -1 0
193 108 -1 0
192 108 -1 0
191 108 -1 0
190 108 -1 0
189 108 -1 0
188 108 -1 0
187 108 -1 0
186 108 -1 0
185 108 -1 0
184 108 -1 0
183 108 -1 0
182 108 -1 0
64 108 -1 1
63 108 -1 1
62 108 -1 1
61 108 -1 1
60 108 -1 1
59 108 -1 1
58 108 -1 1
57 108 -1 1
56 108 -1 1
55 108 -1 1
54 108 -1 1
53 108 -1 1
52 108 -1 1
51 108 -1 1
50 108 -1 1
49 108 -1 1
48 108 -1 1
47 108 -1 1
46 108 -1 1
45 108 -1 1
44 108 -1 1
43 108 -1 1
201 107 -1 0
200 107 -1 0
199 107 -1 0
198 107 -1 0
197 107 -1 0
196 107 -1 0
195 107 -1 0
194 107 -1 0
193 107 -1 0
192 107 -1 0
191 107 -1 0
190 107 -1 0
189 107 -1 0
188 107 -1 0
187 107 -1 0
186 107 -1 0
185 107 -1 0
184 107 -1 0
183 107 -1 0
182 107 -1 0
181 107 -1 0
65 107 -1 1
64 107 -1 1
63 107 -1 1
62 107 -1 1
61 107 -1 1
60 107 -1 1
59 107 -1 1
58 107 -1 1
57 107 -1 1
56 107 -1 1
55 107 -1 1
54 107 -1 1
53 107 -1 1
52 107 -1 1
51 107 -1 1
50 107 -1 1
49 107 -1 1
48 107 -1 1
47 107 -1 1
46 107 -1 1
45 107 -1 1
44 107 -1 1
200 106 -1 0
199 106 -1 0
198 106 -1 0
197 106 -1 0
196 106 -1 0
195 106 -1 0
194 106 -1 0
193 106 -1 0
192 106 -1 0
191 106 -1 0
190 106 -1 0
189 106 -1 0
188 106 -1 0
187 106 -1 0
186 106 -1 0
185 106 -1 0
184 106 -1 0
183 106 -1 0
182 106 -1 0
181 106 -1 0
65 106 -1 1
64 106 -1 1
63 106 -1 1
62 106 -1 1
61 106 -1 1
60 106 -1 1
59 106 -1 1
58 106 -1 1
57 106 -1 1
56 106 -1 1
55 106 -1 1
54 106 -1 1
53 106 -1 1
52 106 -1 1
51 106 -1 1
50 106 -1 1
49 106 -1 1
48 106 -1 1
47 106 -1 1
46 106 -1 1
45 106 -1 1
197 105 -1 0
196 105 -1 0
195 105 -1 0
194 105 -1 0
193 105 -1 0
192 105 -1 0
191 105 -1 0
190 105 -1 0
189 105 -1 0
188 105 -1 0
187 105 -1 0
186 105 -1 0
185 105 -1 0
184 105 -1 0
183 105 -1 0
182 105 -1 0
181 105 -1 0
180 105 -1 0
69 105 -1 1
68 105 -1 1
67 105 -1 1
66 105 -1 1
65 105 -1 1
64 105 -1 1
63 105 -1 1
62 105 -1 1
61 105 -1 1
60 105 -1 1
59 105 -1 1
58 105 -1 1
57 105 -1 1
56 105 -1 1
55 105 -1 1
54 105 -1 1
53 105 -1 1
52 105 -1 1
51 105 -1 1
50 105 -1 1
49 105 -1 1
48 105 -1 1
47 105 -1 1
46 105 -1 1
194 104 -1 0
193 104 -1 0
192 104 -1 0
191 104 -1 0
190 104 -1 0
189 104 -1 0
188 104 -1 0
187 104 -1 0
186 104 -1 0
185 104 -1 0
184 104 -1 0
183 104 -1 0
182 104 -1 0
181 104 -1 0
180 104 -1 0
179 104 -1 0
72 104 -1 1
71 104 -1 1
70 104 -1 1
69 104 -1 1
68 104 -1 1
67 104 -1 1
66 104 -1 1
65 104 -1 1
64 104 -1 1
63 104 -1 1
62 104 -1 1
61 104 -1 1
60 104 -1 1
59 104 -1 1
58 104 -1 1
57 104 -1 1
56 104 -1 1
55 104 -1 1
54 104 -1 1
53 104 -1 1
52 104 -1 1
51 104 -1 1
50 104 -1 1
49 104 -1 1
48 104 -1 1
192 103 -1 0
191 103 -1 0
190 103 -1 0
189 103 -1 0
188 103 -1 0
187 103 -1 0
186 103 -1 0
185 103 -1 0
184 103 -1 0
183 103 -1 0
182 103 -1 0
181 103 -1 0
180 103 -1 0
179 103 -1 0
178 103 -1 0
73 103 -1 1
72 103 -1 1
71 103 -1 1
70 103 -1 1
69 103 -1 1
68 103 -1 1
67 103 -1 1
66 103 -1 1
65 103 -1 1
64 103 -1 1
63 103 -1 1
62 103 -1 1
61 103 -1 1
60 103 -1 1
59 103 -1 1
58 103 -1 1
57 103 -1 1
56 103 -1 1
55 103 -1 1
54 103 -1 1
53 103 -1 1
52 103 -1 1
51 103 -1 1
191 102 -1 0
190 102 -1 0
189 102 -1 0
188 102 -1 0
187 102 -1 0
186 102 -1 0
185 102 -1 0
184 102 -1 0
183 102 -1 0
182 102 -1 0
181 102 -1 0
180 102 -1 0
179 102 -1 0
178 102 -1 0
177 102 -1 0
74 102 -1 1
73 102 -1 1
72 102 -1 1
71 102 -1 1
70 102 -1 1
69 102 -1 1
68 102 -1 1
67 102 -1 1
66 102 -1 1
65 102 -1 1
64 102 -1 1
63 102 -1 1
62 102 -1 1
61 102 -1 1
60 102 -1 1
59 102 -1 1
58 102 -1 1
57 102 -1 1
56 102 -1 1
55 102 -1 1
54 102 -1 1
53 102 -1 1
52 102 -1 1
189 101 -1 0
188 101 -1 0
187 101 -1 0
186 101 -1 0
185 101 -1 0
184 101 -1 0
183 101 -1 0
182 101 -1 0
181 101 -1 0
180 101 -1 0
179 101 -1 0
178 101 -1 0
177 101 -1 0
176 101 -1 0
74 101 -1 1
73 101 -1 1
72 101 -1 1
71 101 -1 1
70 101 -1 1
69 101 -1 1
68 101 -1 1
67 101 -1 1
66 101 -1 1
65 101 -1 1
64 101 -1 1
63 101 -1 1
62 101 -1 1
61 101 -1 1
60 101 -1 1
59 101 -1 1
58 101 -1 1
57 101 -1 1
56 101 -1 1
55 101 -1 1
188 100 -1 0
187 100 -1 0
186 100 -1 0
185 100 -1 0
184 100 -1 0
183 100 -1 0
182 100 -1 0
181 100 -1 0
180 100 -1 0
179 100 -1 0
178 100 -1 0
177 100 -1 0
176 100 -1 0
175 100 -1 0
74 100 -1 1
73 100 -1 1
72 100 -1 1
71 100 -1 1
70 100 -1 1
69 100 -1 1
68 100 -1 1
67 100 -1 1
66 100 -1 1
65 100 -1 1
64 100 -1 1
63 100 -1 1
62 100 -1 1
61 100 -1 1
60 100 -1 1
59 100 -1 1
58 100 -1 1
57 100 -1 1
187 99 -1 0
186 99 -1 0
185 99 -1 0
184 99 -1 0
183 99 -1 0
182 99 -1 0
181 99 -1 0
180 99 -1 0
179 99 -1 0
178 99 -1 0
177 99 -1 0
176 99 -1 0
175 99 -1 0
174 99 -1 0
75 99 -1 1
74 99 -1 1
73 99 -1 1
72 99 -1 1
71 99 -1 1
70 99 -1 1
69 99 -1 1
68 99 -1 1
67 99 -1 1
66 99 -1 1
65 99 -1 1
64 99 -1 1
63 99 -1 1
62 99 -1 1
61 99 -1 1
60 99 -1 1
59 99 -1 1
58 99 -1 1
187 98 -1 0
186 98 -1 0
185 98 -1 0
184 98 -1 0
183 98 -1 0
182 98 -1 0
181 98 -1 0
180 98 -1 0
179 98 -1 0
178 98 -1 0
177 98 -1 0
176 98 -1 0
175 98 -1 0
174 98 -1 0
74 98 -1 1
73 98 -1 1
72 98 -1 1
71 98 -1 1
70 98 -1 1
69 98 -1 1
68 98 -1 1
67 98 -1 1
66 98 -1 1
65 98 -1 1
64 98 -1 1
63 98 -1 1
62 98 -1 1
61 98 -1 1
60 98 -1 1
59 98 -1 1
186 97 -1 0
185 97 -1 0
184 97 -1 0
183 97 -1 0
182 97 -1 0
181 97 -1 0
180 97 -1 0
179 97 -1 0
178 97 -1 0
177 97 -1 0
176 97 -1 0
175 97 -1 0
174 97 -1 0
173 97 -1 0
74 97 -1 1
73 97 -1 1
72 97 -1 1
71 97 -1 1
70 97 -1 1
69 97 -1 1
68 97 -1 1
67 97 -1 1
66 97 -1 1
65 97 -1 1
64 97 -1 1
63 97 -1 1
62 97 -1 1
61 97 -1 1
60 97 -1 1
185 96 -1 0
184 96 -1 0
183 96 -1 0
182 96 -1 0
181 96 -1 0
180 96 -1 0
179 96 -1 0
178 96 -1 0
177 96 -1 0
176 96 -1 0
175 96 -1 0
174 96 -1 0
173 96 -1 0
172 96 -1 0
74 96 -1 1
73 96 -1 1
72 96 -1 1
71 96 -1 1
70 96 -1 1
69 96 -1 1
68 96 -1 1
67 96 -1 1
66 96 -1 1
65 96 -1 1
64 96 -1 1
63 96 -1 1
62 96 -1 1
184 95 -1 0
183 95 -1 0
182 95 -1 0
181 95 -1 0
180 95 -1 0
179 95 -1 0
178 95 -1 0
177 95 -1 0
176 95 -1 0
175 95 -1 0
174 95 -1 0
173 95 -1 0
172 95 -1 0
171 95 -1 0
73 95 -1 1
72 95 -1 1
71 95 -1 1
70 95 -1 1
69 95 -1 1
68 95 -1 1
67 95 -1 1
66 95 -1 1
65 95 -1 1
183 94 -1 0
182 94 -1 0
181 94 -1 0
180 94 -1 0
179 94 -1 0
178 94 -1 0
177 94 -1 0
176 94 -1 0
175 94 -1 0
174 94 -1 0
173 94 -1 0
172 94 -1 0
171 94 -1 0
170 94 -1 0
70 94 -1 1
69 94 -1 1
182 93 -1 0
181 93 -1 0
180 93 -1 0
179 93 -1 0
178 93 -1 0
177 93 -1 0
176 93 -1 0
175 93 -1 0
174 93 -1 0
173 93 -1 0
172 93 -1 0
171 93 -1 0
170 93 -1 0
181 92 -1 0
180 92 -1 0
179 92 -1 0
178 92 -1 0
177 92 -1 0
176 92 -1 0
175 92 -1 0
174 92 -1 0
173 92 -1 0
172 92 -1 0
171 92 -1 0
170 92 -1 0
180 91 -1 0
179 91 -1 0
178 91 -1 0
177 91 -1 0
176 91 -1 0
175 91 -1 0
174 91 -1 0
173 91 -1 0
172 91 -1 0
171 91 -1 0
170 91 -1 0
169 91 -1 0
168 91 -1 0
180 90 -1 0
179 90 -1 0
178 90 -1 0
177 90 -1 0
176 90 -1 0
175 90 -1 0
174 90 -1 0
173 90 -1 0
172 90 -1 0
171 90 -1 0
170 90 -1 0
169 90 -1 0
168 90 -1 0
167 90 -1 0
179 89 -1 0
178 89 -1 0
177 89 -1 0
176 89 -1 0
175 89 -1 0
174 89 -1 0
173 89 -1 0
172 89 -1 0
171 89 -1 0
170 89 -1 0
169 89 -1 0
168 89 -1 0
167 89 -1 0
178 88 -1 0
177 88 -1 0
176 88 -1 0
175 88 -1 0
174 88 -1 0
173 88 -1 0
172 88 -1 0
171 88 -1 0
170 88 -1 0
169 88 -1 0
168 88 -1 0
167 88 -1 0
177 87 -1 0
176 87 -1 0
175 87 -1 0
174 87 -1 0
173 87 -1 0
172 87 -1 0
171 87 -1 0
170 87 -1 0
169 87 -1 0
168 87 -1 0
167 87 -1 0
166 87 -1 0
175 86 -1 0
174 86 -1 0
173 86 -1 0
172 86 -1 0
171 86 -1 0
170 86 -1 0
169 86 -1 0
168 86 -1 0
167 86 -1 0
166 86 -1 0
165 86 -1 0
175 85 -1 0
174 85 -1 0
173 85 -1 0
172 85 -1 0
171 85 -1 0
170 85 -1 0
169 85 -1 0
168 85 -1 0
167 85 -1 0
166 85 -1 0
165 85 -1 0
175 84 -1 0
174 84 -1 0
173 84 -1 0
172 84 -1 0
171 84 -1 0
170 84 -1 0
169 84 -1 0
168 84 -1 0
167 84 -1 0
166 84 -1 0
165 84 -1 0
164 84 -1 0
163 84 -1 0
174 83 -1 0
173 83 -1 0
172 83 -1 0
171 83 -1 0
170 83 -1 0
169 83 -1 0
168 83 -1 0
167 83 -1 0
166 83 -1 0
165 83 -1 0
164 83 -1 0
163 83 -1 0
162 83 -1 0
173 82 -1 0
172 82 -1 0
171 82 -1 0
170 82 -1 0
169 82 -1 0
168 82 -1 0
167 82 -1 0
166 82 -1 0
165 82 -1 0
164 82 -1 0
163 82 -1 0
162 82 -1 0
173 81 -1 0
172 81 -1 0
171 81 -1 0
170 81 -1 0
169 81 -1 0
168 81 -1 0
167 81 -1 0
166 81 -1 0
165 81 -1 0
164 81 -1 0
163 81 -1 0
162 81 -1 0
173 80 -1 0
172 80 -1 0
171 80 -1 0
170 80 -1 0
169 80 -1 0
168 80 -1 0
167 80 -1 0
166 80 -1 0
165 80 -1 0
164 80 -1 0
163 80 -1 0
162 80 -1 0
161 80 -1 0
172 79 -1 0
171 79 -1 0
170 79 -1 0
169 79 -1 0
168 79 -1 0
167 79 -1 0
166 79 -1 0
165 79 -1 0
164 79 -1 0
163 79 -1 0
162 79 -1 0
161 79 -1 0
170 78 -1 0
169 78 -1 0
168 78 -1 0
167 78 -1 0
166 78 -1 0
165 78 -1 0
164 78 -1 0
163 78 -1 0
162 78 -1 0
161 78 -1 0
170 77 -1 0
169 77 -1 0
168 77 -1 0
167 77 -1 0
166 77 -1 0
165 77 -1 0
164 77 -1 0
163 77 -1 0
162 77 -1 0
161 77 -1 0
160 77 -1 0
159 77 -1 0
169 76 -1 0
168 76 -1 0
167 76 -1 0
166 76 -1 0
165 76 -1 0
164 76 -1 0
163 76 -1 0
162 76 -1 0
161 76 -1 0
160 76 -1 0
159 76 -1 0
158 76 -1 0
169 75 -1 0
168 75 -1 0
167 75 -1 0
166 75 -1 0
165 75 -1 0
164 75 -1 0
163 75 -1 0
162 75 -1 0
161 75 -1 0
160 75 -1 0
159 75 -1 0
158 75 -1 0
169 74 -1 0
168 74 -1 0
167 74 -1 0
166 74 -1 0
165 74 -1 0
164 74 -1 0
163 74 -1 0
162 74 -1 0
161 74 -1 0
160 74 -1 0
159 74 -1 0
158 74 -1 0
157 74 -1 0
168 73 -1 0
167 73 -1 0
166 73 -1 0
165 73 -1 0
164 73 -1 0
163 73 -1 0
162 73 -1 0
161 73 -1 0
160 73 -1 0
159 73 -1 0
158 73 -1 0
157 73 -1 0
156 73 -1 0
166 72 -1 0
165 72 -1 0
164 72 -1 0
163 72 -1 0
162 72 -1 0
161 72 -1 0
160 72 -1 0
159 72 -1 0
158 72 -1 0
157 72 -1 0
156 72 -1 0
166 71 -1 0
165 71 -1 0
164 71 -1 0
163 71 -1 0
162 71 -1 0
161 71 -1 0
160 71 -1 0
159 71 -1 0
158 71 -1 0
157 71 -1 0
156 71 -1 0
166 70 -1 0
165 70 -1 0
164 70 -1 0
163 70 -1 0
162 70 -1 0
161 70 -1 0
160 70 -1 0
159 70 -1 0
158 70 -1 0
157 70 -1 0
156 70 -1 0
155 70 -1 0
165 69 -1 0
164 69 -1 0
163 69 -1 0
162 69 -1 0
161 69 -1 0
160 69 -1 0
159 69 -1 0
158 69 -1 0
157 69 -1 0
156 69 -1 0
155 69 -1 0
164 68 -1 0
163 68 -1 0
162 68 -1 0
161 68 -1 0
160 68 -1 0
159 68 -1 0
158 68 -1 0
157 68 -1 0
156 68 -1 0
155 68 -1 0
154 68 -1 0
164 67 -1 0
163 67 -1 0
162 67 -1 0
161 67 -1 0
160 67 -1 0
159 67 -1 0
158 67 -1 0
157 67 -1 0
156 67 -1 0
155 67 -1 0
154 67 -1 0
163 66 -1 0
162 66 -1 0
161 66 -1 0
160 66 -1 0
159 66 -1 0
158 66 -1 0
157 66 -1 0
156 66 -1 0
155 66 -1 0
154 66 -1 0
163 65 -1 0
162 65 -1 0
161 65 -1 0
160 65 -1 0
159 65 -1 0
158 65 -1 0
157 65 -1 0
156 65 -1 0
155 65 -1 0
154 65 -1 0
153 65 -1 0
152 65 -1 0
163 64 -1 0
162 64 -1 0
161 64 -1 0
160 64 -1 0
159 64 -1 0
158 64 -1 0
157 64 -1 0
156 64 -1 0
155 64 -1 0
154 64 -1 0
153 64 -1 0
152 64 -1 0
151 64 -1 0
162 63 -1 0
161 63 -1 0
160 63 -1 0
159 63 -1 0
158 63 -1 0
157 63 -1 0
156 63 -1 0
155 63 -1 0
154 63 -1 0
153 63 -1 0
152 63 -1 0
151 63 -1 0
162 62 -1 0
161 62 -1 0
160 62 -1 0
159 62 -1 0
158 62 -1 0
157 62 -1 0
156 62 -1 0
155 62 -1 0
154 62 -1 0
153 62 -1 0
152 62 -1 0
151 62 -1 0
150 62 -1 0
161 61 -1 0
160 61 -1 0
159 61 -1 0
158 61 -1 0
157 61 -1 0
156 61 -1 0
155 61 -1 0
154 61 -1 0
153 61 -1 0
152 61 -1 0
151 61 -1 0
150 61 -1 0
149 61 -1 0
160 60 -1 0
159 60 -1 0
158 60 -1 0
157 60 -1 0
156 60 -1 0
155 60 -1 0
154 60 -1 0
153 60 -1 0
152 60 -1 0
151 60 -1 0
150 60 -1 0
149 60 -1 0
160 59 -1 0
159 59 -1 0
158 59 -1 0
157 59 -1 0
156 59 -1 0
155 59 -1 0
154 59 -1 0
153 59 -1 0
152 59 -1 0
151 59 -1 0
150 59 -1 0
149 59 -1 0
148 59 -1 0
160 58 -1 0
159 58 -1 0
158 58 -1 0
157 58 -1 0
156 58 -1 0
155 58 -1 0
154 58 -1 0
153 58 -1 0
152 58 -1 0
151 58 -1 0
150 58 -1 0
149 58 -1 0
148 58 -1 0
159 57 -1 0
158 57 -1 0
157 57 -1 0
156 57 -1 0
155 57 -1 0
154 57 -1 0
153 57 -1 0
152 57 -1 0
151 57 -1 0
150 57 -1 0
149 57 -1 0
148 57 -1 0
157 56 -1 0
156 56 -1 0
155 56 -1 0
154 56 -1 0
153 56 -1 0
152 56 -1 0
151 56 -1 0
150 56 -1 0
149 56 -1 0
148 56 -1 0
147 56 -1 0
158 55 -1 0
157 55 -1 0
156 55 -1 0
155 55 -1 0
154 55 -1 0
153 55 -1 0
152 55 -1 0
151 55 -1 0
150 55 -1 0
149 55 -1 0
148 55 -1 0
157 54 -1 0
156 54 -1 0
155 54 -1 0
154 54 -1 0
153 54 -1 0
152 54 -1 0
151 54 -1 0
150 54 -1 0
149 54 -1 0
148 54 -1 0
157 53 -1 0
156 53 -1 0
155 53 -1 0
154 53 -1 0
153 53 -1 0
152 53 -1 0
151 53 -1 0
150 53 -1 0
149 53 -1 0
148 53 -1 0
157 52 -1 0
156 52 -1 0
155 52 -1 0
154 52 -1 0
153 52 -1 0
152 52 -1 0
151 52 -1 0
150 52 -1 0
149 52 -1 0
156 51 -1 0
155 51 -1 0
154 51 -1 0
153 51 -1 0
152 51 -1 0
151 51 -1 0
150 51 -1 0
153 50 -1 0
