3421 408 341
283 160 -1 0
282 160 -1 0
286 159 -1 0
285 159 -1 0
284 159 -1 0
283 159 -1 0
282 159 -1 0
281 159 -1 0
280 159 -1 0
279 159 -1 0
288 158 -1 0
287 158 -1 0
286 158 -1 0
285 158 -1 0
284 158 -1 0
283 158 -1 0
282 158 -1 0
281 158 -1 0
280 158 -1 0
279 158 -1 0
278 158 -1 0
289 157 -1 0
288 157 -1 0
287 157 -1 0
286 157 -1 0
285 157 -1 0
284 157 -1 0
283 157 -1 0
282 157 -1 0
281 157 -1 0
280 157 -1 0
279 157 -1 0
278 157 -1 0
292 156 -1 0
291 156 -1 0
290 156 -1 0
289 156 -1 0
288 156 -1 0
287 156 -1 0
286 156 -1 0
285 156 -1 0
284 156 -1 0
283 156 -1 0
282 156 -1 0
281 156 -1 0
280 156 -1 0
279 156 -1 0
278 156 -1 0
293 155 -1 0
292 155 -1 0
291 155 -1 0
290 155 -1 0
289 155 -1 0
288 155 -1 0
287 155 -1 0
286 155 -1 0
285 155 -1 0
284 155 -1 0
283 155 -1 0
282 155 -1 0
281 155 -1 0
280 155 -1 0
279 155 -1 0
278 155 -1 0
277 155 -1 0
294 154 -1 0
293 154 -1 0
292 154 -1 0
291 154 -1 0
290 154 -1 0
289 154 -1 0
288 154 -1 0
287 154 -1 0
286 154 -1 0
285 154 -1 0
284 154 -1 0
283 154 -1 0
282 154 -1 0
281 154 -1 0
280 154 -1 0
279 154 -1 0
278 154 -1 0
295 153 -1 0
294 153 -1 0
293 153 -1 0
292 153 -1 0
291 153 -1 0
290 153 -1 0
289 153 -1 0
288 153 -1 0
287 153 -1 0
286 153 -1 0
285 153 -1 0
284 153 -1 0
283 153 -1 0
282 153 -1 0
281 153 -1 0
280 153 -1 0
279 153 -1 0
278 153 -1 0
296 152 -1 0
295 152 -1 0
294 152 -1 0
293 152 -1 0
292 152 -1 0
291 152 -1 0
290 152 -1 0
289 152 -1 0
288 152 -1 0
287 152 -1 0
286 152 -1 0
285 152 -1 0
284 152 -1 0
283 152 -1 0
282 152 -1 0
281 152 -1 0
280 152 -1 0
279 152 -1 0
278 152 -1 0
300 151 -1 0
299 151 -1 0
298 151 -1 0
297 151 -1 0
296 151 -1 0
295 151 -1 0
294 151 -1 0
293 151 -1 0
292 151 -1 0
291 151 -1 0
290 151 -1 0
289 151 -1 0
288 151 -1 0
287 151 -1 0
286 151 -1 0
285 151 -1 0
284 151 -1 0
283 151 -1 0
282 151 -1 0
281 151 -1 0
280 151 -1 0
279 151 -1 0
303 150 -1 0
302 150 -1 0
301 150 -1 0
300 150 -1 0
299 150 -1 0
298 150 -1 0
297 150 -1 0
296 150 -1 0
295 150 -1 0
294 150 -1 0
293 150 -1 0
292 150 -1 0
291 150 -1 0
290 150 -1 0
289 150 -1 0
288 150 -1 0
287 150 -1 0
286 150 -1 0
285 150 -1 0
284 150 -1 0
283 150 -1 0
282 150 -1 0
304 149 -1 0
303 149 -1 0
302 149 -1 0
301 149 -1 0
300 149 -1 0
299 149 -1 0
298 149 -1 0
297 149 -1 0
296 149 -1 0
295 149 -1 0
294 149 -1 0
293 149 -1 0
292 149 -1 0
291 149 -1 0
290 149 -1 0
289 149 -1 0
288 149 -1 0
287 149 -1 0
286 149 -1 0
285 149 -1 0
284 149 -1 0
283 149 -1 0
306 148 -1 0
304 148 -1 0
303 148 -1 0
302 148 -1 0
301 148 -1 0
300 148 -1 0
299 148 -1 0
298 148 -1 0
297 148 -1 0
296 148 -1 0
295 148 -1 0
294 148 -1 0
293 148 -1 0
292 148 -1 0
291 148 -1 0
290 148 -1 0
289 148 -1 0
288 148 -1 0
287 148 -1 0
286 148 -1 0
285 148 -1 0
284 148 -1 0
310 147 -1 0
309 147 -1 0
308 147 -1 0
307 147 -1 0
306 147 -1 0
305 147 -1 0
304 147 -1 0
303 147 -1 0
302 147 -1 0
301 147 -1 0
300 147 -1 0
299 147 -1 0
298 147 -1 0
297 147 -1 0
296 147 -1 0
295 147 -1 0
294 147 -1 0
293 147 -1 0
292 147 -1 0
291 147 -1 0
290 147 -1 0
289 147 -1 0
288 147 -1 0
287 147 -1 0
313 146 -1 0
312 146 -1 0
311 146 -1 0
310 146 -1 0
309 146 -1 0
308 146 -1 0
307 146 -1 0
306 146 -1 0
305 146 -1 0
304 146 -1 0
303 146 -1 0
302 146 -1 0
301 146 -1 0
300 146 -1 0
299 146 -1 0
298 146 -1 0
297 146 -1 0
296 146 -1 0
295 146 -1 0
294 146 -1 0
293 146 -1 0
292 146 -1 0
291 146 -1 0
290 146 -1 0
289 146 -1 0
288 146 -1 0
314 145 -1 0
313 145 -1 0
312 145 -1 0
311 145 -1 0
310 145 -1 0
309 145 -1 0
308 145 -1 0
307 145 -1 0
306 145 -1 0
305 145 -1 0
304 145 -1 0
303 145 -1 0
302 145 -1 0
301 145 -1 0
300 145 -1 0
299 145 -1 0
298 145 -1 0
297 145 -1 0
296 145 -1 0
295 145 -1 0
294 145 -1 0
293 145 -1 0
292 145 -1 0
291 145 -1 0
290 145 -1 0
289 145 -1 0
288 145 -1 0
314 144 -1 0
313 144 -1 0
312 144 -1 0
311 144 -1 0
310 144 -1 0
309 144 -1 0
308 144 -1 0
307 144 -1 0
306 144 -1 0
305 144 -1 0
304 144 -1 0
303 144 -1 0
302 144 -1 0
301 144 -1 0
300 144 -1 0
299 144 -1 0
298 144 -1 0
297 144 -1 0
296 144 -1 0
295 144 -1 0
294 144 -1 0
293 144 -1 0
292 144 -1 0
291 144 -1 0
290 144 -1 0
289 144 -1 0
317 143 -1 0
316 143 -1 0
315 143 -1 0
314 143 -1 0
313 143 -1 0
312 143 -1 0
311 143 -1 0
310 143 -1 0
309 143 -1 0
308 143 -1 0
307 143 -1 0
306 143 -1 0
305 143 -1 0
304 143 -1 0
303 143 -1 0
302 143 -1 0
301 143 -1 0
300 143 -1 0
299 143 -1 0
298 143 -1 0
297 143 -1 0
296 143 -1 0
295 143 -1 0
294 143 -1 0
293 143 -1 0
292 143 -1 0
318 142 -1 0
317 142 -1 0
316 142 -1 0
315 142 -1 0
314 142 -1 0
313 142 -1 0
312 142 -1 0
311 142 -1 0
310 142 -1 0
309 142 -1 0
308 142 -1 0
307 142 -1 0
306 142 -1 0
305 142 -1 0
304 142 -1 0
303 142 -1 0
302 142 -1 0
301 142 -1 0
300 142 -1 0
299 142 -1 0
298 142 -1 0
297 142 -1 0
296 142 -1 0
321 141 -1 0
320 141 -1 0
319 141 -1 0
318 141 -1 0
317 141 -1 0
316 141 -1 0
315 141 -1 0
314 141 -1 0
313 141 -1 0
312 141 -1 0
311 141 -1 0
310 141 -1 0
309 141 -1 0
308 141 -1 0
307 141 -1 0
306 141 -1 0
305 141 -1 0
304 141 -1 0
303 141 -1 0
302 141 -1 0
300 141 -1 0
324 140 -1 0
322 140 -1 0
321 140 -1 0
320 140 -1 0
319 140 -1 0
318 140 -1 0
317 140 -1 0
316 140 -1 0
315 140 -1 0
314 140 -1 0
313 140 -1 0
312 140 -1 0
311 140 -1 0
310 140 -1 0
309 140 -1 0
308 140 -1 0
307 140 -1 0
306 140 -1 0
305 140 -1 0
304 140 -1 0
303 140 -1 0
302 140 -1 0
327 139 -1 0
326 139 -1 0
325 139 -1 0
324 139 -1 0
323 139 -1 0
322 139 -1 0
321 139 -1 0
320 139 -1 0
319 139 -1 0
318 139 -1 0
317 139 -1 0
316 139 -1 0
315 139 -1 0
314 139 -1 0
313 139 -1 0
312 139 -1 0
311 139 -1 0
310 139 -1 0
309 139 -1 0
308 139 -1 0
307 139 -1 0
306 139 -1 0
305 139 -1 0
304 139 -1 0
303 139 -1 0
328 138 -1 0
327 138 -1 0
326 138 -1 0
325 138 -1 0
324 138 -1 0
323 138 -1 0
322 138 -1 0
321 138 -1 0
320 138 -1 0
319 138 -1 0
318 138 -1 0
317 138 -1 0
316 138 -1 0
315 138 -1 0
314 138 -1 0
313 138 -1 0
312 138 -1 0
311 138 -1 0
310 138 -1 0
309 138 -1 0
308 138 -1 0
307 138 -1 0
306 138 -1 0
328 137 -1 0
327 137 -1 0
326 137 -1 0
325 137 -1 0
324 137 -1 0
323 137 -1 0
322 137 -1 0
321 137 -1 0
320 137 -1 0
319 137 -1 0
318 137 -1 0
317 137 -1 0
316 137 -1 0
315 137 -1 0
314 137 -1 0
313 137 -1 0
312 137 -1 0
311 137 -1 0
310 137 -1 0
328 136 -1 0
327 136 -1 0
326 136 -1 0
325 136 -1 0
324 136 -1 0
323 136 -1 0
322 136 -1 0
321 136 -1 0
320 136 -1 0
319 136 -1 0
318 136 -1 0
317 136 -1 0
316 136 -1 0
315 136 -1 0
314 136 -1 0
313 136 -1 0
312 136 -1 0
311 136 -1 0
310 136 -1 0
329 135 -1 0
328 135 -1 0
327 135 -1 0
326 135 -1 0
325 135 -1 0
324 135 -1 0
323 135 -1 0
322 135 -1 0
321 135 -1 0
320 135 -1 0
319 135 -1 0
318 135 -1 0
317 135 -1 0
316 135 -1 0
315 135 -1 0
314 135 -1 0
313 135 -1 0
312 135 -1 0
311 135 -1 0
334 134 -1 0
333 134 -1 0
332 134 -1 0
331 134 -1 0
330 134 -1 0
329 134 -1 0
328 134 -1 0
327 134 -1 0
326 134 -1 0
325 134 -1 0
324 134 -1 0
323 134 -1 0
322 134 -1 0
321 134 -1 0
320 134 -1 0
319 134 -1 0
318 134 -1 0
317 134 -1 0
316 134 -1 0
315 134 -1 0
314 134 -1 0
337 133 -1 0
336 133 -1 0
335 133 -1 0
334 133 -1 0
333 133 -1 0
332 133 -1 0
331 133 -1 0
330 133 -1 0
329 133 -1 0
328 133 -1 0
327 133 -1 0
326 133 -1 0
325 133 -1 0
324 133 -1 0
323 133 -1 0
322 133 -1 0
321 133 -1 0
320 133 -1 0
319 133 -1 0
318 133 -1 0
317 133 -1 0
316 133 -1 0
315 133 -1 0
338 132 -1 0
337 132 -1 0
336 132 -1 0
335 132 -1 0
334 132 -1 0
333 132 -1 0
332 132 -1 0
331 132 -1 0
330 132 -1 0
329 132 -1 0
328 132 -1 0
327 132 -1 0
326 132 -1 0
325 132 -1 0
324 132 -1 0
323 132 -1 0
322 132 -1 0
321 132 -1 0
320 132 -1 0
319 132 -1 0
318 132 -1 0
200 132 -1 0
341 131 -1 0
340 131 -1 0
339 131 -1 0
338 131 -1 0
337 131 -1 0
336 131 -1 0
335 131 -1 0
334 131 -1 0
333 131 -1 0
332 131 -1 0
331 131 -1 0
330 131 -1 0
329 131 -1 0
328 131 -1 0
327 131 -1 0
326 131 -1 0
325 131 -1 0
324 131 -1 0
323 131 -1 0
322 131 -1 0
321 131 -1 0
320 131 -1 0
319 131 -1 0
203 131 -1 0
202 131 -1 0
201 131 -1 0
200 131 -1 0
199 131 -1 0
198 131 -1 0
197 131 -1 0
342 130 -1 0
341 130 -1 0
340 130 -1 0
339 130 -1 0
338 130 -1 0
337 130 -1 0
336 130 -1 0
335 130 -1 0
334 130 -1 0
333 130 -1 0
332 130 -1 0
331 130 -1 0
330 130 -1 0
329 130 -1 0
328 130 -1 0
327 130 -1 0
326 130 -1 0
325 130 -1 0
324 130 -1 0
323 130 -1 0
322 130 -1 0
321 130 -1 0
320 130 -1 0
319 130 -1 0
204 130 -1 0
203 130 -1 0
202 130 -1 0
201 130 -1 0
200 130 -1 0
199 130 -1 0
198 130 -1 0
197 130 -1 0
196 130 -1 0
342 129 -1 0
341 129 -1 0
340 129 -1 0
339 129 -1 0
338 129 -1 0
337 129 -1 0
336 129 -1 0
335 129 -1 0
334 129 -1 0
333 129 -1 0
332 129 -1 0
331 129 -1 0
330 129 -1 0
329 129 -1 0
328 129 -1 0
327 129 -1 0
326 129 -1 0
325 129 -1 0
324 129 -1 0
323 129 -1 0
322 129 -1 0
321 129 -1 0
320 129 -1 0
204 129 -1 0
203 129 -1 0
202 129 -1 0
201 129 -1 0
200 129 -1 0
199 129 -1 0
198 129 -1 0
197 129 -1 0
196 129 -1 0
344 128 -1 0
342 128 -1 0
341 128 -1 0
340 128 -1 0
339 128 -1 0
338 128 -1 0
337 128 -1 0
336 128 -1 0
335 128 -1 0
334 128 -1 0
333 128 -1 0
332 128 -1 0
331 128 -1 0
330 128 -1 0
329 128 -1 0
328 128 -1 0
327 128 -1 0
326 128 -1 0
325 128 -1 0
324 128 -1 0
323 128 -1 0
322 128 -1 0
321 128 -1 0
204 128 -1 0
203 128 -1 0
202 128 -1 0
201 128 -1 0
200 128 -1 0
199 128 -1 0
198 128 -1 0
197 128 -1 0
196 128 -1 0
347 127 -1 0
346 127 -1 0
345 127 -1 0
344 127 -1 0
343 127 -1 0
342 127 -1 0
341 127 -1 0
340 127 -1 0
339 127 -1 0
338 127 -1 0
337 127 -1 0
336 127 -1 0
335 127 -1 0
334 127 -1 0
333 127 -1 0
332 127 -1 0
331 127 -1 0
330 127 -1 0
329 127 -1 0
328 127 -1 0
327 127 -1 0
326 127 -1 0
325 127 -1 0
324 127 -1 0
323 127 -1 0
322 127 -1 0
205 127 -1 0
204 127 -1 0
203 127 -1 0
202 127 -1 0
201 127 -1 0
200 127 -1 0
199 127 -1 0
198 127 -1 0
197 127 -1 0
196 127 -1 0
195 127 -1 0
348 126 -1 0
347 126 -1 0
346 126 -1 0
345 126 -1 0
344 126 -1 0
343 126 -1 0
342 126 -1 0
341 126 -1 0
340 126 -1 0
339 126 -1 0
338 126 -1 0
337 126 -1 0
336 126 -1 0
335 126 -1 0
334 126 -1 0
333 126 -1 0
332 126 -1 0
331 126 -1 0
330 126 -1 0
329 126 -1 0
328 126 -1 0
327 126 -1 0
326 126 -1 0
325 126 -1 0
324 126 -1 0
323 126 -1 0
205 126 -1 0
204 126 -1 0
203 126 -1 0
202 126 -1 0
201 126 -1 0
200 126 -1 0
199 126 -1 0
198 126 -1 0
197 126 -1 0
196 126 -1 0
195 126 -1 0
348 125 -1 0
347 125 -1 0
346 125 -1 0
345 125 -1 0
344 125 -1 0
343 125 -1 0
342 125 -1 0
341 125 -1 0
340 125 -1 0
339 125 -1 0
338 125 -1 0
337 125 -1 0
336 125 -1 0
335 125 -1 0
334 125 -1 0
333 125 -1 0
332 125 -1 0
331 125 -1 0
330 125 -1 0
329 125 -1 0
328 125 -1 0
327 125 -1 0
326 125 -1 0
325 125 -1 0
205 125 -1 0
204 125 -1 0
203 125 -1 0
202 125 -1 0
201 125 -1 0
200 125 -1 0
199 125 -1 0
198 125 -1 0
197 125 -1 0
196 125 -1 0
195 125 -1 0
351 124 -1 0
348 124 -1 0
347 124 -1 0
346 124 -1 0
345 124 -1 0
344 124 -1 0
343 124 -1 0
342 124 -1 0
341 124 -1 0
340 124 -1 0
339 124 -1 0
338 124 -1 0
337 124 -1 0
336 124 -1 0
335 124 -1 0
334 124 -1 0
333 124 -1 0
332 124 -1 0
331 124 -1 0
330 124 -1 0
329 124 -1 0
328 124 -1 0
205 124 -1 0
204 124 -1 0
203 124 -1 0
202 124 -1 0
201 124 -1 0
200 124 -1 0
199 124 -1 0
198 124 -1 0
197 124 -1 0
196 124 -1 0
195 124 -1 0
354 123 -1 0
353 123 -1 0
352 123 -1 0
351 123 -1 0
350 123 -1 0
349 123 -1 0
348 123 -1 0
347 123 -1 0
346 123 -1 0
345 123 -1 0
344 123 -1 0
343 123 -1 0
342 123 -1 0
341 123 -1 0
340 123 -1 0
339 123 -1 0
338 123 -1 0
337 123 -1 0
336 123 -1 0
335 123 -1 0
204 123 -1 0
203 123 -1 0
202 123 -1 0
201 123 -1 0
200 123 -1 0
199 123 -1 0
198 123 -1 0
197 123 -1 0
196 123 -1 0
355 122 -1 0
354 122 -1 0
353 122 -1 0
352 122 -1 0
351 122 -1 0
350 122 -1 0
349 122 -1 0
348 122 -1 0
347 122 -1 0
346 122 -1 0
345 122 -1 0
344 122 -1 0
343 122 -1 0
342 122 -1 0
341 122 -1 0
340 122 -1 0
338 122 -1 0
205 122 -1 0
204 122 -1 0
203 122 -1 0
202 122 -1 0
201 122 -1 0
200 122 -1 0
199 122 -1 0
198 122 -1 0
197 122 -1 0
196 122 -1 0
195 122 -1 0
355 121 -1 0
354 121 -1 0
353 121 -1 0
352 121 -1 0
351 121 -1 0
350 121 -1 0
349 121 -1 0
348 121 -1 0
347 121 -1 0
346 121 -1 0
345 121 -1 0
344 121 -1 0
343 121 -1 0
342 121 -1 0
341 121 -1 0
340 121 -1 0
205 121 -1 0
204 121 -1 0
203 121 -1 0
202 121 -1 0
201 121 -1 0
200 121 -1 0
199 121 -1 0
198 121 -1 0
197 121 -1 0
196 121 -1 0
195 121 -1 0
355 120 -1 0
354 120 -1 0
353 120 -1 0
352 120 -1 0
351 120 -1 0
350 120 -1 0
349 120 -1 0
348 120 -1 0
347 120 -1 0
346 120 -1 0
345 120 -1 0
344 120 -1 0
343 120 -1 0
342 120 -1 0
341 120 -1 0
340 120 -1 0
205 120 -1 0
204 120 -1 0
203 120 -1 0
202 120 -1 0
201 120 -1 0
200 120 -1 0
199 120 -1 0
198 120 -1 0
197 120 -1 0
196 120 -1 0
195 120 -1 0
356 119 -1 0
355 119 -1 0
354 119 -1 0
353 119 -1 0
352 119 -1 0
351 119 -1 0
350 119 -1 0
349 119 -1 0
348 119 -1 0
347 119 -1 0
346 119 -1 0
345 119 -1 0
344 119 -1 0
343 119 -1 0
342 119 -1 0
341 119 -1 0
204 119 -1 0
203 119 -1 0
202 119 -1 0
201 119 -1 0
200 119 -1 0
199 119 -1 0
198 119 -1 0
197 119 -1 0
196 119 -1 0
359 118 -1 0
358 118 -1 0
357 118 -1 0
356 118 -1 0
355 118 -1 0
354 118 -1 0
353 118 -1 0
352 118 -1 0
351 118 -1 0
350 118 -1 0
349 118 -1 0
348 118 -1 0
347 118 -1 0
344 118 -1 0
204 118 -1 0
203 118 -1 0
202 118 -1 0
201 118 -1 0
200 118 -1 0
199 118 -1 0
198 118 -1 0
197 118 -1 0
196 118 -1 0
360 117 -1 0
359 117 -1 0
358 117 -1 0
357 117 -1 0
356 117 -1 0
355 117 -1 0
354 117 -1 0
353 117 -1 0
352 117 -1 0
351 117 -1 0
350 117 -1 0
349 117 -1 0
348 117 -1 0
347 117 -1 0
205 117 -1 0
204 117 -1 0
203 117 -1 0
202 117 -1 0
201 117 -1 0
200 117 -1 0
199 117 -1 0
198 117 -1 0
197 117 -1 0
196 117 -1 0
195 117 -1 0
360 116 -1 0
359 116 -1 0
358 116 -1 0
357 116 -1 0
356 116 -1 0
355 116 -1 0
354 116 -1 0
353 116 -1 0
352 116 -1 0
351 116 -1 0
350 116 -1 0
349 116 -1 0
348 116 -1 0
347 116 -1 0
205 116 -1 0
204 116 -1 0
203 116 -1 0
202 116 -1 0
201 116 -1 0
200 116 -1 0
199 116 -1 0
198 116 -1 0
197 116 -1 0
196 116 -1 0
195 116 -1 0
362 115 -1 0
360 115 -1 0
359 115 -1 0
358 115 -1 0
357 115 -1 0
356 115 -1 0
355 115 -1 0
354 115 -1 0
353 115 -1 0
352 115 -1 0
351 115 -1 0
350 115 -1 0
349 115 -1 0
348 115 -1 0
204 115 -1 0
203 115 -1 0
202 115 -1 0
201 115 -1 0
200 115 -1 0
199 115 -1 0
198 115 -1 0
197 115 -1 0
196 115 -1 0
365 114 -1 0
364 114 -1 0
363 114 -1 0
362 114 -1 0
361 114 -1 0
360 114 -1 0
359 114 -1 0
358 114 -1 0
357 114 -1 0
356 114 -1 0
355 114 -1 0
354 114 -1 0
353 114 -1 0
352 114 -1 0
351 114 -1 0
205 114 -1 0
204 114 -1 0
203 114 -1 0
202 114 -1 0
201 114 -1 0
200 114 -1 0
199 114 -1 0
198 114 -1 0
197 114 -1 0
196 114 -1 0
195 114 -1 0
366 113 -1 0
365 113 -1 0
364 113 -1 0
363 113 -1 0
362 113 -1 0
361 113 -1 0
360 113 -1 0
359 113 -1 0
358 113 -1 0
357 113 -1 0
356 113 -1 0
355 113 -1 0
354 113 -1 0
353 113 -1 0
352 113 -1 0
205 113 -1 0
204 113 -1 0
203 113 -1 0
202 113 -1 0
201 113 -1 0
200 113 -1 0
199 113 -1 0
198 113 -1 0
197 113 -1 0
196 113 -1 0
195 113 -1 0
366 112 -1 0
365 112 -1 0
364 112 -1 0
363 112 -1 0
362 112 -1 0
361 112 -1 0
360 112 -1 0
359 112 -1 0
358 112 -1 0
357 112 -1 0
356 112 -1 0
355 112 -1 0
354 112 -1 0
353 112 -1 0
352 112 -1 0
205 112 -1 0
204 112 -1 0
203 112 -1 0
202 112 -1 0
201 112 -1 0
200 112 -1 0
199 112 -1 0
198 112 -1 0
197 112 -1 0
196 112 -1 0
195 112 -1 0
366 111 -1 0
365 111 -1 0
364 111 -1 0
363 111 -1 0
362 111 -1 0
361 111 -1 0
360 111 -1 0
359 111 -1 0
358 111 -1 0
357 111 -1 0
356 111 -1 0
355 111 -1 0
354 111 -1 0
353 111 -1 0
352 111 -1 0
204 111 -1 0
203 111 -1 0
202 111 -1 0
201 111 -1 0
200 111 -1 0
199 111 -1 0
198 111 -1 0
197 111 -1 0
196 111 -1 0
367 110 -1 0
366 110 -1 0
365 110 -1 0
364 110 -1 0
363 110 -1 0
362 110 -1 0
361 110 -1 0
360 110 -1 0
359 110 -1 0
358 110 -1 0
357 110 -1 0
356 110 -1 0
355 110 -1 0
354 110 -1 0
353 110 -1 0
205 110 -1 0
204 110 -1 0
203 110 -1 0
202 110 -1 0
201 110 -1 0
200 110 -1 0
199 110 -1 0
198 110 -1 0
197 110 -1 0
196 110 -1 0
195 110 -1 0
366 109 -1 0
365 109 -1 0
364 109 -1 0
363 109 -1 0
362 109 -1 0
361 109 -1 0
360 109 -1 0
359 109 -1 0
358 109 -1 0
356 109 -1 0
205 109 -1 0
204 109 -1 0
203 109 -1 0
202 109 -1 0
201 109 -1 0
200 109 -1 0
199 109 -1 0
198 109 -1 0
197 109 -1 0
196 109 -1 0
195 109 -1 0
368 108 -1 0
366 108 -1 0
365 108 -1 0
364 108 -1 0
363 108 -1 0
362 108 -1 0
361 108 -1 0
360 108 -1 0
359 108 -1 0
358 108 -1 0
204 108 -1 0
203 108 -1 0
202 108 -1 0
201 108 -1 0
200 108 -1 0
199 108 -1 0
198 108 -1 0
197 108 -1 0
196 108 -1 0
371 107 -1 0
370 107 -1 0
369 107 -1 0
368 107 -1 0
367 107 -1 0
366 107 -1 0
365 107 -1 0
364 107 -1 0
363 107 -1 0
362 107 -1 0
361 107 -1 0
360 107 -1 0
359 107 -1 0
358 107 -1 0
205 107 -1 0
204 107 -1 0
203 107 -1 0
202 107 -1 0
201 107 -1 0
200 107 -1 0
199 107 -1 0
198 107 -1 0
197 107 -1 0
196 107 -1 0
195 107 -1 0
372 106 -1 0
371 106 -1 0
370 106 -1 0
369 106 -1 0
368 106 -1 0
367 106 -1 0
366 106 -1 0
365 106 -1 0
364 106 -1 0
363 106 -1 0
362 106 -1 0
361 106 -1 0
360 106 -1 0
359 106 -1 0
204 106 -1 0
203 106 -1 0
202 106 -1 0
201 106 -1 0
200 106 -1 0
199 106 -1 0
198 106 -1 0
197 106 -1 0
196 106 -1 0
372 105 -1 0
371 105 -1 0
370 105 -1 0
369 105 -1 0
368 105 -1 0
367 105 -1 0
366 105 -1 0
365 105 -1 0
364 105 -1 0
362 105 -1 0
205 105 -1 0
204 105 -1 0
203 105 -1 0
202 105 -1 0
201 105 -1 0
200 105 -1 0
199 105 -1 0
198 105 -1 0
197 105 -1 0
196 105 -1 0
195 105 -1 0
372 104 -1 0
371 104 -1 0
370 104 -1 0
369 104 -1 0
368 104 -1 0
367 104 -1 0
366 104 -1 0
365 104 -1 0
364 104 -1 0
204 104 -1 0
203 104 -1 0
202 104 -1 0
201 104 -1 0
200 104 -1 0
199 104 -1 0
198 104 -1 0
197 104 -1 0
196 104 -1 0
375 103 -1 0
374 103 -1 0
373 103 -1 0
372 103 -1 0
371 103 -1 0
370 103 -1 0
369 103 -1 0
368 103 -1 0
367 103 -1 0
366 103 -1 0
365 103 -1 0
364 103 -1 0
363 103 -1 0
204 103 -1 0
203 103 -1 0
202 103 -1 0
201 103 -1 0
200 103 -1 0
199 103 -1 0
198 103 -1 0
197 103 -1 0
196 103 -1 0
376 102 -1 0
375 102 -1 0
374 102 -1 0
373 102 -1 0
372 102 -1 0
371 102 -1 0
370 102 -1 0
369 102 -1 0
368 102 -1 0
367 102 -1 0
366 102 -1 0
365 102 -1 0
364 102 -1 0
205 102 -1 0
204 102 -1 0
203 102 -1 0
202 102 -1 0
201 102 -1 0
200 102 -1 0
199 102 -1 0
198 102 -1 0
197 102 -1 0
196 102 -1 0
195 102 -1 0
376 101 -1 0
375 101 -1 0
374 101 -1 0
373 101 -1 0
372 101 -1 0
371 101 -1 0
370 101 -1 0
369 101 -1 0
368 101 -1 0
367 101 -1 0
366 101 -1 0
365 101 -1 0
364 101 -1 0
204 101 -1 0
203 101 -1 0
202 101 -1 0
201 101 -1 0
200 101 -1 0
199 101 -1 0
198 101 -1 0
197 101 -1 0
196 101 -1 0
376 100 -1 0
375 100 -1 0
374 100 -1 0
373 100 -1 0
372 100 -1 0
371 100 -1 0
370 100 -1 0
369 100 -1 0
368 100 -1 0
367 100 -1 0
366 100 -1 0
365 100 -1 0
364 100 -1 0
204 100 -1 0
203 100 -1 0
202 100 -1 0
201 100 -1 0
200 100 -1 0
199 100 -1 0
198 100 -1 0
197 100 -1 0
196 100 -1 0
377 99 -1 0
376 99 -1 0
375 99 -1 0
374 99 -1 0
373 99 -1 0
372 99 -1 0
371 99 -1 0
370 99 -1 0
369 99 -1 0
368 99 -1 0
367 99 -1 0
366 99 -1 0
365 99 -1 0
205 99 -1 0
204 99 -1 0
203 99 -1 0
202 99 -1 0
201 99 -1 0
200 99 -1 0
199 99 -1 0
198 99 -1 0
197 99 -1 0
196 99 -1 0
195 99 -1 0
376 98 -1 0
375 98 -1 0
374 98 -1 0
373 98 -1 0
372 98 -1 0
371 98 -1 0
370 98 -1 0
369 98 -1 0
368 98 -1 0
204 98 -1 0
203 98 -1 0
202 98 -1 0
201 98 -1 0
200 98 -1 0
199 98 -1 0
198 98 -1 0
197 98 -1 0
196 98 -1 0
379 97 -1 0
378 97 -1 0
377 97 -1 0
376 97 -1 0
375 97 -1 0
374 97 -1 0
373 97 -1 0
372 97 -1 0
371 97 -1 0
370 97 -1 0
369 97 -1 0
368 97 -1 0
204 97 -1 0
203 97 -1 0
202 97 -1 0
201 97 -1 0
200 97 -1 0
199 97 -1 0
198 97 -1 0
197 97 -1 0
196 97 -1 0
380 96 -1 0
379 96 -1 0
378 96 -1 0
377 96 -1 0
376 96 -1 0
375 96 -1 0
374 96 -1 0
373 96 -1 0
372 96 -1 0
371 96 -1 0
370 96 -1 0
369 96 -1 0
368 96 -1 0
205 96 -1 0
204 96 -1 0
203 96 -1 0
202 96 -1 0
201 96 -1 0
200 96 -1 0
199 96 -1 0
198 96 -1 0
197 96 -1 0
196 96 -1 0
195 96 -1 0
380 95 -1 0
379 95 -1 0
378 95 -1 0
377 95 -1 0
376 95 -1 0
375 95 -1 0
374 95 -1 0
373 95 -1 0
372 95 -1 0
371 95 -1 0
370 95 -1 0
369 95 -1 0
205 95 -1 0
204 95 -1 0
203 95 -1 0
202 95 -1 0
201 95 -1 0
200 95 -1 0
199 95 -1 0
198 95 -1 0
197 95 -1 0
196 95 -1 0
195 95 -1 0
380 94 -1 0
379 94 -1 0
378 94 -1 0
377 94 -1 0
376 94 -1 0
375 94 -1 0
374 94 -1 0
373 94 -1 0
372 94 -1 0
204 94 -1 0
203 94 -1 0
202 94 -1 0
201 94 -1 0
200 94 -1 0
199 94 -1 0
198 94 -1 0
197 94 -1 0
196 94 -1 0
381 93 -1 0
380 93 -1 0
379 93 -1 0
378 93 -1 0
377 93 -1 0
376 93 -1 0
375 93 -1 0
374 93 -1 0
373 93 -1 0
372 93 -1 0
371 93 -1 0
205 93 -1 0
204 93 -1 0
203 93 -1 0
202 93 -1 0
201 93 -1 0
200 93 -1 0
199 93 -1 0
198 93 -1 0
197 93 -1 0
196 93 -1 0
382 92 -1 0
381 92 -1 0
380 92 -1 0
379 92 -1 0
378 92 -1 0
377 92 -1 0
376 92 -1 0
375 92 -1 0
374 92 -1 0
373 92 -1 0
372 92 -1 0
206 92 -1 0
205 92 -1 0
204 92 -1 0
203 92 -1 0
202 92 -1 0
201 92 -1 0
200 92 -1 0
199 92 -1 0
198 92 -1 0
197 92 -1 0
196 92 -1 0
195 92 -1 0
383 91 -1 0
382 91 -1 0
381 91 -1 0
380 91 -1 0
379 91 -1 0
378 91 -1 0
377 91 -1 0
376 91 -1 0
375 91 -1 0
374 91 -1 0
373 91 -1 0
372 91 -1 0
206 91 -1 0
205 91 -1 0
204 91 -1 0
203 91 -1 0
202 91 -1 0
201 91 -1 0
200 91 -1 0
199 91 -1 0
198 91 -1 0
197 91 -1 0
196 91 -1 0
383 90 -1 0
382 90 -1 0
381 90 -1 0
380 90 -1 0
379 90 -1 0
378 90 -1 0
377 90 -1 0
376 90 -1 0
375 90 -1 0
374 90 -1 0
373 90 -1 0
372 90 -1 0
207 90 -1 0
206 90 -1 0
205 90 -1 0
204 90 -1 0
203 90 -1 0
202 90 -1 0
201 90 -1 0
200 90 -1 0
199 90 -1 0
198 90 -1 0
197 90 -1 0
196 90 -1 0
383 89 -1 0
382 89 -1 0
381 89 -1 0
380 89 -1 0
379 89 -1 0
378 89 -1 0
377 89 -1 0
376 89 -1 0
375 89 -1 0
374 89 -1 0
373 89 -1 0
207 89 -1 0
206 89 -1 0
205 89 -1 0
204 89 -1 0
203 89 -1 0
202 89 -1 0
201 89 -1 0
200 89 -1 0
199 89 -1 0
198 89 -1 0
197 89 -1 0
196 89 -1 0
384 88 -1 0
383 88 -1 0
382 88 -1 0
381 88 -1 0
380 88 -1 0
379 88 -1 0
378 88 -1 0
377 88 -1 0
376 88 -1 0
375 88 -1 0
374 88 -1 0
207 88 -1 0
206 88 -1 0
205 88 -1 0
204 88 -1 0
203 88 -1 0
202 88 -1 0
201 88 -1 0
200 88 -1 0
199 88 -1 0
198 88 -1 0
197 88 -1 0
384 87 -1 0
383 87 -1 0
382 87 -1 0
381 87 -1 0
380 87 -1 0
379 87 -1 0
378 87 -1 0
377 87 -1 0
376 87 -1 0
375 87 -1 0
208 87 -1 0
207 87 -1 0
206 87 -1 0
205 87 -1 0
204 87 -1 0
203 87 -1 0
202 87 -1 0
201 87 -1 0
200 87 -1 0
199 87 -1 0
198 87 -1 0
384 86 -1 0
383 86 -1 0
382 86 -1 0
381 86 -1 0
380 86 -1 0
379 86 -1 0
378 86 -1 0
377 86 -1 0
376 86 -1 0
375 86 -1 0
208 86 -1 0
207 86 -1 0
206 86 -1 0
205 86 -1 0
204 86 -1 0
203 86 -1 0
202 86 -1 0
201 86 -1 0
200 86 -1 0
199 86 -1 0
198 86 -1 0
385 85 -1 0
384 85 -1 0
383 85 -1 0
382 85 -1 0
381 85 -1 0
380 85 -1 0
379 85 -1 0
378 85 -1 0
377 85 -1 0
376 85 -1 0
375 85 -1 0
208 85 -1 0
207 85 -1 0
206 85 -1 0
205 85 -1 0
204 85 -1 0
203 85 -1 0
202 85 -1 0
201 85 -1 0
200 85 -1 0
199 85 -1 0
384 84 -1 0
383 84 -1 0
382 84 -1 0
381 84 -1 0
380 84 -1 0
379 84 -1 0
378 84 -1 0
377 84 -1 0
376 84 -1 0
209 84 -1 0
208 84 -1 0
207 84 -1 0
206 84 -1 0
205 84 -1 0
204 84 -1 0
203 84 -1 0
202 84 -1 0
201 84 -1 0
200 84 -1 0
199 84 -1 0
385 83 -1 0
384 83 -1 0
383 83 -1 0
382 83 -1 0
381 83 -1 0
380 83 -1 0
379 83 -1 0
378 83 -1 0
377 83 -1 0
376 83 -1 0
209 83 -1 0
208 83 -1 0
207 83 -1 0
206 83 -1 0
205 83 -1 0
204 83 -1 0
203 83 -1 0
202 83 -1 0
201 83 -1 0
200 83 -1 0
386 82 -1 0
385 82 -1 0
384 82 -1 0
383 82 -1 0
382 82 -1 0
381 82 -1 0
380 82 -1 0
379 82 -1 0
378 82 -1 0
377 82 -1 0
376 82 -1 0
209 82 -1 0
208 82 -1 0
207 82 -1 0
206 82 -1 0
205 82 -1 0
204 82 -1 0
203 82 -1 0
202 82 -1 0
201 82 -1 0
200 82 -1 0
199 82 -1 0
386 81 -1 0
385 81 -1 0
384 81 -1 0
383 81 -1 0
382 81 -1 0
381 81 -1 0
380 81 -1 0
379 81 -1 0
378 81 -1 0
377 81 -1 0
209 81 -1 0
208 81 -1 0
207 81 -1 0
206 81 -1 0
205 81 -1 0
204 81 -1 0
203 81 -1 0
202 81 -1 0
201 81 -1 0
200 81 -1 0
386 80 -1 0
385 80 -1 0
384 80 -1 0
383 80 -1 0
382 80 -1 0
381 80 -1 0
380 80 -1 0
379 80 -1 0
378 80 -1 0
210 80 -1 0
209 80 -1 0
208 80 -1 0
207 80 -1 0
206 80 -1 0
205 80 -1 0
204 80 -1 0
203 80 -1 0
202 80 -1 0
201 80 -1 0
200 80 -1 0
387 79 -1 0
386 79 -1 0
385 79 -1 0
384 79 -1 0
383 79 -1 0
382 79 -1 0
381 79 -1 0
380 79 -1 0
379 79 -1 0
378 79 -1 0
377 79 -1 0
209 79 -1 0
208 79 -1 0
207 79 -1 0
206 79 -1 0
205 79 -1 0
204 79 -1 0
203 79 -1 0
202 79 -1 0
201 79 -1 0
200 79 -1 0
387 78 -1 0
386 78 -1 0
385 78 -1 0
384 78 -1 0
383 78 -1 0
382 78 -1 0
381 78 -1 0
380 78 -1 0
379 78 -1 0
378 78 -1 0
209 78 -1 0
208 78 -1 0
207 78 -1 0
206 78 -1 0
205 78 -1 0
204 78 -1 0
203 78 -1 0
202 78 -1 0
201 78 -1 0
387 77 -1 0
386 77 -1 0
385 77 -1 0
384 77 -1 0
383 77 -1 0
382 77 -1 0
381 77 -1 0
380 77 -1 0
379 77 -1 0
378 77 -1 0
210 77 -1 0
209 77 -1 0
208 77 -1 0
207 77 -1 0
206 77 -1 0
205 77 -1 0
204 77 -1 0
203 77 -1 0
202 77 -1 0
201 77 -1 0
200 77 -1 0
387 76 -1 0
386 76 -1 0
385 76 -1 0
384 76 -1 0
383 76 -1 0
382 76 -1 0
381 76 -1 0
380 76 -1 0
379 76 -1 0
378 76 -1 0
211 76 -1 0
210 76 -1 0
209 76 -1 0
208 76 -1 0
207 76 -1 0
206 76 -1 0
205 76 -1 0
204 76 -1 0
203 76 -1 0
202 76 -1 0
201 76 -1 0
388 75 -1 0
387 75 -1 0
386 75 -1 0
385 75 -1 0
384 75 -1 0
383 75 -1 0
382 75 -1 0
381 75 -1 0
380 75 -1 0
379 75 -1 0
378 75 -1 0
212 75 -1 0
211 75 -1 0
210 75 -1 0
209 75 -1 0
208 75 -1 0
207 75 -1 0
206 75 -1 0
205 75 -1 0
204 75 -1 0
203 75 -1 0
202 75 -1 0
201 75 -1 0
387 74 -1 0
386 74 -1 0
385 74 -1 0
384 74 -1 0
383 74 -1 0
382 74 -1 0
381 74 -1 0
380 74 -1 0
379 74 -1 0
212 74 -1 0
211 74 -1 0
210 74 -1 0
209 74 -1 0
208 74 -1 0
207 74 -1 0
206 74 -1 0
205 74 -1 0
204 74 -1 0
203 74 -1 0
202 74 -1 0
201 74 -1 0
387 73 -1 0
386 73 -1 0
385 73 -1 0
384 73 -1 0
383 73 -1 0
382 73 -1 0
381 73 -1 0
380 73 -1 0
379 73 -1 0
212 73 -1 0
211 73 -1 0
210 73 -1 0
209 73 -1 0
208 73 -1 0
207 73 -1 0
206 73 -1 0
205 73 -1 0
204 73 -1 0
203 73 -1 0
202 73 -1 0
388 72 -1 0
387 72 -1 0
386 72 -1 0
385 72 -1 0
384 72 -1 0
383 72 -1 0
382 72 -1 0
381 72 -1 0
380 72 -1 0
379 72 -1 0
378 72 -1 0
213 72 -1 0
212 72 -1 0
211 72 -1 0
210 72 -1 0
209 72 -1 0
208 72 -1 0
207 72 -1 0
206 72 -1 0
205 72 -1 0
204 72 -1 0
203 72 -1 0
202 72 -1 0
387 71 -1 0
386 71 -1 0
385 71 -1 0
384 71 -1 0
383 71 -1 0
382 71 -1 0
381 71 -1 0
380 71 -1 0
379 71 -1 0
212 71 -1 0
211 71 -1 0
210 71 -1 0
209 71 -1 0
208 71 -1 0
207 71 -1 0
206 71 -1 0
205 71 -1 0
204 71 -1 0
203 71 -1 0
202 71 -1 0
387 70 -1 0
386 70 -1 0
385 70 -1 0
384 70 -1 0
383 70 -1 0
382 70 -1 0
381 70 -1 0
380 70 -1 0
379 70 -1 0
213 70 -1 0
212 70 -1 0
211 70 -1 0
210 70 -1 0
209 70 -1 0
208 70 -1 0
207 70 -1 0
206 70 -1 0
205 70 -1 0
204 70 -1 0
203 70 -1 0
387 69 -1 0
386 69 -1 0
385 69 -1 0
384 69 -1 0
383 69 -1 0
382 69 -1 0
381 69 -1 0
380 69 -1 0
379 69 -1 0
213 69 -1 0
212 69 -1 0
211 69 -1 0
210 69 -1 0
209 69 -1 0
208 69 -1 0
207 69 -1 0
206 69 -1 0
205 69 -1 0
204 69 -1 0
386 68 -1 0
385 68 -1 0
384 68 -1 0
383 68 -1 0
382 68 -1 0
381 68 -1 0
380 68 -1 0
213 68 -1 0
212 68 -1 0
211 68 -1 0
210 68 -1 0
209 68 -1 0
208 68 -1 0
207 68 -1 0
206 68 -1 0
205 68 -1 0
383 67 -1 0
214 67 -1 0
213 67 -1 0
212 67 -1 0
211 67 -1 0
210 67 -1 0
209 67 -1 0
208 67 -1 0
207 67 -1 0
206 67 -1 0
205 67 -1 0
204 67 -1 0
214 66 -1 0
213 66 -1 0
212 66 -1 0
211 66 -1 0
210 66 -1 0
209 66 -1 0
208 66 -1 0
207 66 -1 0
206 66 -1 0
205 66 -1 0
214 65 -1 0
213 65 -1 0
212 65 -1 0
211 65 -1 0
210 65 -1 0
209 65 -1 0
208 65 -1 0
207 65 -1 0
206 65 -1 0
205 65 -1 0
214 64 -1 0
213 64 -1 0
212 64 -1 0
211 64 -1 0
210 64 -1 0
209 64 -1 0
208 64 -1 0
207 64 -1 0
206 64 -1 0
205 64 -1 0
215 63 -1 0
214 63 -1 0
213 63 -1 0
212 63 -1 0
211 63 -1 0
210 63 -1 0
209 63 -1 0
208 63 -1 0
207 63 -1 0
206 63 -1 0
205 63 -1 0
214 62 -1 0
213 62 -1 0
212 62 -1 0
211 62 -1 0
210 62 -1 0
209 62 -1 0
208 62 -1 0
207 62 -1 0
206 62 -1 0
215 61 -1 0
214 61 -1 0
213 61 -1 0
212 61 -1 0
211 61 -1 0
210 61 -1 0
209 61 -1 0
208 61 -1 0
207 61 -1 0
206 61 -1 0
215 60 -1 0
214 60 -1 0
213 60 -1 0
212 60 -1 0
211 60 -1 0
210 60 -1 0
209 60 -1 0
208 60 -1 0
207 60 -1 0
206 60 -1 0
215 59 -1 0
214 59 -1 0
213 59 -1 0
212 59 -1 0
211 59 -1 0
210 59 -1 0
209 59 -1 0
208 59 -1 0
207 59 -1 0
206 59 -1 0
205 59 -1 0
216 58 -1 0
215 58 -1 0
214 58 -1 0
213 58 -1 0
212 58 -1 0
211 58 -1 0
210 58 -1 0
209 58 -1 0
208 58 -1 0
207 58 -1 0
206 58 -1 0
215 57 -1 0
214 57 -1 0
213 57 -1 0
212 57 -1 0
211 57 -1 0
210 57 -1 0
209 57 -1 0
208 57 -1 0
207 57 -1 0
206 57 -1 0
217 56 -1 0
216 56 -1 0
215 56 -1 0
214 56 -1 0
213 56 -1 0
212 56 -1 0
211 56 -1 0
210 56 -1 0
209 56 -1 0
208 56 -1 0
207 56 -1 0
206 56 -1 0
218 55 -1 0
217 55 -1 0
216 55 -1 0
215 55 -1 0
214 55 -1 0
213 55 -1 0
212 55 -1 0
211 55 -1 0
210 55 -1 0
209 55 -1 0
208 55 -1 0
207 55 -1 0
290 54 -1 1
218 54 -1 0
217 54 -1 0
216 54 -1 0
215 54 -1 0
214 54 -1 0
213 54 -1 0
212 54 -1 0
211 54 -1 0
210 54 -1 0
209 54 -1 0
208 54 -1 0
295 53 -1 1
294 53 -1 1
293 53 -1 1
292 53 -1 1
291 53 -1 1
290 53 -1 1
289 53 -1 1
288 53 -1 1
287 53 -1 1
218 53 -1 0
217 53 -1 0
216 53 -1 0
215 53 -1 0
214 53 -1 0
213 53 -1 0
212 53 -1 0
211 53 -1 0
210 53 -1 0
298 52 -1 1
297 52 -1 1
296 52 -1 1
295 52 -1 1
294 52 -1 1
293 52 -1 1
292 52 -1 1
291 52 -1 1
290 52 -1 1
289 52 -1 1
288 52 -1 1
287 52 -1 1
286 52 -1 1
219 52 -1 0
218 52 -1 0
217 52 -1 0
216 52 -1 0
215 52 -1 0
214 52 -1 0
213 52 -1 0
212 52 -1 0
211 52 -1 0
210 52 -1 0
209 52 -1 0
299 51 -1 1
298 51 -1 1
297 51 -1 1
296 51 -1 1
295 51 -1 1
294 51 -1 1
293 51 -1 1
292 51 -1 1
291 51 -1 1
290 51 -1 1
289 51 -1 1
288 51 -1 1
287 51 -1 1
286 51 -1 1
219 51 -1 0
218 51 -1 0
217 51 -1 0
216 51 -1 0
215 51 -1 0
214 51 -1 0
213 51 -1 0
212 51 -1 0
211 51 -1 0
210 51 -1 0
300 50 -1 1
299 50 -1 1
298 50 -1 1
297 50 -1 1
296 50 -1 1
295 50 -1 1
294 50 -1 1
293 50 -1 1
292 50 -1 1
291 50 -1 1
290 50 -1 1
289 50 -1 1
288 50 -1 1
287 50 -1 1
286 50 -1 1
219 50 -1 0
218 50 -1 0
217 50 -1 0
216 50 -1 0
215 50 -1 0
214 50 -1 0
213 50 -1 0
212 50 -1 0
211 50 -1 0
210 50 -1 0
303 49 -1 1
302 49 -1 1
301 49 -1 1
300 49 -1 1
299 49 -1 1
298 49 -1 1
297 49 -1 1
296 49 -1 1
295 49 -1 1
294 49 -1 1
293 49 -1 1
292 49 -1 1
291 49 -1 1
290 49 -1 1
289 49 -1 1
288 49 -1 1
287 49 -1 1
286 49 -1 1
285 49 -1 1
219 49 -1 0
218 49 -1 0
217 49 -1 0
216 49 -1 0
215 49 -1 0
214 49 -1 0
213 49 -1 0
212 49 -1 0
211 49 -1 0
210 49 -1 0
304 48 -1 1
303 48 -1 1
302 48 -1 1
301 48 -1 1
300 48 -1 1
299 48 -1 1
298 48 -1 1
297 48 -1 1
296 48 -1 1
295 48 -1 1
294 48 -1 1
293 48 -1 1
292 48 -1 1
291 48 -1 1
290 48 -1 1
289 48 -1 1
288 48 -1 1
287 48 -1 1
286 48 -1 1
220 48 -1 0
219 48 -1 0
218 48 -1 0
217 48 -1 0
216 48 -1 0
215 48 -1 0
214 48 -1 0
213 48 -1 0
212 48 -1 0
211 48 -1 0
210 48 -1 0
305 47 -1 1
304 47 -1 1
303 47 -1 1
302 47 -1 1
301 47 -1 1
300 47 -1 1
299 47 -1 1
298 47 -1 1
297 47 -1 1
296 47 -1 1
295 47 -1 1
294 47 -1 1
293 47 -1 1
292 47 -1 1
291 47 -1 1
290 47 -1 1
289 47 -1 1
288 47 -1 1
287 47 -1 1
286 47 -1 1
219 47 -1 0
218 47 -1 0
217 47 -1 0
216 47 -1 0
215 47 -1 0
214 47 -1 0
213 47 -1 0
212 47 -1 0
211 47 -1 0
306 46 -1 1
305 46 -1 1
304 46 -1 1
303 46 -1 1
302 46 -1 1
301 46 -1 1
300 46 -1 1
299 46 -1 1
298 46 -1 1
297 46 -1 1
296 46 -1 1
295 46 -1 1
294 46 -1 1
293 46 -1 1
292 46 -1 1
291 46 -1 1
290 46 -1 1
289 46 -1 1
288 46 -1 1
287 46 -1 1
286 46 -1 1
220 46 -1 0
219 46 -1 0
218 46 -1 0
217 46 -1 0
216 46 -1 0
215 46 -1 0
214 46 -1 0
213 46 -1 0
212 46 -1 0
211 46 -1 0
306 45 -1 1
305 45 -1 1
304 45 -1 1
303 45 -1 1
302 45 -1 1
301 45 -1 1
300 45 -1 1
299 45 -1 1
298 45 -1 1
297 45 -1 1
296 45 -1 1
295 45 -1 1
294 45 -1 1
293 45 -1 1
292 45 -1 1
291 45 -1 1
290 45 -1 1
289 45 -1 1
288 45 -1 1
287 45 -1 1
223 45 -1 0
222 45 -1 0
221 45 -1 0
220 45 -1 0
219 45 -1 0
218 45 -1 0
217 45 -1 0
216 45 -1 0
215 45 -1 0
214 45 -1 0
213 45 -1 0
212 45 -1 0
211 45 -1 0
307 44 -1 1
306 44 -1 1
305 44 -1 1
304 44 -1 1
303 44 -1 1
302 44 -1 1
301 44 -1 1
300 44 -1 1
299 44 -1 1
298 44 -1 1
297 44 -1 1
296 44 -1 1
295 44 -1 1
294 44 -1 1
293 44 -1 1
292 44 -1 1
291 44 -1 1
290 44 -1 1
224 44 -1 0
223 44 -1 0
222 44 -1 0
221 44 -1 0
220 44 -1 0
219 44 -1 0
218 44 -1 0
217 44 -1 0
216 44 -1 0
215 44 -1 0
214 44 -1 0
213 44 -1 0
212 44 -1 0
308 43 -1 1
307 43 -1 1
306 43 -1 1
305 43 -1 1
304 43 -1 1
303 43 -1 1
302 43 -1 1
301 43 -1 1
300 43 -1 1
299 43 -1 1
298 43 -1 1
297 43 -1 1
296 43 -1 1
295 43 -1 1
294 43 -1 1
293 43 -1 1
292 43 -1 1
224 43 -1 0
223 43 -1 0
222 43 -1 0
221 43 -1 0
220 43 -1 0
219 43 -1 0
218 43 -1 0
217 43 -1 0
216 43 -1 0
215 43 -1 0
311 42 -1 1
310 42 -1 1
309 42 -1 1
308 42 -1 1
307 42 -1 1
306 42 -1 1
305 42 -1 1
304 42 -1 1
303 42 -1 1
302 42 -1 1
301 42 -1 1
300 42 -1 1
299 42 -1 1
298 42 -1 1
297 42 -1 1
296 42 -1 1
295 42 -1 1
294 42 -1 1
293 42 -1 1
224 42 -1 0
223 42 -1 0
222 42 -1 0
221 42 -1 0
220 42 -1 0
219 42 -1 0
218 42 -1 0
217 42 -1 0
216 42 -1 0
312 41 -1 1
311 41 -1 1
310 41 -1 1
309 41 -1 1
308 41 -1 1
307 41 -1 1
306 41 -1 1
305 41 -1 1
304 41 -1 1
303 41 -1 1
302 41 -1 1
301 41 -1 1
300 41 -1 1
299 41 -1 1
298 41 -1 1
297 41 -1 1
296 41 -1 1
295 41 -1 1
225 41 -1 0
224 41 -1 0
223 41 -1 0
222 41 -1 0
221 41 -1 0
220 41 -1 0
219 41 -1 0
218 41 -1 0
217 41 -1 0
216 41 -1 0
215 41 -1 0
314 40 -1 1
313 40 -1 1
312 40 -1 1
311 40 -1 1
310 40 -1 1
309 40 -1 1
308 40 -1 1
307 40 -1 1
306 40 -1 1
305 40 -1 1
304 40 -1 1
303 40 -1 1
302 40 -1 1
301 40 -1 1
300 40 -1 1
299 40 -1 1
298 40 -1 1
224 40 -1 0
223 40 -1 0
222 40 -1 0
221 40 -1 0
220 40 -1 0
219 40 -1 0
218 40 -1 0
217 40 -1 0
216 40 -1 0
315 39 -1 1
314 39 -1 1
313 39 -1 1
312 39 -1 1
311 39 -1 1
310 39 -1 1
309 39 -1 1
308 39 -1 1
307 39 -1 1
306 39 -1 1
305 39 -1 1
304 39 -1 1
303 39 -1 1
302 39 -1 1
301 39 -1 1
300 39 -1 1
299 39 -1 1
298 39 -1 1
225 39 -1 0
224 39 -1 0
223 39 -1 0
222 39 -1 0
221 39 -1 0
220 39 -1 0
219 39 -1 0
218 39 -1 0
217 39 -1 0
216 39 -1 0
316 38 -1 1
315 38 -1 1
314 38 -1 1
313 38 -1 1
312 38 -1 1
311 38 -1 1
310 38 -1 1
309 38 -1 1
308 38 -1 1
307 38 -1 1
306 38 -1 1
305 38 -1 1
304 38 -1 1
303 38 -1 1
302 38 -1 1
301 38 -1 1
300 38 -1 1
299 38 -1 1
226 38 -1 0
225 38 -1 0
224 38 -1 0
223 38 -1 0
222 38 -1 0
221 38 -1 0
220 38 -1 0
219 38 -1 0
218 38 -1 0
217 38 -1 0
216 38 -1 0
317 37 -1 1
316 37 -1 1
315 37 -1 1
314 37 -1 1
313 37 -1 1
312 37 -1 1
311 37 -1 1
310 37 -1 1
309 37 -1 1
308 37 -1 1
307 37 -1 1
306 37 -1 1
305 37 -1 1
304 37 -1 1
303 37 -1 1
302 37 -1 1
301 37 -1 1
300 37 -1 1
299 37 -1 1
226 37 -1 0
225 37 -1 0
224 37 -1 0
223 37 -1 0
222 37 -1 0
221 37 -1 0
220 37 -1 0
219 37 -1 0
218 37 -1 0
217 37 -1 0
318 36 -1 1
317 36 -1 1
316 36 -1 1
315 36 -1 1
314 36 -1 1
313 36 -1 1
312 36 -1 1
311 36 -1 1
310 36 -1 1
309 36 -1 1
308 36 -1 1
307 36 -1 1
306 36 -1 1
305 36 -1 1
304 36 -1 1
303 36 -1 1
302 36 -1 1
301 36 -1 1
300 36 -1 1
226 36 -1 0
225 36 -1 0
224 36 -1 0
223 36 -1 0
222 36 -1 0
221 36 -1 0
220 36 -1 0
219 36 -1 0
218 36 -1 0
319 35 -1 1
318 35 -1 1
317 35 -1 1
316 35 -1 1
315 35 -1 1
314 35 -1 1
313 35 -1 1
312 35 -1 1
311 35 -1 1
310 35 -1 1
309 35 -1 1
308 35 -1 1
307 35 -1 1
306 35 -1 1
305 35 -1 1
304 35 -1 1
303 35 -1 1
302 35 -1 1
301 35 -1 1
227 35 -1 0
226 35 -1 0
225 35 -1 0
224 35 -1 0
223 35 -1 0
222 35 -1 0
221 35 -1 0
220 35 -1 0
219 35 -1 0
218 35 -1 0
217 35 -1 0
320 34 -1 1
319 34 -1 1
318 34 -1 1
317 34 -1 1
316 34 -1 1
315 34 -1 1
314 34 -1 1
313 34 -1 1
312 34 -1 1
311 34 -1 1
310 34 -1 1
309 34 -1 1
308 34 -1 1
307 34 -1 1
306 34 -1 1
305 34 -1 1
304 34 -1 1
303 34 -1 1
302 34 -1 1
226 34 -1 0
225 34 -1 0
224 34 -1 0
223 34 -1 0
222 34 -1 0
221 34 -1 0
220 34 -1 0
219 34 -1 0
218 34 -1 0
321 33 -1 1
320 33 -1 1
319 33 -1 1
318 33 -1 1
317 33 -1 1
316 33 -1 1
315 33 -1 1
314 33 -1 1
313 33 -1 1
312 33 -1 1
311 33 -1 1
310 33 -1 1
309 33 -1 1
308 33 -1 1
307 33 -1 1
306 33 -1 1
305 33 -1 1
226 33 -1 0
225 33 -1 0
224 33 -1 0
223 33 -1 0
222 33 -1 0
221 33 -1 0
220 33 -1 0
219 33 -1 0
218 33 -1 0
322 32 -1 1
321 32 -1 1
320 32 -1 1
319 32 -1 1
318 32 -1 1
317 32 -1 1
316 32 -1 1
315 32 -1 1
314 32 -1 1
313 32 -1 1
312 32 -1 1
311 32 -1 1
310 32 -1 1
309 32 -1 1
308 32 -1 1
307 32 -1 1
229 32 -1 0
228 32 -1 0
227 32 -1 0
226 32 -1 0
225 32 -1 0
224 32 -1 0
223 32 -1 0
222 32 -1 0
221 32 -1 0
220 32 -1 0
219 32 -1 0
218 32 -1 0
323 31 -1 1
322 31 -1 1
321 31 -1 1
320 31 -1 1
319 31 -1 1
318 31 -1 1
317 31 -1 1
316 31 -1 1
315 31 -1 1
314 31 -1 1
313 31 -1 1
312 31 -1 1
311 31 -1 1
310 31 -1 1
309 31 -1 1
308 31 -1 1
230 31 -1 0
229 31 -1 0
228 31 -1 0
227 31 -1 0
226 31 -1 0
225 31 -1 0
224 31 -1 0
223 31 -1 0
222 31 -1 0
221 31 -1 0
220 31 -1 0
219 31 -1 0
325 30 -1 1
324 30 -1 1
323 30 -1 1
322 30 -1 1
321 30 -1 1
320 30 -1 1
319 30 -1 1
318 30 -1 1
317 30 -1 1
316 30 -1 1
315 30 -1 1
314 30 -1 1
313 30 -1 1
312 30 -1 1
311 30 -1 1
310 30 -1 1
230 30 -1 0
229 30 -1 0
228 30 -1 0
227 30 -1 0
226 30 -1 0
225 30 -1 0
224 30 -1 0
223 30 -1 0
222 30 -1 0
328 29 -1 1
327 29 -1 1
326 29 -1 1
325 29 -1 1
324 29 -1 1
323 29 -1 1
322 29 -1 1
321 29 -1 1
320 29 -1 1
319 29 -1 1
318 29 -1 1
317 29 -1 1
316 29 -1 1
315 29 -1 1
314 29 -1 1
313 29 -1 1
312 29 -1 1
311 29 -1 1
310 29 -1 1
230 29 -1 0
229 29 -1 0
228 29 -1 0
227 29 -1 0
226 29 -1 0
225 29 -1 0
224 29 -1 0
223 29 -1 0
222 29 -1 0
330 28 -1 1
329 28 -1 1
328 28 -1 1
327 28 -1 1
326 28 -1 1
325 28 -1 1
324 28 -1 1
323 28 -1 1
322 28 -1 1
321 28 -1 1
320 28 -1 1
319 28 -1 1
318 28 -1 1
317 28 -1 1
316 28 -1 1
315 28 -1 1
314 28 -1 1
313 28 -1 1
312 28 -1 1
311 28 -1 1
231 28 -1 0
230 28 -1 0
229 28 -1 0
228 28 -1 0
227 28 -1 0
226 28 -1 0
225 28 -1 0
224 28 -1 0
223 28 -1 0
222 28 -1 0
221 28 -1 0
333 27 -1 1
332 27 -1 1
331 27 -1 1
330 27 -1 1
329 27 -1 1
328 27 -1 1
327 27 -1 1
326 27 -1 1
325 27 -1 1
324 27 -1 1
323 27 -1 1
322 27 -1 1
321 27 -1 1
320 27 -1 1
319 27 -1 1
318 27 -1 1
317 27 -1 1
316 27 -1 1
315 27 -1 1
314 27 -1 1
313 27 -1 1
232 27 -1 0
231 27 -1 0
230 27 -1 0
229 27 -1 0
228 27 -1 0
227 27 -1 0
226 27 -1 0
225 27 -1 0
224 27 -1 0
223 27 -1 0
222 27 -1 0
334 26 -1 1
333 26 -1 1
332 26 -1 1
331 26 -1 1
330 26 -1 1
329 26 -1 1
328 26 -1 1
327 26 -1 1
326 26 -1 1
325 26 -1 1
324 26 -1 1
323 26 -1 1
322 26 -1 1
321 26 -1 1
320 26 -1 1
319 26 -1 1
318 26 -1 1
317 26 -1 1
316 26 -1 1
315 26 -1 1
314 26 -1 1
313 26 -1 1
233 26 -1 0
232 26 -1 0
231 26 -1 0
230 26 -1 0
229 26 -1 0
228 26 -1 0
227 26 -1 0
226 26 -1 0
225 26 -1 0
224 26 -1 0
223 26 -1 0
222 26 -1 0
335 25 -1 1
334 25 -1 1
333 25 -1 1
332 25 -1 1
331 25 -1 1
330 25 -1 1
329 25 -1 1
328 25 -1 1
327 25 -1 1
326 25 -1 1
325 25 -1 1
324 25 -1 1
323 25 -1 1
322 25 -1 1
321 25 -1 1
320 25 -1 1
319 25 -1 1
318 25 -1 1
317 25 -1 1
316 25 -1 1
315 25 -1 1
314 25 -1 1
233 25 -1 0
232 25 -1 0
231 25 -1 0
230 25 -1 0
229 25 -1 0
228 25 -1 0
227 25 -1 0
226 25 -1 0
225 25 -1 0
224 25 -1 0
223 25 -1 0
222 25 -1 0
336 24 -1 1
335 24 -1 1
334 24 -1 1
333 24 -1 1
332 24 -1 1
331 24 -1 1
330 24 -1 1
329 24 -1 1
328 24 -1 1
327 24 -1 1
326 24 -1 1
325 24 -1 1
324 24 -1 1
323 24 -1 1
322 24 -1 1
321 24 -1 1
320 24 -1 1
319 24 -1 1
318 24 -1 1
317 24 -1 1
316 24 -1 1
233 24 -1 0
232 24 -1 0
231 24 -1 0
230 24 -1 0
229 24 -1 0
228 24 -1 0
227 24 -1 0
226 24 -1 0
225 24 -1 0
224 24 -1 0
223 24 -1 0
339 23 -1 1
338 23 -1 1
337 23 -1 1
336 23 -1 1
335 23 -1 1
334 23 -1 1
333 23 -1 1
332 23 -1 1
331 23 -1 1
330 23 -1 1
329 23 -1 1
328 23 -1 1
327 23 -1 1
326 23 -1 1
325 23 -1 1
324 23 -1 1
323 23 -1 1
322 23 -1 1
321 23 -1 1
320 23 -1 1
319 23 -1 1
318 23 -1 1
317 23 -1 1
234 23 -1 0
233 23 -1 0
232 23 -1 0
231 23 -1 0
230 23 -1 0
229 23 -1 0
228 23 -1 0
227 23 -1 0
226 23 -1 0
225 23 -1 0
224 23 -1 0
341 22 -1 1
340 22 -1 1
339 22 -1 1
338 22 -1 1
337 22 -1 1
336 22 -1 1
335 22 -1 1
334 22 -1 1
333 22 -1 1
332 22 -1 1
331 22 -1 1
330 22 -1 1
329 22 -1 1
328 22 -1 1
327 22 -1 1
326 22 -1 1
325 22 -1 1
324 22 -1 1
323 22 -1 1
322 22 -1 1
321 22 -1 1
320 22 -1 1
319 22 -1 1
318 22 -1 1
233 22 -1 0
232 22 -1 0
231 22 -1 0
230 22 -1 0
229 22 -1 0
228 22 -1 0
227 22 -1 0
226 22 -1 0
225 22 -1 0
224 22 -1 0
342 21 -1 1
341 21 -1 1
340 21 -1 1
339 21 -1 1
338 21 -1 1
337 21 -1 1
336 21 -1 1
335 21 -1 1
334 21 -1 1
333 21 -1 1
332 21 -1 1
331 21 -1 1
330 21 -1 1
329 21 -1 1
328 21 -1 1
327 21 -1 1
326 21 -1 1
325 21 -1 1
324 21 -1 1
323 21 -1 1
322 21 -1 1
321 21 -1 1
233 21 -1 0
232 21 -1 0
231 21 -1 0
230 21 -1 0
229 21 -1 0
228 21 -1 0
227 21 -1 0
226 21 -1 0
225 21 -1 0
224 21 -1 0
344 20 -1 1
343 20 -1 1
342 20 -1 1
341 20 -1 1
340 20 -1 1
339 20 -1 1
338 20 -1 1
337 20 -1 1
336 20 -1 1
335 20 -1 1
334 20 -1 1
333 20 -1 1
332 20 -1 1
331 20 -1 1
330 20 -1 1
329 20 -1 1
328 20 -1 1
327 20 -1 1
326 20 -1 1
325 20 -1 1
324 20 -1 1
233 20 -1 0
232 20 -1 0
231 20 -1 0
230 20 -1 0
229 20 -1 0
228 20 -1 0
227 20 -1 0
226 20 -1 0
225 20 -1 0
347 19 -1 1
346 19 -1 1
345 19 -1 1
344 19 -1 1
343 19 -1 1
342 19 -1 1
341 19 -1 1
340 19 -1 1
339 19 -1 1
338 19 -1 1
337 19 -1 1
336 19 -1 1
335 19 -1 1
334 19 -1 1
333 19 -1 1
332 19 -1 1
331 19 -1 1
330 19 -1 1
329 19 -1 1
328 19 -1 1
327 19 -1 1
326 19 -1 1
325 19 -1 1
232 19 -1 0
231 19 -1 0
230 19 -1 0
229 19 -1 0
228 19 -1 0
227 19 -1 0
226 19 -1 0
350 18 -1 1
349 18 -1 1
348 18 -1 1
347 18 -1 1
346 18 -1 1
345 18 -1 1
344 18 -1 1
343 18 -1 1
342 18 -1 1
341 18 -1 1
340 18 -1 1
339 18 -1 1
338 18 -1 1
337 18 -1 1
336 18 -1 1
335 18 -1 1
334 18 -1 1
333 18 -1 1
332 18 -1 1
331 18 -1 1
330 18 -1 1
329 18 -1 1
328 18 -1 1
229 18 -1 0
351 17 -1 1
350 17 -1 1
349 17 -1 1
348 17 -1 1
347 17 -1 1
346 17 -1 1
345 17 -1 1
344 17 -1 1
343 17 -1 1
342 17 -1 1
341 17 -1 1
340 17 -1 1
339 17 -1 1
338 17 -1 1
337 17 -1 1
336 17 -1 1
335 17 -1 1
334 17 -1 1
333 17 -1 1
332 17 -1 1
331 17 -1 1
330 17 -1 1
329 17 -1 1
351 16 -1 1
350 16 -1 1
349 16 -1 1
348 16 -1 1
347 16 -1 1
346 16 -1 1
345 16 -1 1
344 16 -1 1
343 16 -1 1
342 16 -1 1
341 16 -1 1
340 16 -1 1
339 16 -1 1
338 16 -1 1
337 16 -1 1
336 16 -1 1
335 16 -1 1
334 16 -1 1
333 16 -1 1
332 16 -1 1
331 16 -1 1
330 16 -1 1
351 15 -1 1
350 15 -1 1
349 15 -1 1
348 15 -1 1
347 15 -1 1
346 15 -1 1
345 15 -1 1
344 15 -1 1
343 15 -1 1
342 15 -1 1
341 15 -1 1
340 15 -1 1
339 15 -1 1
338 15 -1 1
337 15 -1 1
336 15 -1 1
335 15 -1 1
334 15 -1 1
333 15 -1 1
352 14 -1 1
351 14 -1 1
350 14 -1 1
349 14 -1 1
348 14 -1 1
347 14 -1 1
346 14 -1 1
345 14 -1 1
344 14 -1 1
343 14 -1 1
342 14 -1 1
341 14 -1 1
340 14 -1 1
339 14 -1 1
338 14 -1 1
337 14 -1 1
336 14 -1 1
335 14 -1 1
351 13 -1 1
350 13 -1 1
349 13 -1 1
348 13 -1 1
347 13 -1 1
346 13 -1 1
345 13 -1 1
344 13 -1 1
343 13 -1 1
342 13 -1 1
341 13 -1 1
340 13 -1 1
339 13 -1 1
338 13 -1 1
337 13 -1 1
336 13 -1 1
351 12 -1 1
350 12 -1 1
349 12 -1 1
348 12 -1 1
347 12 -1 1
346 12 -1 1
345 12 -1 1
344 12 -1 1
343 12 -1 1
342 12 -1 1
341 12 -1 1
340 12 -1 1
339 12 -1 1
338 12 -1 1
337 12 -1 1
351 11 -1 1
350 11 -1 1
349 11 -1 1
348 11 -1 1
347 11 -1 1
346 11 -1 1
345 11 -1 1
344 11 -1 1
343 11 -1 1
342 11 -1 1
341 11 -1 1
340 11 -1 1
339 11 -1 1
350 10 -1 1
349 10 -1 1
348 10 -1 1
347 10 -1 1
346 10 -1 1
345 10 -1 1
344 10 -1 1
343 10 -1 1
342 10 -1 1
341 10 -1 1
340 10 -1 1
347 9 -1 1
346 9 -1 1
345 9 -1 1
343 9 -1 1
