2440 408 341
262 292 -1 0
265 291 -1 0
264 291 -1 0
263 291 -1 0
262 291 -1 0
261 291 -1 0
260 291 -1 0
259 291 -1 0
266 290 -1 0
265 290 -1 0
264 290 -1 0
263 290 -1 0
262 290 -1 0
261 290 -1 0
260 290 -1 0
259 290 -1 0
258 290 -1 0
266 289 -1 0
265 289 -1 0
264 289 -1 0
263 289 -1 0
262 289 -1 0
261 289 -1 0
260 289 -1 0
259 289 -1 0
258 289 -1 0
257 289 -1 0
266 288 -1 0
265 288 -1 0
264 288 -1 0
263 288 -1 0
262 288 -1 0
261 288 -1 0
260 288 -1 0
259 288 -1 0
258 288 -1 0
257 288 -1 0
267 287 -1 0
266 287 -1 0
265 287 -1 0
264 287 -1 0
263 287 -1 0
262 287 -1 0
261 287 -1 0
260 287 -1 0
259 287 -1 0
258 287 -1 0
257 287 -1 0
266 286 -1 0
265 286 -1 0
264 286 -1 0
263 286 -1 0
262 286 -1 0
261 286 -1 0
260 286 -1 0
259 286 -1 0
258 286 -1 0
257 286 -1 0
256 286 -1 0
266 285 -1 0
265 285 -1 0
264 285 -1 0
263 285 -1 0
262 285 -1 0
261 285 -1 0
260 285 -1 0
259 285 -1 0
258 285 -1 0
257 285 -1 0
256 285 -1 0
255 285 -1 0
266 284 -1 0
265 284 -1 0
264 284 -1 0
263 284 -1 0
262 284 -1 0
261 284 -1 0
260 284 -1 0
259 284 -1 0
258 284 -1 0
257 284 -1 0
256 284 -1 0
255 284 -1 0
266 283 -1 0
265 283 -1 0
264 283 -1 0
263 283 -1 0
262 283 -1 0
261 283 -1 0
260 283 -1 0
259 283 -1 0
258 283 -1 0
257 283 -1 0
256 283 -1 0
255 283 -1 0
254 283 -1 0
265 282 -1 0
264 282 -1 0
263 282 -1 0
262 282 -1 0
261 282 -1 0
260 282 -1 0
259 282 -1 0
258 282 -1 0
257 282 -1 0
256 282 -1 0
255 282 -1 0
254 282 -1 0
265 281 -1 0
264 281 -1 0
263 281 -1 0
262 281 -1 0
261 281 -1 0
260 281 -1 0
259 281 -1 0
258 281 -1 0
257 281 -1 0
256 281 -1 0
255 281 -1 0
254 281 -1 0
265 280 -1 0
264 280 -1 0
263 280 -1 0
262 280 -1 0
261 280 -1 0
260 280 -1 0
259 280 -1 0
258 280 -1 0
257 280 -1 0
256 280 -1 0
255 280 -1 0
254 280 -1 0
253 280 -1 0
264 279 -1 0
263 279 -1 0
262 279 -1 0
261 279 -1 0
260 279 -1 0
259 279 -1 0
258 279 -1 0
257 279 -1 0
256 279 -1 0
255 279 -1 0
254 279 -1 0
263 278 -1 0
262 278 -1 0
261 278 -1 0
260 278 -1 0
259 278 -1 0
258 278 -1 0
257 278 -1 0
256 278 -1 0
255 278 -1 0
254 278 -1 0
253 278 -1 0
262 277 -1 0
261 277 -1 0
260 277 -1 0
259 277 -1 0
258 277 -1 0
257 277 -1 0
256 277 -1 0
255 277 -1 0
254 277 -1 0
262 276 -1 0
261 276 -1 0
260 276 -1 0
259 276 -1 0
258 276 -1 0
257 276 -1 0
256 276 -1 0
255 276 -1 0
254 276 -1 0
253 276 -1 0
262 275 -1 0
261 275 -1 0
260 275 -1 0
259 275 -1 0
258 275 -1 0
257 275 -1 0
256 275 -1 0
255 275 -1 0
254 275 -1 0
253 275 -1 0
261 274 -1 0
260 274 -1 0
259 274 -1 0
258 274 -1 0
257 274 -1 0
256 274 -1 0
255 274 -1 0
254 274 -1 0
253 274 -1 0
262 273 -1 0
261 273 -1 0
260 273 -1 0
259 273 -1 0
258 273 -1 0
257 273 -1 0
256 273 -1 0
255 273 -1 0
254 273 -1 0
253 273 -1 0
252 273 -1 0
261 272 -1 0
260 272 -1 0
259 272 -1 0
258 272 -1 0
257 272 -1 0
256 272 -1 0
255 272 -1 0
254 272 -1 0
253 272 -1 0
252 272 -1 0
261 271 -1 0
260 271 -1 0
259 271 -1 0
258 271 -1 0
257 271 -1 0
256 271 -1 0
255 271 -1 0
254 271 -1 0
253 271 -1 0
252 271 -1 0
261 270 -1 0
260 270 -1 0
259 270 -1 0
258 270 -1 0
257 270 -1 0
256 270 -1 0
255 270 -1 0
254 270 -1 0
253 270 -1 0
252 270 -1 0
251 270 -1 0
260 269 -1 0
259 269 -1 0
258 269 -1 0
257 269 -1 0
256 269 -1 0
255 269 -1 0
254 269 -1 0
253 269 -1 0
252 269 -1 0
251 269 -1 0
260 268 -1 0
259 268 -1 0
258 268 -1 0
257 268 -1 0
256 268 -1 0
255 268 -1 0
254 268 -1 0
253 268 -1 0
252 268 -1 0
251 268 -1 0
250 268 -1 0
260 267 -1 0
259 267 -1 0
258 267 -1 0
257 267 -1 0
256 267 -1 0
255 267 -1 0
254 267 -1 0
253 267 -1 0
252 267 -1 0
251 267 -1 0
250 267 -1 0
259 266 -1 0
258 266 -1 0
257 266 -1 0
256 266 -1 0
255 266 -1 0
254 266 -1 0
253 266 -1 0
252 266 -1 0
251 266 -1 0
250 266 -1 0
249 266 -1 0
259 265 -1 0
258 265 -1 0
257 265 -1 0
256 265 -1 0
255 265 -1 0
254 265 -1 0
253 265 -1 0
252 265 -1 0
251 265 -1 0
250 265 -1 0
249 265 -1 0
248 265 -1 0
258 264 -1 0
257 264 -1 0
256 264 -1 0
255 264 -1 0
254 264 -1 0
253 264 -1 0
252 264 -1 0
251 264 -1 0
250 264 -1 0
249 264 -1 0
248 264 -1 0
258 263 -1 0
257 263 -1 0
256 263 -1 0
255 263 -1 0
254 263 -1 0
253 263 -1 0
252 263 -1 0
251 263 -1 0
250 263 -1 0
249 263 -1 0
248 263 -1 0
258 262 -1 0
257 262 -1 0
256 262 -1 0
255 262 -1 0
254 262 -1 0
253 262 -1 0
252 262 -1 0
251 262 -1 0
250 262 -1 0
249 262 -1 0
248 262 -1 0
247 262 -1 0
257 261 -1 0
256 261 -1 0
255 261 -1 0
254 261 -1 0
253 261 -1 0
252 261 -1 0
251 261 -1 0
250 261 -1 0
249 261 -1 0
248 261 -1 0
256 260 -1 0
255 260 -1 0
254 260 -1 0
253 260 -1 0
252 260 -1 0
251 260 -1 0
250 260 -1 0
249 260 -1 0
248 260 -1 0
247 260 -1 0
256 259 -1 0
255 259 -1 0
254 259 -1 0
253 259 -1 0
252 259 -1 0
251 259 -1 0
250 259 -1 0
249 259 -1 0
248 259 -1 0
247 259 -1 0
255 258 -1 0
254 258 -1 0
253 258 -1 0
252 258 -1 0
251 258 -1 0
250 258 -1 0
249 258 -1 0
248 258 -1 0
247 258 -1 0
256 257 -1 0
255 257 -1 0
254 257 -1 0
253 257 -1 0
252 257 -1 0
251 257 -1 0
250 257 -1 0
249 257 -1 0
248 257 -1 0
247 257 -1 0
246 257 -1 0
255 256 -1 0
254 256 -1 0
253 256 -1 0
252 256 -1 0
251 256 -1 0
250 256 -1 0
249 256 -1 0
248 256 -1 0
247 256 -1 0
255 255 -1 0
254 255 -1 0
253 255 -1 0
252 255 -1 0
251 255 -1 0
250 255 -1 0
249 255 -1 0
248 255 -1 0
247 255 -1 0
255 254 -1 0
254 254 -1 0
253 254 -1 0
252 254 -1 0
251 254 -1 0
250 254 -1 0
249 254 -1 0
248 254 -1 0
247 254 -1 0
254 253 -1 0
253 253 -1 0
252 253 -1 0
251 253 -1 0
250 253 -1 0
249 253 -1 0
248 253 -1 0
247 253 -1 0
251 252 -1 0
250 252 -1 0
249 252 -1 0
248 252 -1 0
247 252 -1 0
246 252 -1 0
245 252 -1 0
244 252 -1 0
251 251 -1 0
250 251 -1 0
249 251 -1 0
248 251 -1 0
247 251 -1 0
246 251 -1 0
245 251 -1 0
244 251 -1 0
243 251 -1 0
251 250 -1 0
250 250 -1 0
249 250 -1 0
248 250 -1 0
247 250 -1 0
246 250 -1 0
245 250 -1 0
244 250 -1 0
243 250 -1 0
251 249 -1 0
250 249 -1 0
249 249 -1 0
248 249 -1 0
247 249 -1 0
246 249 -1 0
245 249 -1 0
244 249 -1 0
243 249 -1 0
252 248 -1 0
251 248 -1 0
250 248 -1 0
249 248 -1 0
248 248 -1 0
247 248 -1 0
246 248 -1 0
245 248 -1 0
244 248 -1 0
243 248 -1 0
242 248 -1 0
251 247 -1 0
250 247 -1 0
249 247 -1 0
248 247 -1 0
247 247 -1 0
246 247 -1 0
245 247 -1 0
244 247 -1 0
243 247 -1 0
251 246 -1 0
250 246 -1 0
249 246 -1 0
248 246 -1 0
247 246 -1 0
246 246 -1 0
245 246 -1 0
244 246 -1 0
243 246 -1 0
251 245 -1 0
250 245 -1 0
249 245 -1 0
248 245 -1 0
247 245 -1 0
246 245 -1 0
245 245 -1 0
244 245 -1 0
243 245 -1 0
242 245 -1 0
250 244 -1 0
249 244 -1 0
248 244 -1 0
247 244 -1 0
246 244 -1 0
245 244 -1 0
244 244 -1 0
243 244 -1 0
242 244 -1 0
241 244 -1 0
249 243 -1 0
248 243 -1 0
247 243 -1 0
246 243 -1 0
245 243 -1 0
244 243 -1 0
243 243 -1 0
242 243 -1 0
241 243 -1 0
249 242 -1 0
248 242 -1 0
247 242 -1 0
246 242 -1 0
245 242 -1 0
244 242 -1 0
243 242 -1 0
242 242 -1 0
241 242 -1 0
250 241 -1 0
249 241 -1 0
248 241 -1 0
247 241 -1 0
246 241 -1 0
245 241 -1 0
244 241 -1 0
243 241 -1 0
242 241 -1 0
241 241 -1 0
240 241 -1 0
249 240 -1 0
248 240 -1 0
247 240 -1 0
246 240 -1 0
245 240 -1 0
244 240 -1 0
243 240 -1 0
242 240 -1 0
241 240 -1 0
249 239 -1 0
248 239 -1 0
247 239 -1 0
246 239 -1 0
245 239 -1 0
244 239 -1 0
243 239 -1 0
242 239 -1 0
241 239 -1 0
249 238 -1 0
248 238 -1 0
247 238 -1 0
246 238 -1 0
245 238 -1 0
244 238 -1 0
243 238 -1 0
242 238 -1 0
241 238 -1 0
240 238 -1 0
248 237 -1 0
247 237 -1 0
246 237 -1 0
245 237 -1 0
244 237 -1 0
243 237 -1 0
242 237 -1 0
241 237 -1 0
240 237 -1 0
239 237 -1 0
247 236 -1 0
246 236 -1 0
245 236 -1 0
244 236 -1 0
243 236 -1 0
242 236 -1 0
241 236 -1 0
240 236 -1 0
239 236 -1 0
247 235 -1 0
246 235 -1 0
245 235 -1 0
244 235 -1 0
243 235 -1 0
242 235 -1 0
241 235 -1 0
240 235 -1 0
239 235 -1 0
248 234 -1 0
247 234 -1 0
246 234 -1 0
245 234 -1 0
244 234 -1 0
243 234 -1 0
242 234 -1 0
241 234 -1 0
240 234 -1 0
239 234 -1 0
238 234 -1 0
247 233 -1 0
246 233 -1 0
245 233 -1 0
244 233 -1 0
243 233 -1 0
242 233 -1 0
241 233 -1 0
240 233 -1 0
239 233 -1 0
238 233 -1 0
247 232 -1 0
246 232 -1 0
245 232 -1 0
244 232 -1 0
243 232 -1 0
242 232 -1 0
241 232 -1 0
240 232 -1 0
239 232 -1 0
238 232 -1 0
247 231 -1 0
246 231 -1 0
245 231 -1 0
244 231 -1 0
243 231 -1 0
242 231 -1 0
241 231 -1 0
240 231 -1 0
239 231 -1 0
238 231 -1 0
247 230 -1 0
246 230 -1 0
245 230 -1 0
244 230 -1 0
243 230 -1 0
242 230 -1 0
241 230 -1 0
240 230 -1 0
239 230 -1 0
238 230 -1 0
237 230 -1 0
246 229 -1 0
245 229 -1 0
244 229 -1 0
243 229 -1 0
242 229 -1 0
241 229 -1 0
240 229 -1 0
239 229 -1 0
238 229 -1 0
246 228 -1 0
245 228 -1 0
244 228 -1 0
243 228 -1 0
242 228 -1 0
241 228 -1 0
240 228 -1 0
239 228 -1 0
238 228 -1 0
246 227 -1 0
245 227 -1 0
244 227 -1 0
243 227 -1 0
242 227 -1 0
241 227 -1 0
240 227 -1 0
239 227 -1 0
238 227 -1 0
237 227 -1 0
245 226 -1 0
244 226 -1 0
243 226 -1 0
242 226 -1 0
241 226 -1 0
240 226 -1 0
239 226 -1 0
238 226 -1 0
237 226 -1 0
236 226 -1 0
244 225 -1 0
243 225 -1 0
242 225 -1 0
241 225 -1 0
240 225 -1 0
239 225 -1 0
238 225 -1 0
237 225 -1 0
236 225 -1 0
244 224 -1 0
243 224 -1 0
242 224 -1 0
241 224 -1 0
240 224 -1 0
239 224 -1 0
238 224 -1 0
237 224 -1 0
236 224 -1 0
245 223 -1 0
244 223 -1 0
243 223 -1 0
242 223 -1 0
241 223 -1 0
240 223 -1 0
239 223 -1 0
238 223 -1 0
237 223 -1 0
236 223 -1 0
235 223 -1 0
244 222 -1 0
243 222 -1 0
242 222 -1 0
241 222 -1 0
240 222 -1 0
239 222 -1 0
238 222 -1 0
237 222 -1 0
236 222 -1 0
244 221 -1 0
243 221 -1 0
242 221 -1 0
241 221 -1 0
240 221 -1 0
239 221 -1 0
238 221 -1 0
237 221 -1 0
236 221 -1 0
244 220 -1 0
243 220 -1 0
242 220 -1 0
241 220 -1 0
240 220 -1 0
239 220 -1 0
238 220 -1 0
237 220 -1 0
236 220 -1 0
235 220 -1 0
234 220 -1 0
243 219 -1 0
242 219 -1 0
241 219 -1 0
240 219 -1 0
239 219 -1 0
238 219 -1 0
237 219 -1 0
236 219 -1 0
235 219 -1 0
234 219 -1 0
233 219 -1 0
241 218 -1 0
240 218 -1 0
239 218 -1 0
238 218 -1 0
237 218 -1 0
236 218 -1 0
235 218 -1 0
234 218 -1 0
233 218 -1 0
241 217 -1 0
240 217 -1 0
239 217 -1 0
238 217 -1 0
237 217 -1 0
236 217 -1 0
235 217 -1 0
234 217 -1 0
233 217 -1 0
242 216 -1 0
241 216 -1 0
240 216 -1 0
239 216 -1 0
238 216 -1 0
237 216 -1 0
236 216 -1 0
235 216 -1 0
234 216 -1 0
233 216 -1 0
232 216 -1 0
241 215 -1 0
240 215 -1 0
239 215 -1 0
238 215 -1 0
237 215 -1 0
236 215 -1 0
235 215 -1 0
234 215 -1 0
233 215 -1 0
241 214 -1 0
240 214 -1 0
239 214 -1 0
238 214 -1 0
237 214 -1 0
236 214 -1 0
235 214 -1 0
234 214 -1 0
233 214 -1 0
232 214 -1 0
241 213 -1 0
240 213 -1 0
239 213 -1 0
238 213 -1 0
237 213 -1 0
236 213 -1 0
235 213 -1 0
234 213 -1 0
233 213 -1 0
232 213 -1 0
240 212 -1 0
239 212 -1 0
238 212 -1 0
237 212 -1 0
236 212 -1 0
235 212 -1 0
234 212 -1 0
233 212 -1 0
232 212 -1 0
241 211 -1 0
240 211 -1 0
239 211 -1 0
238 211 -1 0
237 211 -1 0
236 211 -1 0
235 211 -1 0
234 211 -1 0
233 211 -1 0
232 211 -1 0
231 211 -1 0
240 210 -1 0
239 210 -1 0
238 210 -1 0
237 210 -1 0
236 210 -1 0
235 210 -1 0
234 210 -1 0
233 210 -1 0
232 210 -1 0
240 209 -1 0
239 209 -1 0
238 209 -1 0
237 209 -1 0
236 209 -1 0
235 209 -1 0
234 209 -1 0
233 209 -1 0
232 209 -1 0
240 208 -1 0
239 208 -1 0
238 208 -1 0
237 208 -1 0
236 208 -1 0
235 208 -1 0
234 208 -1 0
233 208 -1 0
232 208 -1 0
231 208 -1 0
239 207 -1 0
238 207 -1 0
237 207 -1 0
236 207 -1 0
235 207 -1 0
234 207 -1 0
233 207 -1 0
232 207 -1 0
231 207 -1 0
239 206 -1 0
238 206 -1 0
237 206 -1 0
236 206 -1 0
235 206 -1 0
234 206 -1 0
233 206 -1 0
232 206 -1 0
231 206 -1 0
240 205 -1 0
239 205 -1 0
238 205 -1 0
237 205 -1 0
236 205 -1 0
235 205 -1 0
234 205 -1 0
233 205 -1 0
232 205 -1 0
231 205 -1 0
230 205 -1 0
239 204 -1 0
238 204 -1 0
237 204 -1 0
236 204 -1 0
235 204 -1 0
234 204 -1 0
233 204 -1 0
232 204 -1 0
231 204 -1 0
349 203 -1 1
239 203 -1 0
238 203 -1 0
237 203 -1 0
236 203 -1 0
235 203 -1 0
234 203 -1 0
233 203 -1 0
232 203 -1 0
231 203 -1 0
230 203 -1 0
352 202 -1 1
351 202 -1 1
350 202 -1 1
349 202 -1 1
348 202 -1 1
347 202 -1 1
346 202 -1 1
239 202 -1 0
238 202 -1 0
237 202 -1 0
236 202 -1 0
235 202 -1 0
234 202 -1 0
233 202 -1 0
232 202 -1 0
231 202 -1 0
230 202 -1 0
229 202 -1 0
353 201 -1 1
352 201 -1 1
351 201 -1 1
350 201 -1 1
349 201 -1 1
348 201 -1 1
347 201 -1 1
346 201 -1 1
345 201 -1 1
344 201 -1 1
343 201 -1 1
238 201 -1 0
237 201 -1 0
236 201 -1 0
235 201 -1 0
234 201 -1 0
233 201 -1 0
232 201 -1 0
231 201 -1 0
230 201 -1 0
229 201 -1 0
353 200 -1 1
352 200 -1 1
351 200 -1 1
350 200 -1 1
349 200 -1 1
348 200 -1 1
347 200 -1 1
346 200 -1 1
345 200 -1 1
344 200 -1 1
343 200 -1 1
342 200 -1 1
237 200 -1 0
236 200 -1 0
235 200 -1 0
234 200 -1 0
233 200 -1 0
232 200 -1 0
231 200 -1 0
230 200 -1 0
229 200 -1 0
353 199 -1 1
352 199 -1 1
351 199 -1 1
350 199 -1 1
349 199 -1 1
348 199 -1 1
347 199 -1 1
346 199 -1 1
345 199 -1 1
344 199 -1 1
343 199 -1 1
342 199 -1 1
341 199 -1 1
238 199 -1 0
237 199 -1 0
236 199 -1 0
235 199 -1 0
234 199 -1 0
233 199 -1 0
232 199 -1 0
231 199 -1 0
230 199 -1 0
229 199 -1 0
228 199 -1 0
354 198 -1 1
353 198 -1 1
352 198 -1 1
351 198 -1 1
350 198 -1 1
349 198 -1 1
348 198 -1 1
347 198 -1 1
346 198 -1 1
345 198 -1 1
344 198 -1 1
343 198 -1 1
342 198 -1 1
341 198 -1 1
340 198 -1 1
237 198 -1 0
236 198 -1 0
235 198 -1 0
234 198 -1 0
233 198 -1 0
232 198 -1 0
231 198 -1 0
230 198 -1 0
229 198 -1 0
353 197 -1 1
352 197 -1 1
351 197 -1 1
350 197 -1 1
349 197 -1 1
348 197 -1 1
347 197 -1 1
346 197 -1 1
345 197 -1 1
344 197 -1 1
343 197 -1 1
342 197 -1 1
341 197 -1 1
340 197 -1 1
237 197 -1 0
236 197 -1 0
235 197 -1 0
234 197 -1 0
233 197 -1 0
232 197 -1 0
231 197 -1 0
230 197 -1 0
229 197 -1 0
353 196 -1 1
352 196 -1 1
351 196 -1 1
350 196 -1 1
349 196 -1 1
348 196 -1 1
347 196 -1 1
346 196 -1 1
345 196 -1 1
344 196 -1 1
343 196 -1 1
342 196 -1 1
341 196 -1 1
340 196 -1 1
339 196 -1 1
338 196 -1 1
237 196 -1 0
236 196 -1 0
235 196 -1 0
234 196 -1 0
233 196 -1 0
232 196 -1 0
231 196 -1 0
230 196 -1 0
229 196 -1 0
353 195 -1 1
352 195 -1 1
351 195 -1 1
350 195 -1 1
349 195 -1 1
348 195 -1 1
347 195 -1 1
346 195 -1 1
345 195 -1 1
344 195 -1 1
343 195 -1 1
342 195 -1 1
341 195 -1 1
340 195 -1 1
339 195 -1 1
338 195 -1 1
337 195 -1 1
237 195 -1 0
236 195 -1 0
235 195 -1 0
234 195 -1 0
233 195 -1 0
232 195 -1 0
231 195 -1 0
230 195 -1 0
229 195 -1 0
352 194 -1 1
351 194 -1 1
350 194 -1 1
349 194 -1 1
348 194 -1 1
347 194 -1 1
346 194 -1 1
345 194 -1 1
344 194 -1 1
343 194 -1 1
342 194 -1 1
341 194 -1 1
340 194 -1 1
339 194 -1 1
338 194 -1 1
337 194 -1 1
238 194 -1 0
237 194 -1 0
236 194 -1 0
235 194 -1 0
234 194 -1 0
233 194 -1 0
232 194 -1 0
231 194 -1 0
230 194 -1 0
229 194 -1 0
228 194 -1 0
351 193 -1 1
350 193 -1 1
349 193 -1 1
348 193 -1 1
347 193 -1 1
346 193 -1 1
345 193 -1 1
344 193 -1 1
343 193 -1 1
342 193 -1 1
341 193 -1 1
340 193 -1 1
339 193 -1 1
338 193 -1 1
337 193 -1 1
237 193 -1 0
236 193 -1 0
235 193 -1 0
234 193 -1 0
233 193 -1 0
232 193 -1 0
231 193 -1 0
230 193 -1 0
229 193 -1 0
348 192 -1 1
347 192 -1 1
346 192 -1 1
345 192 -1 1
344 192 -1 1
343 192 -1 1
342 192 -1 1
341 192 -1 1
340 192 -1 1
339 192 -1 1
338 192 -1 1
337 192 -1 1
336 192 -1 1
237 192 -1 0
236 192 -1 0
235 192 -1 0
234 192 -1 0
233 192 -1 0
232 192 -1 0
231 192 -1 0
230 192 -1 0
229 192 -1 0
347 191 -1 1
346 191 -1 1
345 191 -1 1
344 191 -1 1
343 191 -1 1
342 191 -1 1
341 191 -1 1
340 191 -1 1
339 191 -1 1
338 191 -1 1
337 191 -1 1
336 191 -1 1
237 191 -1 0
236 191 -1 0
235 191 -1 0
234 191 -1 0
233 191 -1 0
232 191 -1 0
231 191 -1 0
230 191 -1 0
229 191 -1 0
347 190 -1 1
346 190 -1 1
345 190 -1 1
344 190 -1 1
343 190 -1 1
342 190 -1 1
341 190 -1 1
340 190 -1 1
339 190 -1 1
338 190 -1 1
337 190 -1 1
336 190 -1 1
237 190 -1 0
236 190 -1 0
235 190 -1 0
234 190 -1 0
233 190 -1 0
232 190 -1 0
231 190 -1 0
230 190 -1 0
229 190 -1 0
346 189 -1 1
345 189 -1 1
344 189 -1 1
343 189 -1 1
342 189 -1 1
341 189 -1 1
340 189 -1 1
339 189 -1 1
338 189 -1 1
337 189 -1 1
336 189 -1 1
238 189 -1 0
237 189 -1 0
236 189 -1 0
235 189 -1 0
234 189 -1 0
233 189 -1 0
232 189 -1 0
231 189 -1 0
230 189 -1 0
229 189 -1 0
228 189 -1 0
346 188 -1 1
345 188 -1 1
344 188 -1 1
343 188 -1 1
342 188 -1 1
341 188 -1 1
340 188 -1 1
339 188 -1 1
338 188 -1 1
337 188 -1 1
336 188 -1 1
335 188 -1 1
237 188 -1 0
236 188 -1 0
235 188 -1 0
234 188 -1 0
233 188 -1 0
232 188 -1 0
231 188 -1 0
230 188 -1 0
229 188 -1 0
345 187 -1 1
344 187 -1 1
343 187 -1 1
342 187 -1 1
341 187 -1 1
340 187 -1 1
339 187 -1 1
338 187 -1 1
337 187 -1 1
336 187 -1 1
335 187 -1 1
334 187 -1 1
237 187 -1 0
236 187 -1 0
235 187 -1 0
234 187 -1 0
233 187 -1 0
232 187 -1 0
231 187 -1 0
230 187 -1 0
229 187 -1 0
345 186 -1 1
344 186 -1 1
343 186 -1 1
342 186 -1 1
341 186 -1 1
340 186 -1 1
339 186 -1 1
338 186 -1 1
337 186 -1 1
336 186 -1 1
335 186 -1 1
334 186 -1 1
238 186 -1 0
237 186 -1 0
236 186 -1 0
235 186 -1 0
234 186 -1 0
233 186 -1 0
232 186 -1 0
231 186 -1 0
230 186 -1 0
229 186 -1 0
228 186 -1 0
345 185 -1 1
344 185 -1 1
343 185 -1 1
342 185 -1 1
341 185 -1 1
340 185 -1 1
339 185 -1 1
338 185 -1 1
337 185 -1 1
336 185 -1 1
335 185 -1 1
334 185 -1 1
237 185 -1 0
236 185 -1 0
235 185 -1 0
234 185 -1 0
233 185 -1 0
232 185 -1 0
231 185 -1 0
230 185 -1 0
229 185 -1 0
344 184 -1 1
343 184 -1 1
342 184 -1 1
341 184 -1 1
340 184 -1 1
339 184 -1 1
338 184 -1 1
337 184 -1 1
336 184 -1 1
335 184 -1 1
334 184 -1 1
333 184 -1 1
237 184 -1 0
236 184 -1 0
235 184 -1 0
234 184 -1 0
233 184 -1 0
232 184 -1 0
231 184 -1 0
230 184 -1 0
229 184 -1 0
343 183 -1 1
342 183 -1 1
341 183 -1 1
340 183 -1 1
339 183 -1 1
338 183 -1 1
337 183 -1 1
336 183 -1 1
335 183 -1 1
334 183 -1 1
333 183 -1 1
332 183 -1 1
331 183 -1 1
237 183 -1 0
236 183 -1 0
235 183 -1 0
234 183 -1 0
233 183 -1 0
232 183 -1 0
231 183 -1 0
230 183 -1 0
229 183 -1 0
343 182 -1 1
342 182 -1 1
341 182 -1 1
340 182 -1 1
339 182 -1 1
338 182 -1 1
337 182 -1 1
336 182 -1 1
335 182 -1 1
334 182 -1 1
333 182 -1 1
332 182 -1 1
331 182 -1 1
330 182 -1 1
238 182 -1 0
237 182 -1 0
236 182 -1 0
235 182 -1 0
234 182 -1 0
233 182 -1 0
232 182 -1 0
231 182 -1 0
230 182 -1 0
229 182 -1 0
228 182 -1 0
342 181 -1 1
341 181 -1 1
340 181 -1 1
339 181 -1 1
338 181 -1 1
337 181 -1 1
336 181 -1 1
335 181 -1 1
334 181 -1 1
333 181 -1 1
332 181 -1 1
331 181 -1 1
330 181 -1 1
237 181 -1 0
236 181 -1 0
235 181 -1 0
234 181 -1 0
233 181 -1 0
232 181 -1 0
231 181 -1 0
230 181 -1 0
229 181 -1 0
341 180 -1 1
340 180 -1 1
339 180 -1 1
338 180 -1 1
337 180 -1 1
336 180 -1 1
335 180 -1 1
334 180 -1 1
333 180 -1 1
332 180 -1 1
331 180 -1 1
330 180 -1 1
237 180 -1 0
236 180 -1 0
235 180 -1 0
234 180 -1 0
233 180 -1 0
232 180 -1 0
231 180 -1 0
230 180 -1 0
229 180 -1 0
340 179 -1 1
339 179 -1 1
338 179 -1 1
337 179 -1 1
336 179 -1 1
335 179 -1 1
334 179 -1 1
333 179 -1 1
332 179 -1 1
331 179 -1 1
330 179 -1 1
329 179 -1 1
237 179 -1 0
236 179 -1 0
235 179 -1 0
234 179 -1 0
233 179 -1 0
232 179 -1 0
231 179 -1 0
230 179 -1 0
229 179 -1 0
340 178 -1 1
339 178 -1 1
338 178 -1 1
337 178 -1 1
336 178 -1 1
335 178 -1 1
334 178 -1 1
333 178 -1 1
332 178 -1 1
331 178 -1 1
330 178 -1 1
236 178 -1 0
235 178 -1 0
234 178 -1 0
233 178 -1 0
232 178 -1 0
231 178 -1 0
230 178 -1 0
340 177 -1 1
339 177 -1 1
338 177 -1 1
337 177 -1 1
336 177 -1 1
335 177 -1 1
334 177 -1 1
333 177 -1 1
332 177 -1 1
331 177 -1 1
330 177 -1 1
233 177 -1 0
339 176 -1 1
338 176 -1 1
337 176 -1 1
336 176 -1 1
335 176 -1 1
334 176 -1 1
333 176 -1 1
332 176 -1 1
331 176 -1 1
330 176 -1 1
329 176 -1 1
338 175 -1 1
337 175 -1 1
336 175 -1 1
335 175 -1 1
334 175 -1 1
333 175 -1 1
332 175 -1 1
331 175 -1 1
330 175 -1 1
329 175 -1 1
328 175 -1 1
338 174 -1 1
337 174 -1 1
336 174 -1 1
335 174 -1 1
334 174 -1 1
333 174 -1 1
332 174 -1 1
331 174 -1 1
330 174 -1 1
329 174 -1 1
328 174 -1 1
338 173 -1 1
337 173 -1 1
336 173 -1 1
335 173 -1 1
334 173 -1 1
333 173 -1 1
332 173 -1 1
331 173 -1 1
330 173 -1 1
329 173 -1 1
328 173 -1 1
327 173 -1 1
326 173 -1 1
325 173 -1 1
337 172 -1 1
336 172 -1 1
335 172 -1 1
334 172 -1 1
333 172 -1 1
332 172 -1 1
331 172 -1 1
330 172 -1 1
329 172 -1 1
328 172 -1 1
327 172 -1 1
326 172 -1 1
325 172 -1 1
324 172 -1 1
336 171 -1 1
335 171 -1 1
334 171 -1 1
333 171 -1 1
332 171 -1 1
331 171 -1 1
330 171 -1 1
329 171 -1 1
328 171 -1 1
327 171 -1 1
326 171 -1 1
325 171 -1 1
324 171 -1 1
336 170 -1 1
335 170 -1 1
334 170 -1 1
333 170 -1 1
332 170 -1 1
331 170 -1 1
330 170 -1 1
329 170 -1 1
328 170 -1 1
327 170 -1 1
326 170 -1 1
325 170 -1 1
324 170 -1 1
393 169 -1 0
336 169 -1 1
335 169 -1 1
334 169 -1 1
333 169 -1 1
332 169 -1 1
331 169 -1 1
330 169 -1 1
329 169 -1 1
328 169 -1 1
327 169 -1 1
326 169 -1 1
325 169 -1 1
324 169 -1 1
323 169 -1 1
396 168 -1 0
395 168 -1 0
394 168 -1 0
393 168 -1 0
392 168 -1 0
391 168 -1 0
390 168 -1 0
335 168 -1 1
334 168 -1 1
333 168 -1 1
332 168 -1 1
331 168 -1 1
330 168 -1 1
329 168 -1 1
328 168 -1 1
327 168 -1 1
326 168 -1 1
325 168 -1 1
324 168 -1 1
397 167 -1 0
396 167 -1 0
395 167 -1 0
394 167 -1 0
393 167 -1 0
392 167 -1 0
391 167 -1 0
390 167 -1 0
389 167 -1 0
388 167 -1 0
334 167 -1 1
333 167 -1 1
332 167 -1 1
331 167 -1 1
330 167 -1 1
329 167 -1 1
328 167 -1 1
327 167 -1 1
326 167 -1 1
325 167 -1 1
324 167 -1 1
397 166 -1 0
396 166 -1 0
395 166 -1 0
394 166 -1 0
393 166 -1 0
392 166 -1 0
391 166 -1 0
390 166 -1 0
389 166 -1 0
388 166 -1 0
387 166 -1 0
334 166 -1 1
333 166 -1 1
332 166 -1 1
331 166 -1 1
330 166 -1 1
329 166 -1 1
328 166 -1 1
327 166 -1 1
326 166 -1 1
325 166 -1 1
324 166 -1 1
397 165 -1 0
396 165 -1 0
395 165 -1 0
394 165 -1 0
393 165 -1 0
392 165 -1 0
391 165 -1 0
390 165 -1 0
389 165 -1 0
388 165 -1 0
387 165 -1 0
333 165 -1 1
332 165 -1 1
331 165 -1 1
330 165 -1 1
329 165 -1 1
328 165 -1 1
327 165 -1 1
326 165 -1 1
325 165 -1 1
398 164 -1 0
397 164 -1 0
396 164 -1 0
395 164 -1 0
394 164 -1 0
393 164 -1 0
392 164 -1 0
391 164 -1 0
390 164 -1 0
389 164 -1 0
388 164 -1 0
387 164 -1 0
330 164 -1 1
328 164 -1 1
397 163 -1 0
396 163 -1 0
395 163 -1 0
394 163 -1 0
393 163 -1 0
392 163 -1 0
391 163 -1 0
390 163 -1 0
389 163 -1 0
388 163 -1 0
387 163 -1 0
386 163 -1 0
397 162 -1 0
396 162 -1 0
395 162 -1 0
394 162 -1 0
393 162 -1 0
392 162 -1 0
391 162 -1 0
390 162 -1 0
389 162 -1 0
388 162 -1 0
387 162 -1 0
386 162 -1 0
397 161 -1 0
396 161 -1 0
395 161 -1 0
394 161 -1 0
393 161 -1 0
392 161 -1 0
391 161 -1 0
390 161 -1 0
389 161 -1 0
388 161 -1 0
387 161 -1 0
386 161 -1 0
396 160 -1 0
395 160 -1 0
394 160 -1 0
393 160 -1 0
392 160 -1 0
391 160 -1 0
390 160 -1 0
389 160 -1 0
388 160 -1 0
387 160 -1 0
386 160 -1 0
395 159 -1 0
394 159 -1 0
393 159 -1 0
392 159 -1 0
391 159 -1 0
390 159 -1 0
389 159 -1 0
388 159 -1 0
387 159 -1 0
386 159 -1 0
385 159 -1 0
395 158 -1 0
394 158 -1 0
393 158 -1 0
392 158 -1 0
391 158 -1 0
390 158 -1 0
389 158 -1 0
388 158 -1 0
387 158 -1 0
386 158 -1 0
385 158 -1 0
395 157 -1 0
394 157 -1 0
393 157 -1 0
392 157 -1 0
391 157 -1 0
390 157 -1 0
389 157 -1 0
388 157 -1 0
387 157 -1 0
386 157 -1 0
394 156 -1 0
393 156 -1 0
392 156 -1 0
391 156 -1 0
390 156 -1 0
389 156 -1 0
388 156 -1 0
387 156 -1 0
386 156 -1 0
395 155 -1 0
394 155 -1 0
393 155 -1 0
392 155 -1 0
391 155 -1 0
390 155 -1 0
389 155 -1 0
388 155 -1 0
387 155 -1 0
386 155 -1 0
385 155 -1 0
395 154 -1 0
394 154 -1 0
393 154 -1 0
392 154 -1 0
391 154 -1 0
390 154 -1 0
389 154 -1 0
388 154 -1 0
387 154 -1 0
386 154 -1 0
385 154 -1 0
384 154 -1 0
394 153 -1 0
393 153 -1 0
392 153 -1 0
391 153 -1 0
390 153 -1 0
389 153 -1 0
388 153 -1 0
387 153 -1 0
386 153 -1 0
385 153 -1 0
384 153 -1 0
394 152 -1 0
393 152 -1 0
392 152 -1 0
391 152 -1 0
390 152 -1 0
389 152 -1 0
388 152 -1 0
387 152 -1 0
386 152 -1 0
385 152 -1 0
384 152 -1 0
394 151 -1 0
393 151 -1 0
392 151 -1 0
391 151 -1 0
390 151 -1 0
389 151 -1 0
388 151 -1 0
387 151 -1 0
386 151 -1 0
385 151 -1 0
384 151 -1 0
383 151 -1 0
393 150 -1 0
392 150 -1 0
391 150 -1 0
390 150 -1 0
389 150 -1 0
388 150 -1 0
387 150 -1 0
386 150 -1 0
385 150 -1 0
384 150 -1 0
383 150 -1 0
393 149 -1 0
392 149 -1 0
391 149 -1 0
390 149 -1 0
389 149 -1 0
388 149 -1 0
387 149 -1 0
386 149 -1 0
385 149 -1 0
384 149 -1 0
383 149 -1 0
393 148 -1 0
392 148 -1 0
391 148 -1 0
390 148 -1 0
389 148 -1 0
388 148 -1 0
387 148 -1 0
386 148 -1 0
385 148 -1 0
384 148 -1 0
383 148 -1 0
392 147 -1 0
391 147 -1 0
390 147 -1 0
389 147 -1 0
388 147 -1 0
387 147 -1 0
386 147 -1 0
385 147 -1 0
384 147 -1 0
383 147 -1 0
382 147 -1 0
391 146 -1 0
390 146 -1 0
389 146 -1 0
388 146 -1 0
387 146 -1 0
386 146 -1 0
385 146 -1 0
384 146 -1 0
383 146 -1 0
382 146 -1 0
391 145 -1 0
390 145 -1 0
389 145 -1 0
388 145 -1 0
387 145 -1 0
386 145 -1 0
385 145 -1 0
384 145 -1 0
383 145 -1 0
382 145 -1 0
391 144 -1 0
390 144 -1 0
389 144 -1 0
388 144 -1 0
387 144 -1 0
386 144 -1 0
385 144 -1 0
384 144 -1 0
383 144 -1 0
382 144 -1 0
391 143 -1 0
390 143 -1 0
389 143 -1 0
388 143 -1 0
387 143 -1 0
386 143 -1 0
385 143 -1 0
384 143 -1 0
383 143 -1 0
382 143 -1 0
381 143 -1 0
390 142 -1 0
389 142 -1 0
388 142 -1 0
387 142 -1 0
386 142 -1 0
385 142 -1 0
384 142 -1 0
383 142 -1 0
382 142 -1 0
381 142 -1 0
390 141 -1 0
389 141 -1 0
388 141 -1 0
387 141 -1 0
386 141 -1 0
385 141 -1 0
384 141 -1 0
383 141 -1 0
382 141 -1 0
381 141 -1 0
390 140 -1 0
389 140 -1 0
388 140 -1 0
387 140 -1 0
386 140 -1 0
385 140 -1 0
384 140 -1 0
383 140 -1 0
382 140 -1 0
381 140 -1 0
380 140 -1 0
389 139 -1 0
388 139 -1 0
387 139 -1 0
386 139 -1 0
385 139 -1 0
384 139 -1 0
383 139 -1 0
382 139 -1 0
381 139 -1 0
389 138 -1 0
388 138 -1 0
387 138 -1 0
386 138 -1 0
385 138 -1 0
384 138 -1 0
383 138 -1 0
382 138 -1 0
381 138 -1 0
380 138 -1 0
390 137 -1 0
389 137 -1 0
388 137 -1 0
387 137 -1 0
386 137 -1 0
385 137 -1 0
384 137 -1 0
383 137 -1 0
382 137 -1 0
381 137 -1 0
380 137 -1 0
389 136 -1 0
388 136 -1 0
387 136 -1 0
386 136 -1 0
385 136 -1 0
384 136 -1 0
383 136 -1 0
382 136 -1 0
381 136 -1 0
380 136 -1 0
379 136 -1 0
389 135 -1 0
388 135 -1 0
387 135 -1 0
386 135 -1 0
385 135 -1 0
384 135 -1 0
383 135 -1 0
382 135 -1 0
381 135 -1 0
380 135 -1 0
379 135 -1 0
378 135 -1 0
389 134 -1 0
388 134 -1 0
387 134 -1 0
386 134 -1 0
385 134 -1 0
384 134 -1 0
383 134 -1 0
382 134 -1 0
381 134 -1 0
380 134 -1 0
379 134 -1 0
378 134 -1 0
377 134 -1 0
388 133 -1 0
387 133 -1 0
386 133 -1 0
385 133 -1 0
384 133 -1 0
383 133 -1 0
382 133 -1 0
381 133 -1 0
380 133 -1 0
379 133 -1 0
378 133 -1 0
377 133 -1 0
388 132 -1 0
387 132 -1 0
386 132 -1 0
385 132 -1 0
384 132 -1 0
383 132 -1 0
382 132 -1 0
381 132 -1 0
380 132 -1 0
379 132 -1 0
378 132 -1 0
377 132 -1 0
376 132 -1 0
387 131 -1 0
386 131 -1 0
385 131 -1 0
384 131 -1 0
383 131 -1 0
382 131 -1 0
381 131 -1 0
380 131 -1 0
379 131 -1 0
378 131 -1 0
377 131 -1 0
376 131 -1 0
387 130 -1 0
386 130 -1 0
385 130 -1 0
384 130 -1 0
383 130 -1 0
382 130 -1 0
381 130 -1 0
380 130 -1 0
379 130 -1 0
378 130 -1 0
377 130 -1 0
376 130 -1 0
375 130 -1 0
387 129 -1 0
386 129 -1 0
385 129 -1 0
384 129 -1 0
383 129 -1 0
382 129 -1 0
381 129 -1 0
380 129 -1 0
379 129 -1 0
378 129 -1 0
377 129 -1 0
376 129 -1 0
375 129 -1 0
374 129 -1 0
386 128 -1 0
385 128 -1 0
384 128 -1 0
383 128 -1 0
382 128 -1 0
381 128 -1 0
380 128 -1 0
379 128 -1 0
378 128 -1 0
377 128 -1 0
376 128 -1 0
375 128 -1 0
374 128 -1 0
384 127 -1 0
383 127 -1 0
382 127 -1 0
381 127 -1 0
380 127 -1 0
379 127 -1 0
378 127 -1 0
377 127 -1 0
376 127 -1 0
375 127 -1 0
374 127 -1 0
384 126 -1 0
383 126 -1 0
382 126 -1 0
381 126 -1 0
380 126 -1 0
379 126 -1 0
378 126 -1 0
377 126 -1 0
376 126 -1 0
375 126 -1 0
374 126 -1 0
373 126 -1 0
383 125 -1 0
382 125 -1 0
381 125 -1 0
380 125 -1 0
379 125 -1 0
378 125 -1 0
377 125 -1 0
376 125 -1 0
375 125 -1 0
374 125 -1 0
373 125 -1 0
382 124 -1 0
381 124 -1 0
380 124 -1 0
379 124 -1 0
378 124 -1 0
377 124 -1 0
376 124 -1 0
375 124 -1 0
374 124 -1 0
373 124 -1 0
382 123 -1 0
381 123 -1 0
380 123 -1 0
379 123 -1 0
378 123 -1 0
377 123 -1 0
376 123 -1 0
375 123 -1 0
374 123 -1 0
373 123 -1 0
382 122 -1 0
381 122 -1 0
380 122 -1 0
379 122 -1 0
378 122 -1 0
377 122 -1 0
376 122 -1 0
375 122 -1 0
374 122 -1 0
373 122 -1 0
372 122 -1 0
381 121 -1 0
380 121 -1 0
379 121 -1 0
378 121 -1 0
377 121 -1 0
376 121 -1 0
375 121 -1 0
374 121 -1 0
373 121 -1 0
372 121 -1 0
371 121 -1 0
381 120 -1 0
380 120 -1 0
379 120 -1 0
378 120 -1 0
377 120 -1 0
376 120 -1 0
375 120 -1 0
374 120 -1 0
373 120 -1 0
372 120 -1 0
371 120 -1 0
381 119 -1 0
380 119 -1 0
379 119 -1 0
378 119 -1 0
377 119 -1 0
376 119 -1 0
375 119 -1 0
374 119 -1 0
373 119 -1 0
372 119 -1 0
371 119 -1 0
380 118 -1 0
379 118 -1 0
378 118 -1 0
377 118 -1 0
376 118 -1 0
375 118 -1 0
374 118 -1 0
373 118 -1 0
372 118 -1 0
371 118 -1 0
370 118 -1 0
379 117 -1 0
378 117 -1 0
377 117 -1 0
376 117 -1 0
375 117 -1 0
374 117 -1 0
373 117 -1 0
372 117 -1 0
371 117 -1 0
379 116 -1 0
378 116 -1 0
377 116 -1 0
376 116 -1 0
375 116 -1 0
374 116 -1 0
373 116 -1 0
372 116 -1 0
371 116 -1 0
370 116 -1 0
379 115 -1 0
378 115 -1 0
377 115 -1 0
376 115 -1 0
375 115 -1 0
374 115 -1 0
373 115 -1 0
372 115 -1 0
371 115 -1 0
370 115 -1 0
369 115 -1 0
378 114 -1 0
377 114 -1 0
376 114 -1 0
375 114 -1 0
374 114 -1 0
373 114 -1 0
372 114 -1 0
371 114 -1 0
370 114 -1 0
369 114 -1 0
377 113 -1 0
376 113 -1 0
375 113 -1 0
374 113 -1 0
373 113 -1 0
372 113 -1 0
371 113 -1 0
370 113 -1 0
369 113 -1 0
378 112 -1 0
377 112 -1 0
376 112 -1 0
375 112 -1 0
374 112 -1 0
373 112 -1 0
372 112 -1 0
371 112 -1 0
370 112 -1 0
369 112 -1 0
368 112 -1 0
377 111 -1 0
376 111 -1 0
375 111 -1 0
374 111 -1 0
373 111 -1 0
372 111 -1 0
371 111 -1 0
370 111 -1 0
369 111 -1 0
368 111 -1 0
377 110 -1 0
376 110 -1 0
375 110 -1 0
374 110 -1 0
373 110 -1 0
372 110 -1 0
371 110 -1 0
370 110 -1 0
369 110 -1 0
368 110 -1 0
367 110 -1 0
377 109 -1 0
376 109 -1 0
375 109 -1 0
374 109 -1 0
373 109 -1 0
372 109 -1 0
371 109 -1 0
370 109 -1 0
369 109 -1 0
368 109 -1 0
367 109 -1 0
376 108 -1 0
375 108 -1 0
374 108 -1 0
373 108 -1 0
372 108 -1 0
371 108 -1 0
370 108 -1 0
369 108 -1 0
368 108 -1 0
367 108 -1 0
376 107 -1 0
375 107 -1 0
374 107 -1 0
373 107 -1 0
372 107 -1 0
371 107 -1 0
370 107 -1 0
369 107 -1 0
368 107 -1 0
367 107 -1 0
366 107 -1 0
375 106 -1 0
374 106 -1 0
373 106 -1 0
372 106 -1 0
371 106 -1 0
370 106 -1 0
369 106 -1 0
368 106 -1 0
367 106 -1 0
366 106 -1 0
365 106 -1 0
363 106 -1 0
375 105 -1 0
374 105 -1 0
373 105 -1 0
372 105 -1 0
371 105 -1 0
370 105 -1 0
369 105 -1 0
368 105 -1 0
367 105 -1 0
366 105 -1 0
365 105 -1 0
364 105 -1 0
363 105 -1 0
362 105 -1 0
361 105 -1 0
360 105 -1 0
375 104 -1 0
374 104 -1 0
373 104 -1 0
372 104 -1 0
371 104 -1 0
370 104 -1 0
369 104 -1 0
368 104 -1 0
367 104 -1 0
366 104 -1 0
365 104 -1 0
364 104 -1 0
363 104 -1 0
362 104 -1 0
361 104 -1 0
360 104 -1 0
359 104 -1 0
374 103 -1 0
373 103 -1 0
372 103 -1 0
371 103 -1 0
370 103 -1 0
369 103 -1 0
368 103 -1 0
367 103 -1 0
366 103 -1 0
365 103 -1 0
364 103 -1 0
363 103 -1 0
362 103 -1 0
361 103 -1 0
360 103 -1 0
359 103 -1 0
374 102 -1 0
373 102 -1 0
372 102 -1 0
371 102 -1 0
370 102 -1 0
369 102 -1 0
368 102 -1 0
367 102 -1 0
366 102 -1 0
365 102 -1 0
364 102 -1 0
363 102 -1 0
362 102 -1 0
361 102 -1 0
360 102 -1 0
359 102 -1 0
374 101 -1 0
373 101 -1 0
372 101 -1 0
371 101 -1 0
370 101 -1 0
369 101 -1 0
368 101 -1 0
367 101 -1 0
366 101 -1 0
365 101 -1 0
364 101 -1 0
363 101 -1 0
362 101 -1 0
361 101 -1 0
360 101 -1 0
359 101 -1 0
358 101 -1 0
373 100 -1 0
372 100 -1 0
371 100 -1 0
370 100 -1 0
369 100 -1 0
368 100 -1 0
367 100 -1 0
366 100 -1 0
365 100 -1 0
364 100 -1 0
363 100 -1 0
362 100 -1 0
361 100 -1 0
360 100 -1 0
359 100 -1 0
372 99 -1 0
371 99 -1 0
370 99 -1 0
369 99 -1 0
368 99 -1 0
367 99 -1 0
366 99 -1 0
365 99 -1 0
364 99 -1 0
363 99 -1 0
362 99 -1 0
361 99 -1 0
360 99 -1 0
359 99 -1 0
371 98 -1 0
370 98 -1 0
369 98 -1 0
368 98 -1 0
367 98 -1 0
366 98 -1 0
365 98 -1 0
364 98 -1 0
363 98 -1 0
362 98 -1 0
361 98 -1 0
360 98 -1 0
359 98 -1 0
370 97 -1 0
369 97 -1 0
368 97 -1 0
367 97 -1 0
366 97 -1 0
365 97 -1 0
364 97 -1 0
363 97 -1 0
362 97 -1 0
361 97 -1 0
360 97 -1 0
369 96 -1 0
368 96 -1 0
367 96 -1 0
366 96 -1 0
365 96 -1 0
364 96 -1 0
363 96 -1 0
362 96 -1 0
366 95 -1 0
365 95 -1 0
