2679 408 341
166 242 -1 0
162 242 -1 0
160 242 -1 0
158 242 -1 0
157 242 -1 0
169 241 -1 0
168 241 -1 0
167 241 -1 0
166 241 -1 0
165 241 -1 0
164 241 -1 0
163 241 -1 0
162 241 -1 0
161 241 -1 0
160 241 -1 0
159 241 -1 0
158 241 -1 0
157 241 -1 0
156 241 -1 0
155 241 -1 0
154 241 -1 0
170 240 -1 0
169 240 -1 0
168 240 -1 0
167 240 -1 0
166 240 -1 0
165 240 -1 0
164 240 -1 0
163 240 -1 0
162 240 -1 0
161 240 -1 0
160 240 -1 0
159 240 -1 0
158 240 -1 0
157 240 -1 0
156 240 -1 0
155 240 -1 0
154 240 -1 0
153 240 -1 0
170 239 -1 0
169 239 -1 0
168 239 -1 0
167 239 -1 0
166 239 -1 0
165 239 -1 0
164 239 -1 0
163 239 -1 0
162 239 -1 0
161 239 -1 0
160 239 -1 0
159 239 -1 0
158 239 -1 0
157 239 -1 0
156 239 -1 0
155 239 -1 0
154 239 -1 0
153 239 -1 0
152 239 -1 0
170 238 -1 0
169 238 -1 0
168 238 -1 0
167 238 -1 0
166 238 -1 0
165 238 -1 0
164 238 -1 0
163 238 -1 0
162 238 -1 0
161 238 -1 0
160 238 -1 0
159 238 -1 0
158 238 -1 0
157 238 -1 0
156 238 -1 0
155 238 -1 0
154 238 -1 0
153 238 -1 0
152 238 -1 0
151 238 -1 0
171 237 -1 0
170 237 -1 0
169 237 -1 0
168 237 -1 0
167 237 -1 0
166 237 -1 0
165 237 -1 0
164 237 -1 0
163 237 -1 0
162 237 -1 0
161 237 -1 0
160 237 -1 0
159 237 -1 0
158 237 -1 0
157 237 -1 0
156 237 -1 0
155 237 -1 0
154 237 -1 0
153 237 -1 0
152 237 -1 0
151 237 -1 0
150 237 -1 0
170 236 -1 0
169 236 -1 0
168 236 -1 0
167 236 -1 0
166 236 -1 0
165 236 -1 0
164 236 -1 0
163 236 -1 0
162 236 -1 0
161 236 -1 0
160 236 -1 0
159 236 -1 0
158 236 -1 0
157 236 -1 0
156 236 -1 0
155 236 -1 0
154 236 -1 0
153 236 -1 0
152 236 -1 0
151 236 -1 0
150 236 -1 0
149 236 -1 0
170 235 -1 0
169 235 -1 0
168 235 -1 0
167 235 -1 0
166 235 -1 0
165 235 -1 0
164 235 -1 0
163 235 -1 0
162 235 -1 0
161 235 -1 0
160 235 -1 0
159 235 -1 0
158 235 -1 0
157 235 -1 0
156 235 -1 0
155 235 -1 0
154 235 -1 0
153 235 -1 0
152 235 -1 0
151 235 -1 0
150 235 -1 0
149 235 -1 0
148 235 -1 0
147 235 -1 0
170 234 -1 0
169 234 -1 0
168 234 -1 0
167 234 -1 0
166 234 -1 0
165 234 -1 0
164 234 -1 0
163 234 -1 0
162 234 -1 0
161 234 -1 0
160 234 -1 0
159 234 -1 0
158 234 -1 0
157 234 -1 0
156 234 -1 0
155 234 -1 0
154 234 -1 0
153 234 -1 0
152 234 -1 0
151 234 -1 0
150 234 -1 0
149 234 -1 0
148 234 -1 0
147 234 -1 0
146 234 -1 0
169 233 -1 0
168 233 -1 0
167 233 -1 0
166 233 -1 0
165 233 -1 0
164 233 -1 0
163 233 -1 0
162 233 -1 0
161 233 -1 0
160 233 -1 0
159 233 -1 0
158 233 -1 0
157 233 -1 0
156 233 -1 0
155 233 -1 0
154 233 -1 0
153 233 -1 0
152 233 -1 0
151 233 -1 0
150 233 -1 0
149 233 -1 0
148 233 -1 0
147 233 -1 0
146 233 -1 0
145 233 -1 0
166 232 -1 0
162 232 -1 0
161 232 -1 0
160 232 -1 0
159 232 -1 0
158 232 -1 0
157 232 -1 0
156 232 -1 0
155 232 -1 0
154 232 -1 0
153 232 -1 0
152 232 -1 0
151 232 -1 0
150 232 -1 0
149 232 -1 0
148 232 -1 0
147 232 -1 0
146 232 -1 0
145 232 -1 0
144 232 -1 0
160 231 -1 0
159 231 -1 0
158 231 -1 0
157 231 -1 0
156 231 -1 0
155 231 -1 0
154 231 -1 0
153 231 -1 0
152 231 -1 0
151 231 -1 0
150 231 -1 0
149 231 -1 0
148 231 -1 0
147 231 -1 0
146 231 -1 0
145 231 -1 0
144 231 -1 0
143 231 -1 0
142 231 -1 0
141 231 -1 0
157 230 -1 0
156 230 -1 0
155 230 -1 0
154 230 -1 0
153 230 -1 0
152 230 -1 0
151 230 -1 0
150 230 -1 0
149 230 -1 0
148 230 -1 0
147 230 -1 0
146 230 -1 0
145 230 -1 0
144 230 -1 0
143 230 -1 0
142 230 -1 0
141 230 -1 0
140 230 -1 0
156 229 -1 0
155 229 -1 0
154 229 -1 0
153 229 -1 0
152 229 -1 0
151 229 -1 0
150 229 -1 0
149 229 -1 0
148 229 -1 0
147 229 -1 0
146 229 -1 0
145 229 -1 0
144 229 -1 0
143 229 -1 0
142 229 -1 0
141 229 -1 0
140 229 -1 0
139 229 -1 0
155 228 -1 0
154 228 -1 0
153 228 -1 0
152 228 -1 0
151 228 -1 0
150 228 -1 0
149 228 -1 0
148 228 -1 0
147 228 -1 0
146 228 -1 0
145 228 -1 0
144 228 -1 0
143 228 -1 0
142 228 -1 0
141 228 -1 0
140 228 -1 0
139 228 -1 0
138 228 -1 0
153 227 -1 0
152 227 -1 0
151 227 -1 0
150 227 -1 0
149 227 -1 0
148 227 -1 0
147 227 -1 0
146 227 -1 0
145 227 -1 0
144 227 -1 0
143 227 -1 0
142 227 -1 0
141 227 -1 0
140 227 -1 0
139 227 -1 0
138 227 -1 0
137 227 -1 0
152 226 -1 0
151 226 -1 0
150 226 -1 0
149 226 -1 0
148 226 -1 0
147 226 -1 0
146 226 -1 0
145 226 -1 0
144 226 -1 0
143 226 -1 0
142 226 -1 0
141 226 -1 0
140 226 -1 0
139 226 -1 0
138 226 -1 0
137 226 -1 0
136 226 -1 0
151 225 -1 0
150 225 -1 0
149 225 -1 0
148 225 -1 0
147 225 -1 0
146 225 -1 0
145 225 -1 0
144 225 -1 0
143 225 -1 0
142 225 -1 0
141 225 -1 0
140 225 -1 0
139 225 -1 0
138 225 -1 0
137 225 -1 0
136 225 -1 0
135 225 -1 0
150 224 -1 0
149 224 -1 0
148 224 -1 0
147 224 -1 0
146 224 -1 0
145 224 -1 0
144 224 -1 0
143 224 -1 0
142 224 -1 0
141 224 -1 0
140 224 -1 0
139 224 -1 0
138 224 -1 0
137 224 -1 0
136 224 -1 0
135 224 -1 0
134 224 -1 0
149 223 -1 0
148 223 -1 0
147 223 -1 0
146 223 -1 0
145 223 -1 0
144 223 -1 0
143 223 -1 0
142 223 -1 0
141 223 -1 0
140 223 -1 0
139 223 -1 0
138 223 -1 0
137 223 -1 0
136 223 -1 0
135 223 -1 0
134 223 -1 0
147 222 -1 0
146 222 -1 0
145 222 -1 0
144 222 -1 0
143 222 -1 0
142 222 -1 0
141 222 -1 0
140 222 -1 0
139 222 -1 0
138 222 -1 0
137 222 -1 0
136 222 -1 0
135 222 -1 0
134 222 -1 0
133 222 -1 0
146 221 -1 0
145 221 -1 0
144 221 -1 0
143 221 -1 0
142 221 -1 0
141 221 -1 0
140 221 -1 0
139 221 -1 0
138 221 -1 0
137 221 -1 0
136 221 -1 0
135 221 -1 0
134 221 -1 0
133 221 -1 0
132 221 -1 0
145 220 -1 0
144 220 -1 0
143 220 -1 0
142 220 -1 0
141 220 -1 0
140 220 -1 0
139 220 -1 0
138 220 -1 0
137 220 -1 0
136 220 -1 0
135 220 -1 0
134 220 -1 0
133 220 -1 0
132 220 -1 0
143 219 -1 0
142 219 -1 0
141 219 -1 0
140 219 -1 0
139 219 -1 0
138 219 -1 0
137 219 -1 0
136 219 -1 0
135 219 -1 0
134 219 -1 0
133 219 -1 0
132 219 -1 0
131 219 -1 0
130 219 -1 0
142 218 -1 0
141 218 -1 0
140 218 -1 0
139 218 -1 0
138 218 -1 0
137 218 -1 0
136 218 -1 0
135 218 -1 0
134 218 -1 0
133 218 -1 0
132 218 -1 0
131 218 -1 0
130 218 -1 0
129 218 -1 0
141 217 -1 0
140 217 -1 0
139 217 -1 0
138 217 -1 0
137 217 -1 0
136 217 -1 0
135 217 -1 0
134 217 -1 0
133 217 -1 0
132 217 -1 0
131 217 -1 0
130 217 -1 0
129 217 -1 0
128 217 -1 0
140 216 -1 0
139 216 -1 0
138 216 -1 0
137 216 -1 0
136 216 -1 0
135 216 -1 0
134 216 -1 0
133 216 -1 0
132 216 -1 0
131 216 -1 0
130 216 -1 0
129 216 -1 0
128 216 -1 0
127 216 -1 0
140 215 -1 0
139 215 -1 0
138 215 -1 0
137 215 -1 0
136 215 -1 0
135 215 -1 0
134 215 -1 0
133 215 -1 0
132 215 -1 0
131 215 -1 0
130 215 -1 0
129 215 -1 0
128 215 -1 0
127 215 -1 0
126 215 -1 0
139 214 -1 0
138 214 -1 0
137 214 -1 0
136 214 -1 0
135 214 -1 0
134 214 -1 0
133 214 -1 0
132 214 -1 0
131 214 -1 0
130 214 -1 0
129 214 -1 0
128 214 -1 0
127 214 -1 0
126 214 -1 0
125 214 -1 0
137 213 -1 0
136 213 -1 0
135 213 -1 0
134 213 -1 0
133 213 -1 0
132 213 -1 0
131 213 -1 0
130 213 -1 0
129 213 -1 0
128 213 -1 0
127 213 -1 0
126 213 -1 0
125 213 -1 0
137 212 -1 0
136 212 -1 0
135 212 -1 0
134 212 -1 0
133 212 -1 0
132 212 -1 0
131 212 -1 0
130 212 -1 0
129 212 -1 0
128 212 -1 0
127 212 -1 0
126 212 -1 0
125 212 -1 0
124 212 -1 0
136 211 -1 0
135 211 -1 0
134 211 -1 0
133 211 -1 0
132 211 -1 0
131 211 -1 0
130 211 -1 0
129 211 -1 0
128 211 -1 0
127 211 -1 0
126 211 -1 0
125 211 -1 0
124 211 -1 0
123 211 -1 0
135 210 -1 0
134 210 -1 0
133 210 -1 0
132 210 -1 0
131 210 -1 0
130 210 -1 0
129 210 -1 0
128 210 -1 0
127 210 -1 0
126 210 -1 0
125 210 -1 0
124 210 -1 0
123 210 -1 0
281 209 -1 0
134 209 -1 0
133 209 -1 0
132 209 -1 0
131 209 -1 0
130 209 -1 0
129 209 -1 0
128 209 -1 0
127 209 -1 0
126 209 -1 0
125 209 -1 0
124 209 -1 0
123 209 -1 0
284 208 -1 0
283 208 -1 0
282 208 -1 0
281 208 -1 0
280 208 -1 0
279 208 -1 0
278 208 -1 0
133 208 -1 0
132 208 -1 0
131 208 -1 0
130 208 -1 0
129 208 -1 0
128 208 -1 0
127 208 -1 0
126 208 -1 0
125 208 -1 0
124 208 -1 0
123 208 -1 0
122 208 -1 0
285 207 -1 0
284 207 -1 0
283 207 -1 0
282 207 -1 0
281 207 -1 0
280 207 -1 0
279 207 -1 0
278 207 -1 0
277 207 -1 0
132 207 -1 0
131 207 -1 0
130 207 -1 0
129 207 -1 0
128 207 -1 0
127 207 -1 0
126 207 -1 0
125 207 -1 0
124 207 -1 0
123 207 -1 0
122 207 -1 0
286 206 -1 0
285 206 -1 0
284 206 -1 0
283 206 -1 0
282 206 -1 0
281 206 -1 0
280 206 -1 0
279 206 -1 0
278 206 -1 0
277 206 -1 0
131 206 -1 0
130 206 -1 0
129 206 -1 0
128 206 -1 0
127 206 -1 0
126 206 -1 0
125 206 -1 0
124 206 -1 0
123 206 -1 0
122 206 -1 0
286 205 -1 0
285 205 -1 0
284 205 -1 0
283 205 -1 0
282 205 -1 0
281 205 -1 0
280 205 -1 0
279 205 -1 0
278 205 -1 0
277 205 -1 0
131 205 -1 0
130 205 -1 0
129 205 -1 0
128 205 -1 0
127 205 -1 0
126 205 -1 0
125 205 -1 0
124 205 -1 0
123 205 -1 0
122 205 -1 0
121 205 -1 0
287 204 -1 0
286 204 -1 0
285 204 -1 0
284 204 -1 0
283 204 -1 0
282 204 -1 0
281 204 -1 0
280 204 -1 0
279 204 -1 0
278 204 -1 0
277 204 -1 0
276 204 -1 0
130 204 -1 0
129 204 -1 0
128 204 -1 0
127 204 -1 0
126 204 -1 0
125 204 -1 0
124 204 -1 0
123 204 -1 0
122 204 -1 0
121 204 -1 0
288 203 -1 0
287 203 -1 0
286 203 -1 0
285 203 -1 0
284 203 -1 0
283 203 -1 0
282 203 -1 0
281 203 -1 0
280 203 -1 0
279 203 -1 0
278 203 -1 0
277 203 -1 0
130 203 -1 0
129 203 -1 0
128 203 -1 0
127 203 -1 0
126 203 -1 0
125 203 -1 0
124 203 -1 0
123 203 -1 0
122 203 -1 0
121 203 -1 0
289 202 -1 0
288 202 -1 0
287 202 -1 0
286 202 -1 0
285 202 -1 0
284 202 -1 0
283 202 -1 0
282 202 -1 0
281 202 -1 0
280 202 -1 0
279 202 -1 0
278 202 -1 0
277 202 -1 0
130 202 -1 0
129 202 -1 0
128 202 -1 0
127 202 -1 0
126 202 -1 0
125 202 -1 0
124 202 -1 0
123 202 -1 0
122 202 -1 0
121 202 -1 0
120 202 -1 0
289 201 -1 0
288 201 -1 0
287 201 -1 0
286 201 -1 0
285 201 -1 0
284 201 -1 0
283 201 -1 0
282 201 -1 0
281 201 -1 0
280 201 -1 0
279 201 -1 0
278 201 -1 0
277 201 -1 0
130 201 -1 0
129 201 -1 0
128 201 -1 0
127 201 -1 0
126 201 -1 0
125 201 -1 0
124 201 -1 0
123 201 -1 0
122 201 -1 0
121 201 -1 0
120 201 -1 0
289 200 -1 0
288 200 -1 0
287 200 -1 0
286 200 -1 0
285 200 -1 0
284 200 -1 0
283 200 -1 0
282 200 -1 0
281 200 -1 0
280 200 -1 0
279 200 -1 0
278 200 -1 0
129 200 -1 0
128 200 -1 0
127 200 -1 0
126 200 -1 0
125 200 -1 0
124 200 -1 0
123 200 -1 0
122 200 -1 0
121 200 -1 0
120 200 -1 0
290 199 -1 0
289 199 -1 0
288 199 -1 0
287 199 -1 0
286 199 -1 0
285 199 -1 0
284 199 -1 0
283 199 -1 0
282 199 -1 0
281 199 -1 0
280 199 -1 0
279 199 -1 0
278 199 -1 0
129 199 -1 0
128 199 -1 0
127 199 -1 0
126 199 -1 0
125 199 -1 0
124 199 -1 0
123 199 -1 0
122 199 -1 0
121 199 -1 0
120 199 -1 0
119 199 -1 0
291 198 -1 0
290 198 -1 0
289 198 -1 0
288 198 -1 0
287 198 -1 0
286 198 -1 0
285 198 -1 0
284 198 -1 0
283 198 -1 0
282 198 -1 0
281 198 -1 0
280 198 -1 0
279 198 -1 0
278 198 -1 0
129 198 -1 0
128 198 -1 0
127 198 -1 0
126 198 -1 0
125 198 -1 0
124 198 -1 0
123 198 -1 0
122 198 -1 0
121 198 -1 0
120 198 -1 0
292 197 -1 0
291 197 -1 0
290 197 -1 0
289 197 -1 0
288 197 -1 0
287 197 -1 0
286 197 -1 0
285 197 -1 0
284 197 -1 0
283 197 -1 0
282 197 -1 0
281 197 -1 0
280 197 -1 0
279 197 -1 0
128 197 -1 0
127 197 -1 0
126 197 -1 0
125 197 -1 0
124 197 -1 0
123 197 -1 0
122 197 -1 0
121 197 -1 0
120 197 -1 0
119 197 -1 0
118 197 -1 0
293 196 -1 0
292 196 -1 0
291 196 -1 0
290 196 -1 0
289 196 -1 0
288 196 -1 0
287 196 -1 0
286 196 -1 0
285 196 -1 0
284 196 -1 0
283 196 -1 0
282 196 -1 0
281 196 -1 0
128 196 -1 0
127 196 -1 0
126 196 -1 0
125 196 -1 0
124 196 -1 0
123 196 -1 0
122 196 -1 0
121 196 -1 0
120 196 -1 0
119 196 -1 0
118 196 -1 0
117 196 -1 0
293 195 -1 0
292 195 -1 0
291 195 -1 0
290 195 -1 0
289 195 -1 0
288 195 -1 0
287 195 -1 0
286 195 -1 0
285 195 -1 0
284 195 -1 0
283 195 -1 0
282 195 -1 0
281 195 -1 0
127 195 -1 0
126 195 -1 0
125 195 -1 0
124 195 -1 0
123 195 -1 0
122 195 -1 0
121 195 -1 0
120 195 -1 0
119 195 -1 0
118 195 -1 0
117 195 -1 0
116 195 -1 0
293 194 -1 0
292 194 -1 0
291 194 -1 0
290 194 -1 0
289 194 -1 0
288 194 -1 0
287 194 -1 0
286 194 -1 0
285 194 -1 0
284 194 -1 0
283 194 -1 0
282 194 -1 0
281 194 -1 0
125 194 -1 0
124 194 -1 0
123 194 -1 0
122 194 -1 0
121 194 -1 0
120 194 -1 0
119 194 -1 0
118 194 -1 0
117 194 -1 0
116 194 -1 0
294 193 -1 0
293 193 -1 0
292 193 -1 0
291 193 -1 0
290 193 -1 0
289 193 -1 0
288 193 -1 0
287 193 -1 0
286 193 -1 0
285 193 -1 0
284 193 -1 0
283 193 -1 0
282 193 -1 0
126 193 -1 0
125 193 -1 0
124 193 -1 0
123 193 -1 0
122 193 -1 0
121 193 -1 0
120 193 -1 0
119 193 -1 0
118 193 -1 0
117 193 -1 0
116 193 -1 0
294 192 -1 0
293 192 -1 0
292 192 -1 0
291 192 -1 0
290 192 -1 0
289 192 -1 0
288 192 -1 0
287 192 -1 0
286 192 -1 0
285 192 -1 0
284 192 -1 0
283 192 -1 0
200 192 -1 1
125 192 -1 0
124 192 -1 0
123 192 -1 0
122 192 -1 0
121 192 -1 0
120 192 -1 0
119 192 -1 0
118 192 -1 0
117 192 -1 0
116 192 -1 0
115 192 -1 0
294 191 -1 0
293 191 -1 0
292 191 -1 0
291 191 -1 0
290 191 -1 0
289 191 -1 0
288 191 -1 0
287 191 -1 0
286 191 -1 0
285 191 -1 0
284 191 -1 0
203 191 -1 1
202 191 -1 1
201 191 -1 1
200 191 -1 1
199 191 -1 1
198 191 -1 1
197 191 -1 1
125 191 -1 0
124 191 -1 0
123 191 -1 0
122 191 -1 0
121 191 -1 0
120 191 -1 0
119 191 -1 0
118 191 -1 0
117 191 -1 0
116 191 -1 0
115 191 -1 0
294 190 -1 0
293 190 -1 0
292 190 -1 0
291 190 -1 0
290 190 -1 0
289 190 -1 0
288 190 -1 0
287 190 -1 0
286 190 -1 0
285 190 -1 0
204 190 -1 1
203 190 -1 1
202 190 -1 1
201 190 -1 1
200 190 -1 1
199 190 -1 1
198 190 -1 1
197 190 -1 1
196 190 -1 1
125 190 -1 0
124 190 -1 0
123 190 -1 0
122 190 -1 0
121 190 -1 0
120 190 -1 0
119 190 -1 0
118 190 -1 0
117 190 -1 0
116 190 -1 0
115 190 -1 0
295 189 -1 0
294 189 -1 0
293 189 -1 0
292 189 -1 0
291 189 -1 0
290 189 -1 0
289 189 -1 0
288 189 -1 0
287 189 -1 0
286 189 -1 0
285 189 -1 0
204 189 -1 1
203 189 -1 1
202 189 -1 1
201 189 -1 1
200 189 -1 1
199 189 -1 1
198 189 -1 1
197 189 -1 1
196 189 -1 1
195 189 -1 1
194 189 -1 1
193 189 -1 1
124 189 -1 0
123 189 -1 0
122 189 -1 0
121 189 -1 0
120 189 -1 0
119 189 -1 0
118 189 -1 0
117 189 -1 0
116 189 -1 0
115 189 -1 0
114 189 -1 0
295 188 -1 0
294 188 -1 0
293 188 -1 0
292 188 -1 0
291 188 -1 0
290 188 -1 0
289 188 -1 0
288 188 -1 0
287 188 -1 0
286 188 -1 0
204 188 -1 1
203 188 -1 1
202 188 -1 1
201 188 -1 1
200 188 -1 1
199 188 -1 1
198 188 -1 1
197 188 -1 1
196 188 -1 1
195 188 -1 1
194 188 -1 1
193 188 -1 1
192 188 -1 1
123 188 -1 0
122 188 -1 0
121 188 -1 0
120 188 -1 0
119 188 -1 0
118 188 -1 0
117 188 -1 0
116 188 -1 0
115 188 -1 0
295 187 -1 0
294 187 -1 0
293 187 -1 0
292 187 -1 0
291 187 -1 0
290 187 -1 0
289 187 -1 0
288 187 -1 0
287 187 -1 0
286 187 -1 0
285 187 -1 0
205 187 -1 1
204 187 -1 1
203 187 -1 1
202 187 -1 1
201 187 -1 1
200 187 -1 1
199 187 -1 1
198 187 -1 1
197 187 -1 1
196 187 -1 1
195 187 -1 1
194 187 -1 1
193 187 -1 1
192 187 -1 1
191 187 -1 1
123 187 -1 0
122 187 -1 0
121 187 -1 0
120 187 -1 0
119 187 -1 0
118 187 -1 0
117 187 -1 0
116 187 -1 0
115 187 -1 0
114 187 -1 0
295 186 -1 0
294 186 -1 0
293 186 -1 0
292 186 -1 0
291 186 -1 0
290 186 -1 0
289 186 -1 0
288 186 -1 0
287 186 -1 0
286 186 -1 0
204 186 -1 1
203 186 -1 1
202 186 -1 1
201 186 -1 1
200 186 -1 1
199 186 -1 1
198 186 -1 1
197 186 -1 1
196 186 -1 1
195 186 -1 1
194 186 -1 1
193 186 -1 1
192 186 -1 1
191 186 -1 1
190 186 -1 1
124 186 -1 0
123 186 -1 0
122 186 -1 0
121 186 -1 0
120 186 -1 0
119 186 -1 0
118 186 -1 0
117 186 -1 0
116 186 -1 0
115 186 -1 0
114 186 -1 0
296 185 -1 0
295 185 -1 0
294 185 -1 0
293 185 -1 0
292 185 -1 0
291 185 -1 0
290 185 -1 0
289 185 -1 0
288 185 -1 0
287 185 -1 0
286 185 -1 0
204 185 -1 1
203 185 -1 1
202 185 -1 1
201 185 -1 1
200 185 -1 1
199 185 -1 1
198 185 -1 1
197 185 -1 1
196 185 -1 1
195 185 -1 1
194 185 -1 1
193 185 -1 1
192 185 -1 1
191 185 -1 1
190 185 -1 1
189 185 -1 1
123 185 -1 0
122 185 -1 0
121 185 -1 0
120 185 -1 0
119 185 -1 0
118 185 -1 0
117 185 -1 0
116 185 -1 0
115 185 -1 0
114 185 -1 0
113 185 -1 0
297 184 -1 0
296 184 -1 0
295 184 -1 0
294 184 -1 0
293 184 -1 0
292 184 -1 0
291 184 -1 0
290 184 -1 0
289 184 -1 0
288 184 -1 0
287 184 -1 0
286 184 -1 0
204 184 -1 1
203 184 -1 1
202 184 -1 1
201 184 -1 1
200 184 -1 1
199 184 -1 1
198 184 -1 1
197 184 -1 1
196 184 -1 1
195 184 -1 1
194 184 -1 1
193 184 -1 1
192 184 -1 1
191 184 -1 1
190 184 -1 1
189 184 -1 1
123 184 -1 0
122 184 -1 0
121 184 -1 0
120 184 -1 0
119 184 -1 0
118 184 -1 0
117 184 -1 0
116 184 -1 0
115 184 -1 0
114 184 -1 0
113 184 -1 0
297 183 -1 0
296 183 -1 0
295 183 -1 0
294 183 -1 0
293 183 -1 0
292 183 -1 0
291 183 -1 0
290 183 -1 0
289 183 -1 0
288 183 -1 0
287 183 -1 0
203 183 -1 1
202 183 -1 1
201 183 -1 1
200 183 -1 1
199 183 -1 1
198 183 -1 1
197 183 -1 1
196 183 -1 1
195 183 -1 1
194 183 -1 1
193 183 -1 1
192 183 -1 1
191 183 -1 1
190 183 -1 1
189 183 -1 1
188 183 -1 1
187 183 -1 1
186 183 -1 1
123 183 -1 0
122 183 -1 0
121 183 -1 0
120 183 -1 0
119 183 -1 0
118 183 -1 0
117 183 -1 0
116 183 -1 0
115 183 -1 0
114 183 -1 0
113 183 -1 0
297 182 -1 0
296 182 -1 0
295 182 -1 0
294 182 -1 0
293 182 -1 0
292 182 -1 0
291 182 -1 0
290 182 -1 0
289 182 -1 0
288 182 -1 0
287 182 -1 0
202 182 -1 1
201 182 -1 1
200 182 -1 1
199 182 -1 1
198 182 -1 1
197 182 -1 1
196 182 -1 1
195 182 -1 1
194 182 -1 1
193 182 -1 1
192 182 -1 1
191 182 -1 1
190 182 -1 1
189 182 -1 1
188 182 -1 1
187 182 -1 1
186 182 -1 1
185 182 -1 1
122 182 -1 0
121 182 -1 0
120 182 -1 0
119 182 -1 0
118 182 -1 0
117 182 -1 0
116 182 -1 0
115 182 -1 0
114 182 -1 0
113 182 -1 0
112 182 -1 0
298 181 -1 0
297 181 -1 0
296 181 -1 0
295 181 -1 0
294 181 -1 0
293 181 -1 0
292 181 -1 0
291 181 -1 0
290 181 -1 0
289 181 -1 0
288 181 -1 0
287 181 -1 0
201 181 -1 1
200 181 -1 1
199 181 -1 1
198 181 -1 1
197 181 -1 1
196 181 -1 1
195 181 -1 1
194 181 -1 1
193 181 -1 1
192 181 -1 1
191 181 -1 1
190 181 -1 1
189 181 -1 1
188 181 -1 1
187 181 -1 1
186 181 -1 1
185 181 -1 1
184 181 -1 1
122 181 -1 0
121 181 -1 0
120 181 -1 0
119 181 -1 0
118 181 -1 0
117 181 -1 0
116 181 -1 0
115 181 -1 0
114 181 -1 0
113 181 -1 0
298 180 -1 0
297 180 -1 0
296 180 -1 0
295 180 -1 0
294 180 -1 0
293 180 -1 0
292 180 -1 0
291 180 -1 0
290 180 -1 0
289 180 -1 0
288 180 -1 0
199 180 -1 1
198 180 -1 1
197 180 -1 1
196 180 -1 1
195 180 -1 1
194 180 -1 1
193 180 -1 1
192 180 -1 1
191 180 -1 1
190 180 -1 1
189 180 -1 1
188 180 -1 1
187 180 -1 1
186 180 -1 1
185 180 -1 1
184 180 -1 1
183 180 -1 1
121 180 -1 0
120 180 -1 0
119 180 -1 0
118 180 -1 0
117 180 -1 0
116 180 -1 0
115 180 -1 0
114 180 -1 0
113 180 -1 0
297 179 -1 0
296 179 -1 0
295 179 -1 0
294 179 -1 0
293 179 -1 0
292 179 -1 0
291 179 -1 0
290 179 -1 0
289 179 -1 0
198 179 -1 1
197 179 -1 1
196 179 -1 1
195 179 -1 1
194 179 -1 1
193 179 -1 1
192 179 -1 1
191 179 -1 1
190 179 -1 1
189 179 -1 1
188 179 -1 1
187 179 -1 1
186 179 -1 1
185 179 -1 1
184 179 -1 1
183 179 -1 1
182 179 -1 1
122 179 -1 0
121 179 -1 0
120 179 -1 0
119 179 -1 0
118 179 -1 0
117 179 -1 0
116 179 -1 0
115 179 -1 0
114 179 -1 0
113 179 -1 0
112 179 -1 0
298 178 -1 0
297 178 -1 0
296 178 -1 0
295 178 -1 0
294 178 -1 0
293 178 -1 0
292 178 -1 0
291 178 -1 0
290 178 -1 0
289 178 -1 0
288 178 -1 0
196 178 -1 1
195 178 -1 1
194 178 -1 1
193 178 -1 1
192 178 -1 1
191 178 -1 1
190 178 -1 1
189 178 -1 1
188 178 -1 1
187 178 -1 1
186 178 -1 1
185 178 -1 1
184 178 -1 1
183 178 -1 1
182 178 -1 1
181 178 -1 1
122 178 -1 0
121 178 -1 0
120 178 -1 0
119 178 -1 0
118 178 -1 0
117 178 -1 0
116 178 -1 0
115 178 -1 0
114 178 -1 0
113 178 -1 0
298 177 -1 0
297 177 -1 0
296 177 -1 0
295 177 -1 0
294 177 -1 0
293 177 -1 0
292 177 -1 0
291 177 -1 0
290 177 -1 0
289 177 -1 0
288 177 -1 0
196 177 -1 1
195 177 -1 1
194 177 -1 1
193 177 -1 1
192 177 -1 1
191 177 -1 1
190 177 -1 1
189 177 -1 1
188 177 -1 1
187 177 -1 1
186 177 -1 1
185 177 -1 1
184 177 -1 1
183 177 -1 1
182 177 -1 1
181 177 -1 1
180 177 -1 1
122 177 -1 0
121 177 -1 0
120 177 -1 0
119 177 -1 0
118 177 -1 0
117 177 -1 0
116 177 -1 0
115 177 -1 0
114 177 -1 0
113 177 -1 0
112 177 -1 0
297 176 -1 0
296 176 -1 0
295 176 -1 0
294 176 -1 0
293 176 -1 0
292 176 -1 0
291 176 -1 0
290 176 -1 0
289 176 -1 0
195 176 -1 1
194 176 -1 1
193 176 -1 1
192 176 -1 1
191 176 -1 1
190 176 -1 1
189 176 -1 1
188 176 -1 1
187 176 -1 1
186 176 -1 1
185 176 -1 1
184 176 -1 1
183 176 -1 1
182 176 -1 1
181 176 -1 1
180 176 -1 1
122 176 -1 0
121 176 -1 0
120 176 -1 0
119 176 -1 0
118 176 -1 0
117 176 -1 0
116 176 -1 0
115 176 -1 0
114 176 -1 0
113 176 -1 0
297 175 -1 0
296 175 -1 0
295 175 -1 0
294 175 -1 0
293 175 -1 0
292 175 -1 0
291 175 -1 0
290 175 -1 0
289 175 -1 0
194 175 -1 1
193 175 -1 1
192 175 -1 1
191 175 -1 1
190 175 -1 1
189 175 -1 1
188 175 -1 1
187 175 -1 1
186 175 -1 1
185 175 -1 1
184 175 -1 1
183 175 -1 1
182 175 -1 1
181 175 -1 1
180 175 -1 1
179 175 -1 1
178 175 -1 1
123 175 -1 0
122 175 -1 0
121 175 -1 0
120 175 -1 0
119 175 -1 0
118 175 -1 0
117 175 -1 0
116 175 -1 0
115 175 -1 0
114 175 -1 0
113 175 -1 0
112 175 -1 0
298 174 -1 0
297 174 -1 0
296 174 -1 0
295 174 -1 0
294 174 -1 0
293 174 -1 0
292 174 -1 0
291 174 -1 0
290 174 -1 0
289 174 -1 0
288 174 -1 0
192 174 -1 1
191 174 -1 1
190 174 -1 1
189 174 -1 1
188 174 -1 1
187 174 -1 1
186 174 -1 1
185 174 -1 1
184 174 -1 1
183 174 -1 1
182 174 -1 1
181 174 -1 1
180 174 -1 1
179 174 -1 1
178 174 -1 1
177 174 -1 1
122 174 -1 0
121 174 -1 0
120 174 -1 0
119 174 -1 0
118 174 -1 0
117 174 -1 0
116 174 -1 0
115 174 -1 0
114 174 -1 0
113 174 -1 0
297 173 -1 0
296 173 -1 0
295 173 -1 0
294 173 -1 0
293 173 -1 0
292 173 -1 0
291 173 -1 0
290 173 -1 0
289 173 -1 0
191 173 -1 1
190 173 -1 1
189 173 -1 1
188 173 -1 1
187 173 -1 1
186 173 -1 1
185 173 -1 1
184 173 -1 1
183 173 -1 1
182 173 -1 1
181 173 -1 1
180 173 -1 1
179 173 -1 1
178 173 -1 1
177 173 -1 1
122 173 -1 0
121 173 -1 0
120 173 -1 0
119 173 -1 0
118 173 -1 0
117 173 -1 0
116 173 -1 0
115 173 -1 0
114 173 -1 0
113 173 -1 0
298 172 -1 0
297 172 -1 0
296 172 -1 0
295 172 -1 0
294 172 -1 0
293 172 -1 0
292 172 -1 0
291 172 -1 0
290 172 -1 0
289 172 -1 0
288 172 -1 0
190 172 -1 1
189 172 -1 1
188 172 -1 1
187 172 -1 1
186 172 -1 1
185 172 -1 1
184 172 -1 1
183 172 -1 1
182 172 -1 1
181 172 -1 1
180 172 -1 1
179 172 -1 1
178 172 -1 1
177 172 -1 1
122 172 -1 0
121 172 -1 0
120 172 -1 0
119 172 -1 0
118 172 -1 0
117 172 -1 0
116 172 -1 0
115 172 -1 0
114 172 -1 0
113 172 -1 0
298 171 -1 0
297 171 -1 0
296 171 -1 0
295 171 -1 0
294 171 -1 0
293 171 -1 0
292 171 -1 0
291 171 -1 0
290 171 -1 0
289 171 -1 0
288 171 -1 0
189 171 -1 1
188 171 -1 1
187 171 -1 1
186 171 -1 1
185 171 -1 1
184 171 -1 1
183 171 -1 1
182 171 -1 1
181 171 -1 1
180 171 -1 1
179 171 -1 1
178 171 -1 1
177 171 -1 1
176 171 -1 1
175 171 -1 1
121 171 -1 0
120 171 -1 0
119 171 -1 0
118 171 -1 0
117 171 -1 0
116 171 -1 0
115 171 -1 0
114 171 -1 0
297 170 -1 0
296 170 -1 0
295 170 -1 0
294 170 -1 0
293 170 -1 0
292 170 -1 0
291 170 -1 0
290 170 -1 0
289 170 -1 0
188 170 -1 1
187 170 -1 1
186 170 -1 1
185 170 -1 1
184 170 -1 1
183 170 -1 1
182 170 -1 1
181 170 -1 1
180 170 -1 1
179 170 -1 1
178 170 -1 1
177 170 -1 1
176 170 -1 1
175 170 -1 1
174 170 -1 1
118 170 -1 0
117 170 -1 0
298 169 -1 0
297 169 -1 0
296 169 -1 0
295 169 -1 0
294 169 -1 0
293 169 -1 0
292 169 -1 0
291 169 -1 0
290 169 -1 0
289 169 -1 0
288 169 -1 0
187 169 -1 1
186 169 -1 1
185 169 -1 1
184 169 -1 1
183 169 -1 1
182 169 -1 1
181 169 -1 1
180 169 -1 1
179 169 -1 1
178 169 -1 1
177 169 -1 1
176 169 -1 1
175 169 -1 1
174 169 -1 1
298 168 -1 0
297 168 -1 0
296 168 -1 0
295 168 -1 0
294 168 -1 0
293 168 -1 0
292 168 -1 0
291 168 -1 0
290 168 -1 0
289 168 -1 0
288 168 -1 0
186 168 -1 1
185 168 -1 1
184 168 -1 1
183 168 -1 1
182 168 -1 1
181 168 -1 1
180 168 -1 1
179 168 -1 1
178 168 -1 1
177 168 -1 1
176 168 -1 1
175 168 -1 1
174 168 -1 1
297 167 -1 0
296 167 -1 0
295 167 -1 0
294 167 -1 0
293 167 -1 0
292 167 -1 0
291 167 -1 0
290 167 -1 0
289 167 -1 0
185 167 -1 1
184 167 -1 1
183 167 -1 1
182 167 -1 1
181 167 -1 1
180 167 -1 1
179 167 -1 1
178 167 -1 1
177 167 -1 1
176 167 -1 1
175 167 -1 1
174 167 -1 1
173 167 -1 1
298 166 -1 0
297 166 -1 0
296 166 -1 0
295 166 -1 0
294 166 -1 0
293 166 -1 0
292 166 -1 0
291 166 -1 0
290 166 -1 0
289 166 -1 0
288 166 -1 0
184 166 -1 1
183 166 -1 1
182 166 -1 1
181 166 -1 1
180 166 -1 1
179 166 -1 1
178 166 -1 1
177 166 -1 1
176 166 -1 1
175 166 -1 1
174 166 -1 1
173 166 -1 1
172 166 -1 1
297 165 -1 0
296 165 -1 0
295 165 -1 0
294 165 -1 0
293 165 -1 0
292 165 -1 0
291 165 -1 0
290 165 -1 0
289 165 -1 0
183 165 -1 1
182 165 -1 1
181 165 -1 1
180 165 -1 1
179 165 -1 1
178 165 -1 1
177 165 -1 1
176 165 -1 1
175 165 -1 1
174 165 -1 1
173 165 -1 1
172 165 -1 1
171 165 -1 1
297 164 -1 0
296 164 -1 0
295 164 -1 0
294 164 -1 0
293 164 -1 0
292 164 -1 0
291 164 -1 0
290 164 -1 0
289 164 -1 0
182 164 -1 1
181 164 -1 1
180 164 -1 1
179 164 -1 1
178 164 -1 1
177 164 -1 1
176 164 -1 1
175 164 -1 1
174 164 -1 1
173 164 -1 1
172 164 -1 1
171 164 -1 1
170 164 -1 1
297 163 -1 0
296 163 -1 0
295 163 -1 0
294 163 -1 0
293 163 -1 0
292 163 -1 0
291 163 -1 0
290 163 -1 0
289 163 -1 0
182 163 -1 1
181 163 -1 1
180 163 -1 1
179 163 -1 1
178 163 -1 1
177 163 -1 1
176 163 -1 1
175 163 -1 1
174 163 -1 1
173 163 -1 1
172 163 -1 1
171 163 -1 1
170 163 -1 1
297 162 -1 0
296 162 -1 0
295 162 -1 0
294 162 -1 0
293 162 -1 0
292 162 -1 0
291 162 -1 0
290 162 -1 0
289 162 -1 0
182 162 -1 1
181 162 -1 1
180 162 -1 1
179 162 -1 1
178 162 -1 1
177 162 -1 1
176 162 -1 1
175 162 -1 1
174 162 -1 1
173 162 -1 1
172 162 -1 1
171 162 -1 1
170 162 -1 1
169 162 -1 1
297 161 -1 0
296 161 -1 0
295 161 -1 0
294 161 -1 0
293 161 -1 0
292 161 -1 0
291 161 -1 0
290 161 -1 0
289 161 -1 0
181 161 -1 1
180 161 -1 1
179 161 -1 1
178 161 -1 1
177 161 -1 1
176 161 -1 1
175 161 -1 1
174 161 -1 1
173 161 -1 1
172 161 -1 1
171 161 -1 1
170 161 -1 1
169 161 -1 1
168 161 -1 1
298 160 -1 0
297 160 -1 0
296 160 -1 0
295 160 -1 0
294 160 -1 0
293 160 -1 0
292 160 -1 0
291 160 -1 0
290 160 -1 0
289 160 -1 0
288 160 -1 0
180 160 -1 1
179 160 -1 1
178 160 -1 1
177 160 -1 1
176 160 -1 1
175 160 -1 1
174 160 -1 1
173 160 -1 1
172 160 -1 1
171 160 -1 1
170 160 -1 1
169 160 -1 1
168 160 -1 1
167 160 -1 1
297 159 -1 0
296 159 -1 0
295 159 -1 0
294 159 -1 0
293 159 -1 0
292 159 -1 0
291 159 -1 0
290 159 -1 0
289 159 -1 0
179 159 -1 1
178 159 -1 1
177 159 -1 1
176 159 -1 1
175 159 -1 1
174 159 -1 1
173 159 -1 1
172 159 -1 1
171 159 -1 1
170 159 -1 1
169 159 -1 1
168 159 -1 1
167 159 -1 1
166 159 -1 1
298 158 -1 0
297 158 -1 0
296 158 -1 0
295 158 -1 0
294 158 -1 0
293 158 -1 0
292 158 -1 0
291 158 -1 0
290 158 -1 0
289 158 -1 0
288 158 -1 0
178 158 -1 1
177 158 -1 1
176 158 -1 1
175 158 -1 1
174 158 -1 1
173 158 -1 1
172 158 -1 1
171 158 -1 1
170 158 -1 1
169 158 -1 1
168 158 -1 1
167 158 -1 1
166 158 -1 1
298 157 -1 0
297 157 -1 0
296 157 -1 0
295 157 -1 0
294 157 -1 0
293 157 -1 0
292 157 -1 0
291 157 -1 0
290 157 -1 0
289 157 -1 0
288 157 -1 0
178 157 -1 1
177 157 -1 1
176 157 -1 1
175 157 -1 1
174 157 -1 1
173 157 -1 1
172 157 -1 1
171 157 -1 1
170 157 -1 1
169 157 -1 1
168 157 -1 1
167 157 -1 1
166 157 -1 1
165 157 -1 1
297 156 -1 0
296 156 -1 0
295 156 -1 0
294 156 -1 0
293 156 -1 0
292 156 -1 0
291 156 -1 0
290 156 -1 0
289 156 -1 0
177 156 -1 1
176 156 -1 1
175 156 -1 1
174 156 -1 1
173 156 -1 1
172 156 -1 1
171 156 -1 1
170 156 -1 1
169 156 -1 1
168 156 -1 1
167 156 -1 1
166 156 -1 1
165 156 -1 1
297 155 -1 0
296 155 -1 0
295 155 -1 0
294 155 -1 0
293 155 -1 0
292 155 -1 0
291 155 -1 0
290 155 -1 0
289 155 -1 0
176 155 -1 1
175 155 -1 1
174 155 -1 1
173 155 -1 1
172 155 -1 1
171 155 -1 1
170 155 -1 1
169 155 -1 1
168 155 -1 1
167 155 -1 1
166 155 -1 1
165 155 -1 1
298 154 -1 0
297 154 -1 0
296 154 -1 0
295 154 -1 0
294 154 -1 0
293 154 -1 0
292 154 -1 0
291 154 -1 0
290 154 -1 0
289 154 -1 0
288 154 -1 0
175 154 -1 1
174 154 -1 1
173 154 -1 1
172 154 -1 1
171 154 -1 1
170 154 -1 1
169 154 -1 1
168 154 -1 1
167 154 -1 1
166 154 -1 1
165 154 -1 1
164 154 -1 1
297 153 -1 0
296 153 -1 0
295 153 -1 0
294 153 -1 0
293 153 -1 0
292 153 -1 0
291 153 -1 0
290 153 -1 0
289 153 -1 0
288 153 -1 0
174 153 -1 1
173 153 -1 1
172 153 -1 1
171 153 -1 1
170 153 -1 1
169 153 -1 1
168 153 -1 1
167 153 -1 1
166 153 -1 1
165 153 -1 1
164 153 -1 1
297 152 -1 0
296 152 -1 0
295 152 -1 0
294 152 -1 0
293 152 -1 0
292 152 -1 0
291 152 -1 0
290 152 -1 0
289 152 -1 0
288 152 -1 0
287 152 -1 0
174 152 -1 1
173 152 -1 1
172 152 -1 1
171 152 -1 1
170 152 -1 1
169 152 -1 1
168 152 -1 1
167 152 -1 1
166 152 -1 1
165 152 -1 1
297 151 -1 0
296 151 -1 0
295 151 -1 0
294 151 -1 0
293 151 -1 0
292 151 -1 0
291 151 -1 0
290 151 -1 0
289 151 -1 0
288 151 -1 0
287 151 -1 0
173 151 -1 1
172 151 -1 1
171 151 -1 1
170 151 -1 1
169 151 -1 1
168 151 -1 1
167 151 -1 1
166 151 -1 1
165 151 -1 1
296 150 -1 0
295 150 -1 0
294 150 -1 0
293 150 -1 0
292 150 -1 0
291 150 -1 0
290 150 -1 0
289 150 -1 0
288 150 -1 0
287 150 -1 0
173 150 -1 1
172 150 -1 1
171 150 -1 1
170 150 -1 1
169 150 -1 1
168 150 -1 1
167 150 -1 1
166 150 -1 1
165 150 -1 1
296 149 -1 0
295 149 -1 0
294 149 -1 0
293 149 -1 0
292 149 -1 0
291 149 -1 0
290 149 -1 0
289 149 -1 0
288 149 -1 0
287 149 -1 0
286 149 -1 0
172 149 -1 1
171 149 -1 1
170 149 -1 1
169 149 -1 1
168 149 -1 1
167 149 -1 1
166 149 -1 1
296 148 -1 0
295 148 -1 0
294 148 -1 0
293 148 -1 0
292 148 -1 0
291 148 -1 0
290 148 -1 0
289 148 -1 0
288 148 -1 0
287 148 -1 0
169 148 -1 1
295 147 -1 0
294 147 -1 0
293 147 -1 0
292 147 -1 0
291 147 -1 0
290 147 -1 0
289 147 -1 0
288 147 -1 0
287 147 -1 0
295 146 -1 0
294 146 -1 0
293 146 -1 0
292 146 -1 0
291 146 -1 0
290 146 -1 0
289 146 -1 0
288 146 -1 0
287 146 -1 0
296 145 -1 0
295 145 -1 0
294 145 -1 0
293 145 -1 0
292 145 -1 0
291 145 -1 0
290 145 -1 0
289 145 -1 0
288 145 -1 0
287 145 -1 0
286 145 -1 0
295 144 -1 0
294 144 -1 0
293 144 -1 0
292 144 -1 0
291 144 -1 0
290 144 -1 0
289 144 -1 0
288 144 -1 0
287 144 -1 0
286 144 -1 0
295 143 -1 0
294 143 -1 0
293 143 -1 0
292 143 -1 0
291 143 -1 0
290 143 -1 0
289 143 -1 0
288 143 -1 0
287 143 -1 0
286 143 -1 0
295 142 -1 0
294 142 -1 0
293 142 -1 0
292 142 -1 0
291 142 -1 0
290 142 -1 0
289 142 -1 0
288 142 -1 0
287 142 -1 0
286 142 -1 0
285 142 -1 0
294 141 -1 0
293 141 -1 0
292 141 -1 0
291 141 -1 0
290 141 -1 0
289 141 -1 0
288 141 -1 0
287 141 -1 0
286 141 -1 0
294 140 -1 0
293 140 -1 0
292 140 -1 0
291 140 -1 0
290 140 -1 0
289 140 -1 0
288 140 -1 0
287 140 -1 0
286 140 -1 0
285 140 -1 0
294 139 -1 0
293 139 -1 0
292 139 -1 0
291 139 -1 0
290 139 -1 0
289 139 -1 0
288 139 -1 0
287 139 -1 0
286 139 -1 0
285 139 -1 0
284 139 -1 0
293 138 -1 0
292 138 -1 0
291 138 -1 0
290 138 -1 0
289 138 -1 0
288 138 -1 0
287 138 -1 0
286 138 -1 0
285 138 -1 0
284 138 -1 0
292 137 -1 0
291 137 -1 0
290 137 -1 0
289 137 -1 0
288 137 -1 0
287 137 -1 0
286 137 -1 0
285 137 -1 0
284 137 -1 0
293 136 -1 0
292 136 -1 0
291 136 -1 0
290 136 -1 0
289 136 -1 0
288 136 -1 0
287 136 -1 0
286 136 -1 0
285 136 -1 0
284 136 -1 0
283 136 -1 0
292 135 -1 0
291 135 -1 0
290 135 -1 0
289 135 -1 0
288 135 -1 0
287 135 -1 0
286 135 -1 0
285 135 -1 0
284 135 -1 0
292 134 -1 0
291 134 -1 0
290 134 -1 0
289 134 -1 0
288 134 -1 0
287 134 -1 0
286 134 -1 0
285 134 -1 0
284 134 -1 0
292 133 -1 0
291 133 -1 0
290 133 -1 0
289 133 -1 0
288 133 -1 0
287 133 -1 0
286 133 -1 0
285 133 -1 0
284 133 -1 0
291 132 -1 0
290 132 -1 0
289 132 -1 0
288 132 -1 0
287 132 -1 0
286 132 -1 0
285 132 -1 0
284 132 -1 0
283 132 -1 0
291 131 -1 0
290 131 -1 0
289 131 -1 0
288 131 -1 0
287 131 -1 0
286 131 -1 0
285 131 -1 0
284 131 -1 0
283 131 -1 0
291 130 -1 0
290 130 -1 0
289 130 -1 0
288 130 -1 0
287 130 -1 0
286 130 -1 0
285 130 -1 0
284 130 -1 0
283 130 -1 0
292 129 -1 0
291 129 -1 0
290 129 -1 0
289 129 -1 0
288 129 -1 0
287 129 -1 0
286 129 -1 0
285 129 -1 0
284 129 -1 0
283 129 -1 0
282 129 -1 0
291 128 -1 0
290 128 -1 0
289 128 -1 0
288 128 -1 0
287 128 -1 0
286 128 -1 0
285 128 -1 0
284 128 -1 0
283 128 -1 0
291 127 -1 0
290 127 -1 0
289 127 -1 0
288 127 -1 0
287 127 -1 0
286 127 -1 0
285 127 -1 0
284 127 -1 0
283 127 -1 0
282 127 -1 0
291 126 -1 0
290 126 -1 0
289 126 -1 0
288 126 -1 0
287 126 -1 0
286 126 -1 0
285 126 -1 0
284 126 -1 0
283 126 -1 0
282 126 -1 0
290 125 -1 0
289 125 -1 0
288 125 -1 0
287 125 -1 0
286 125 -1 0
285 125 -1 0
284 125 -1 0
283 125 -1 0
282 125 -1 0
281 125 -1 0
291 124 -1 0
290 124 -1 0
289 124 -1 0
288 124 -1 0
287 124 -1 0
286 124 -1 0
285 124 -1 0
284 124 -1 0
283 124 -1 0
282 124 -1 0
281 124 -1 0
290 123 -1 0
289 123 -1 0
288 123 -1 0
287 123 -1 0
286 123 -1 0
285 123 -1 0
284 123 -1 0
283 123 -1 0
282 123 -1 0
281 123 -1 0
290 122 -1 0
289 122 -1 0
288 122 -1 0
287 122 -1 0
286 122 -1 0
285 122 -1 0
284 122 -1 0
283 122 -1 0
282 122 -1 0
281 122 -1 0
280 122 -1 0
290 121 -1 0
289 121 -1 0
288 121 -1 0
287 121 -1 0
286 121 -1 0
285 121 -1 0
284 121 -1 0
283 121 -1 0
282 121 -1 0
281 121 -1 0
289 120 -1 0
288 120 -1 0
287 120 -1 0
286 120 -1 0
285 120 -1 0
284 120 -1 0
283 120 -1 0
282 120 -1 0
281 120 -1 0
280 120 -1 0
289 119 -1 0
288 119 -1 0
287 119 -1 0
286 119 -1 0
285 119 -1 0
284 119 -1 0
283 119 -1 0
282 119 -1 0
281 119 -1 0
280 119 -1 0
279 119 -1 0
288 118 -1 0
287 118 -1 0
286 118 -1 0
285 118 -1 0
284 118 -1 0
283 118 -1 0
282 118 -1 0
281 118 -1 0
280 118 -1 0
279 118 -1 0
287 117 -1 0
286 117 -1 0
285 117 -1 0
284 117 -1 0
283 117 -1 0
282 117 -1 0
281 117 -1 0
280 117 -1 0
279 117 -1 0
288 116 -1 0
287 116 -1 0
286 116 -1 0
285 116 -1 0
284 116 -1 0
283 116 -1 0
282 116 -1 0
281 116 -1 0
280 116 -1 0
279 116 -1 0
278 116 -1 0
287 115 -1 0
286 115 -1 0
285 115 -1 0
284 115 -1 0
283 115 -1 0
282 115 -1 0
281 115 -1 0
280 115 -1 0
279 115 -1 0
287 114 -1 0
286 114 -1 0
285 114 -1 0
284 114 -1 0
283 114 -1 0
282 114 -1 0
281 114 -1 0
280 114 -1 0
279 114 -1 0
287 113 -1 0
286 113 -1 0
285 113 -1 0
284 113 -1 0
283 113 -1 0
282 113 -1 0
281 113 -1 0
280 113 -1 0
279 113 -1 0
288 112 -1 0
287 112 -1 0
286 112 -1 0
285 112 -1 0
284 112 -1 0
283 112 -1 0
282 112 -1 0
281 112 -1 0
280 112 -1 0
279 112 -1 0
278 112 -1 0
287 111 -1 0
286 111 -1 0
285 111 -1 0
284 111 -1 0
283 111 -1 0
282 111 -1 0
281 111 -1 0
280 111 -1 0
279 111 -1 0
287 110 -1 0
286 110 -1 0
285 110 -1 0
284 110 -1 0
283 110 -1 0
282 110 -1 0
281 110 -1 0
280 110 -1 0
279 110 -1 0
288 109 -1 0
287 109 -1 0
286 109 -1 0
285 109 -1 0
284 109 -1 0
283 109 -1 0
282 109 -1 0
281 109 -1 0
280 109 -1 0
279 109 -1 0
278 109 -1 0
287 108 -1 0
286 108 -1 0
285 108 -1 0
284 108 -1 0
283 108 -1 0
282 108 -1 0
281 108 -1 0
280 108 -1 0
279 108 -1 0
287 107 -1 0
286 107 -1 0
285 107 -1 0
284 107 -1 0
283 107 -1 0
282 107 -1 0
281 107 -1 0
280 107 -1 0
279 107 -1 0
287 106 -1 0
286 106 -1 0
285 106 -1 0
284 106 -1 0
283 106 -1 0
282 106 -1 0
281 106 -1 0
280 106 -1 0
279 106 -1 0
288 105 -1 0
287 105 -1 0
286 105 -1 0
285 105 -1 0
284 105 -1 0
283 105 -1 0
282 105 -1 0
281 105 -1 0
280 105 -1 0
279 105 -1 0
278 105 -1 0
287 104 -1 0
286 104 -1 0
285 104 -1 0
284 104 -1 0
283 104 -1 0
282 104 -1 0
281 104 -1 0
280 104 -1 0
279 104 -1 0
287 103 -1 0
286 103 -1 0
285 103 -1 0
284 103 -1 0
283 103 -1 0
282 103 -1 0
281 103 -1 0
280 103 -1 0
279 103 -1 0
287 102 -1 0
286 102 -1 0
285 102 -1 0
284 102 -1 0
283 102 -1 0
282 102 -1 0
281 102 -1 0
280 102 -1 0
279 102 -1 0
286 101 -1 0
285 101 -1 0
284 101 -1 0
283 101 -1 0
282 101 -1 0
281 101 -1 0
280 101 -1 0
283 100 -1 0
