2661 408 341
323 221 -1 0
322 221 -1 0
326 220 -1 0
325 220 -1 0
324 220 -1 0
323 220 -1 0
322 220 -1 0
321 220 -1 0
320 220 -1 0
319 220 -1 0
327 219 -1 0
326 219 -1 0
325 219 -1 0
324 219 -1 0
323 219 -1 0
322 219 -1 0
321 219 -1 0
320 219 -1 0
319 219 -1 0
318 219 -1 0
328 218 -1 0
327 218 -1 0
326 218 -1 0
325 218 -1 0
324 218 -1 0
323 218 -1 0
322 218 -1 0
321 218 -1 0
320 218 -1 0
319 218 -1 0
318 218 -1 0
329 217 -1 0
328 217 -1 0
327 217 -1 0
326 217 -1 0
325 217 -1 0
324 217 -1 0
323 217 -1 0
322 217 -1 0
321 217 -1 0
320 217 -1 0
319 217 -1 0
318 217 -1 0
329 216 -1 0
328 216 -1 0
327 216 -1 0
326 216 -1 0
325 216 -1 0
324 216 -1 0
323 216 -1 0
322 216 -1 0
321 216 -1 0
320 216 -1 0
319 216 -1 0
318 216 -1 0
317 216 -1 0
329 215 -1 0
328 215 -1 0
327 215 -1 0
326 215 -1 0
325 215 -1 0
324 215 -1 0
323 215 -1 0
322 215 -1 0
321 215 -1 0
320 215 -1 0
319 215 -1 0
318 215 -1 0
330 214 -1 0
329 214 -1 0
328 214 -1 0
327 214 -1 0
326 214 -1 0
325 214 -1 0
324 214 -1 0
323 214 -1 0
322 214 -1 0
321 214 -1 0
320 214 -1 0
319 214 -1 0
318 214 -1 0
330 213 -1 0
329 213 -1 0
328 213 -1 0
327 213 -1 0
326 213 -1 0
325 213 -1 0
324 213 -1 0
323 213 -1 0
322 213 -1 0
321 213 -1 0
320 213 -1 0
319 213 -1 0
318 213 -1 0
331 212 -1 0
330 212 -1 0
329 212 -1 0
328 212 -1 0
327 212 -1 0
326 212 -1 0
325 212 -1 0
324 212 -1 0
323 212 -1 0
322 212 -1 0
321 212 -1 0
320 212 -1 0
319 212 -1 0
331 211 -1 0
330 211 -1 0
329 211 -1 0
328 211 -1 0
327 211 -1 0
326 211 -1 0
325 211 -1 0
324 211 -1 0
323 211 -1 0
322 211 -1 0
321 211 -1 0
332 210 -1 0
331 210 -1 0
330 210 -1 0
329 210 -1 0
328 210 -1 0
327 210 -1 0
326 210 -1 0
325 210 -1 0
324 210 -1 0
323 210 -1 0
322 210 -1 0
321 210 -1 0
333 209 -1 0
332 209 -1 0
331 209 -1 0
330 209 -1 0
329 209 -1 0
328 209 -1 0
327 209 -1 0
326 209 -1 0
325 209 -1 0
324 209 -1 0
323 209 -1 0
322 209 -1 0
321 209 -1 0
333 208 -1 0
332 208 -1 0
331 208 -1 0
330 208 -1 0
329 208 -1 0
328 208 -1 0
327 208 -1 0
326 208 -1 0
325 208 -1 0
324 208 -1 0
323 208 -1 0
322 208 -1 0
200 208 -1 0
334 207 -1 0
333 207 -1 0
332 207 -1 0
331 207 -1 0
330 207 -1 0
329 207 -1 0
328 207 -1 0
327 207 -1 0
326 207 -1 0
325 207 -1 0
324 207 -1 0
323 207 -1 0
203 207 -1 0
202 207 -1 0
201 207 -1 0
200 207 -1 0
199 207 -1 0
198 207 -1 0
197 207 -1 0
335 206 -1 0
334 206 -1 0
333 206 -1 0
332 206 -1 0
331 206 -1 0
330 206 -1 0
329 206 -1 0
328 206 -1 0
327 206 -1 0
326 206 -1 0
325 206 -1 0
324 206 -1 0
323 206 -1 0
204 206 -1 0
203 206 -1 0
202 206 -1 0
201 206 -1 0
200 206 -1 0
199 206 -1 0
198 206 -1 0
197 206 -1 0
196 206 -1 0
336 205 -1 0
335 205 -1 0
334 205 -1 0
333 205 -1 0
332 205 -1 0
331 205 -1 0
330 205 -1 0
329 205 -1 0
328 205 -1 0
327 205 -1 0
326 205 -1 0
325 205 -1 0
324 205 -1 0
204 205 -1 0
203 205 -1 0
202 205 -1 0
201 205 -1 0
200 205 -1 0
199 205 -1 0
198 205 -1 0
197 205 -1 0
196 205 -1 0
336 204 -1 0
335 204 -1 0
334 204 -1 0
333 204 -1 0
332 204 -1 0
331 204 -1 0
330 204 -1 0
329 204 -1 0
328 204 -1 0
327 204 -1 0
326 204 -1 0
325 204 -1 0
204 204 -1 0
203 204 -1 0
202 204 -1 0
201 204 -1 0
200 204 -1 0
199 204 -1 0
198 204 -1 0
197 204 -1 0
196 204 -1 0
336 203 -1 0
335 203 -1 0
334 203 -1 0
333 203 -1 0
332 203 -1 0
331 203 -1 0
330 203 -1 0
329 203 -1 0
328 203 -1 0
327 203 -1 0
326 203 -1 0
325 203 -1 0
205 203 -1 0
204 203 -1 0
203 203 -1 0
202 203 -1 0
201 203 -1 0
200 203 -1 0
199 203 -1 0
198 203 -1 0
197 203 -1 0
196 203 -1 0
195 203 -1 0
337 202 -1 0
336 202 -1 0
335 202 -1 0
334 202 -1 0
333 202 -1 0
332 202 -1 0
331 202 -1 0
330 202 -1 0
329 202 -1 0
328 202 -1 0
327 202 -1 0
326 202 -1 0
204 202 -1 0
203 202 -1 0
202 202 -1 0
201 202 -1 0
200 202 -1 0
199 202 -1 0
198 202 -1 0
197 202 -1 0
196 202 -1 0
336 201 -1 0
335 201 -1 0
334 201 -1 0
333 201 -1 0
332 201 -1 0
331 201 -1 0
330 201 -1 0
329 201 -1 0
328 201 -1 0
327 201 -1 0
205 201 -1 0
204 201 -1 0
203 201 -1 0
202 201 -1 0
201 201 -1 0
200 201 -1 0
199 201 -1 0
198 201 -1 0
197 201 -1 0
196 201 -1 0
195 201 -1 0
336 200 -1 0
335 200 -1 0
334 200 -1 0
333 200 -1 0
332 200 -1 0
331 200 -1 0
330 200 -1 0
329 200 -1 0
328 200 -1 0
327 200 -1 0
205 200 -1 0
204 200 -1 0
203 200 -1 0
202 200 -1 0
201 200 -1 0
200 200 -1 0
199 200 -1 0
198 200 -1 0
197 200 -1 0
196 200 -1 0
195 200 -1 0
337 199 -1 0
336 199 -1 0
335 199 -1 0
334 199 -1 0
333 199 -1 0
332 199 -1 0
331 199 -1 0
330 199 -1 0
329 199 -1 0
328 199 -1 0
205 199 -1 0
204 199 -1 0
203 199 -1 0
202 199 -1 0
201 199 -1 0
200 199 -1 0
199 199 -1 0
198 199 -1 0
197 199 -1 0
196 199 -1 0
337 198 -1 0
336 198 -1 0
335 198 -1 0
334 198 -1 0
333 198 -1 0
332 198 -1 0
331 198 -1 0
330 198 -1 0
329 198 -1 0
206 198 -1 0
205 198 -1 0
204 198 -1 0
203 198 -1 0
202 198 -1 0
201 198 -1 0
200 198 -1 0
199 198 -1 0
198 198 -1 0
197 198 -1 0
196 198 -1 0
195 198 -1 0
337 197 -1 0
336 197 -1 0
335 197 -1 0
334 197 -1 0
333 197 -1 0
332 197 -1 0
331 197 -1 0
330 197 -1 0
329 197 -1 0
206 197 -1 0
205 197 -1 0
204 197 -1 0
203 197 -1 0
202 197 -1 0
201 197 -1 0
200 197 -1 0
199 197 -1 0
198 197 -1 0
197 197 -1 0
196 197 -1 0
338 196 -1 0
337 196 -1 0
336 196 -1 0
335 196 -1 0
334 196 -1 0
333 196 -1 0
332 196 -1 0
331 196 -1 0
330 196 -1 0
329 196 -1 0
328 196 -1 0
206 196 -1 0
205 196 -1 0
204 196 -1 0
203 196 -1 0
202 196 -1 0
201 196 -1 0
200 196 -1 0
199 196 -1 0
198 196 -1 0
197 196 -1 0
196 196 -1 0
338 195 -1 0
337 195 -1 0
336 195 -1 0
335 195 -1 0
334 195 -1 0
333 195 -1 0
332 195 -1 0
331 195 -1 0
330 195 -1 0
329 195 -1 0
207 195 -1 0
206 195 -1 0
205 195 -1 0
204 195 -1 0
203 195 -1 0
202 195 -1 0
201 195 -1 0
200 195 -1 0
199 195 -1 0
198 195 -1 0
197 195 -1 0
196 195 -1 0
338 194 -1 0
337 194 -1 0
336 194 -1 0
335 194 -1 0
334 194 -1 0
333 194 -1 0
332 194 -1 0
331 194 -1 0
330 194 -1 0
329 194 -1 0
277 194 -1 1
207 194 -1 0
206 194 -1 0
205 194 -1 0
204 194 -1 0
203 194 -1 0
202 194 -1 0
201 194 -1 0
200 194 -1 0
199 194 -1 0
198 194 -1 0
197 194 -1 0
339 193 -1 0
338 193 -1 0
337 193 -1 0
336 193 -1 0
335 193 -1 0
334 193 -1 0
333 193 -1 0
332 193 -1 0
331 193 -1 0
330 193 -1 0
329 193 -1 0
280 193 -1 1
279 193 -1 1
278 193 -1 1
277 193 -1 1
276 193 -1 1
275 193 -1 1
274 193 -1 1
207 193 -1 0
206 193 -1 0
205 193 -1 0
204 193 -1 0
203 193 -1 0
202 193 -1 0
201 193 -1 0
200 193 -1 0
199 193 -1 0
198 193 -1 0
339 192 -1 0
338 192 -1 0
337 192 -1 0
336 192 -1 0
335 192 -1 0
334 192 -1 0
333 192 -1 0
332 192 -1 0
331 192 -1 0
330 192 -1 0
329 192 -1 0
282 192 -1 1
281 192 -1 1
280 192 -1 1
279 192 -1 1
278 192 -1 1
277 192 -1 1
276 192 -1 1
275 192 -1 1
274 192 -1 1
273 192 -1 1
208 192 -1 0
207 192 -1 0
206 192 -1 0
205 192 -1 0
204 192 -1 0
203 192 -1 0
202 192 -1 0
201 192 -1 0
200 192 -1 0
199 192 -1 0
198 192 -1 0
339 191 -1 0
338 191 -1 0
337 191 -1 0
336 191 -1 0
335 191 -1 0
334 191 -1 0
333 191 -1 0
332 191 -1 0
331 191 -1 0
330 191 -1 0
284 191 -1 1
283 191 -1 1
282 191 -1 1
281 191 -1 1
280 191 -1 1
279 191 -1 1
278 191 -1 1
277 191 -1 1
276 191 -1 1
275 191 -1 1
274 191 -1 1
273 191 -1 1
207 191 -1 0
206 191 -1 0
205 191 -1 0
204 191 -1 0
203 191 -1 0
202 191 -1 0
201 191 -1 0
200 191 -1 0
199 191 -1 0
198 191 -1 0
339 190 -1 0
338 190 -1 0
337 190 -1 0
336 190 -1 0
335 190 -1 0
334 190 -1 0
333 190 -1 0
332 190 -1 0
331 190 -1 0
330 190 -1 0
285 190 -1 1
284 190 -1 1
283 190 -1 1
282 190 -1 1
281 190 -1 1
280 190 -1 1
279 190 -1 1
278 190 -1 1
277 190 -1 1
276 190 -1 1
275 190 -1 1
274 190 -1 1
273 190 -1 1
207 190 -1 0
206 190 -1 0
205 190 -1 0
204 190 -1 0
203 190 -1 0
202 190 -1 0
201 190 -1 0
200 190 -1 0
199 190 -1 0
340 189 -1 0
339 189 -1 0
338 189 -1 0
337 189 -1 0
336 189 -1 0
335 189 -1 0
334 189 -1 0
333 189 -1 0
332 189 -1 0
331 189 -1 0
330 189 -1 0
285 189 -1 1
284 189 -1 1
283 189 -1 1
282 189 -1 1
281 189 -1 1
280 189 -1 1
279 189 -1 1
278 189 -1 1
277 189 -1 1
276 189 -1 1
275 189 -1 1
274 189 -1 1
273 189 -1 1
272 189 -1 1
207 189 -1 0
206 189 -1 0
205 189 -1 0
204 189 -1 0
203 189 -1 0
202 189 -1 0
201 189 -1 0
200 189 -1 0
199 189 -1 0
340 188 -1 0
339 188 -1 0
338 188 -1 0
337 188 -1 0
336 188 -1 0
335 188 -1 0
334 188 -1 0
333 188 -1 0
332 188 -1 0
331 188 -1 0
330 188 -1 0
286 188 -1 1
285 188 -1 1
284 188 -1 1
283 188 -1 1
282 188 -1 1
281 188 -1 1
280 188 -1 1
279 188 -1 1
278 188 -1 1
277 188 -1 1
276 188 -1 1
275 188 -1 1
274 188 -1 1
273 188 -1 1
208 188 -1 0
207 188 -1 0
206 188 -1 0
205 188 -1 0
204 188 -1 0
203 188 -1 0
202 188 -1 0
201 188 -1 0
200 188 -1 0
199 188 -1 0
198 188 -1 0
341 187 -1 0
340 187 -1 0
339 187 -1 0
338 187 -1 0
337 187 -1 0
336 187 -1 0
335 187 -1 0
334 187 -1 0
333 187 -1 0
332 187 -1 0
331 187 -1 0
287 187 -1 1
286 187 -1 1
285 187 -1 1
284 187 -1 1
283 187 -1 1
282 187 -1 1
281 187 -1 1
280 187 -1 1
279 187 -1 1
278 187 -1 1
277 187 -1 1
276 187 -1 1
275 187 -1 1
274 187 -1 1
273 187 -1 1
207 187 -1 0
206 187 -1 0
205 187 -1 0
204 187 -1 0
203 187 -1 0
202 187 -1 0
201 187 -1 0
200 187 -1 0
199 187 -1 0
342 186 -1 0
341 186 -1 0
340 186 -1 0
339 186 -1 0
338 186 -1 0
337 186 -1 0
336 186 -1 0
335 186 -1 0
334 186 -1 0
333 186 -1 0
332 186 -1 0
331 186 -1 0
288 186 -1 1
287 186 -1 1
286 186 -1 1
285 186 -1 1
284 186 -1 1
283 186 -1 1
282 186 -1 1
281 186 -1 1
280 186 -1 1
279 186 -1 1
278 186 -1 1
277 186 -1 1
276 186 -1 1
275 186 -1 1
274 186 -1 1
273 186 -1 1
207 186 -1 0
206 186 -1 0
205 186 -1 0
204 186 -1 0
203 186 -1 0
202 186 -1 0
201 186 -1 0
200 186 -1 0
199 186 -1 0
342 185 -1 0
341 185 -1 0
340 185 -1 0
339 185 -1 0
338 185 -1 0
337 185 -1 0
336 185 -1 0
335 185 -1 0
334 185 -1 0
333 185 -1 0
332 185 -1 0
331 185 -1 0
288 185 -1 1
287 185 -1 1
286 185 -1 1
285 185 -1 1
284 185 -1 1
283 185 -1 1
282 185 -1 1
281 185 -1 1
280 185 -1 1
279 185 -1 1
278 185 -1 1
277 185 -1 1
276 185 -1 1
275 185 -1 1
274 185 -1 1
208 185 -1 0
207 185 -1 0
206 185 -1 0
205 185 -1 0
204 185 -1 0
203 185 -1 0
202 185 -1 0
201 185 -1 0
200 185 -1 0
199 185 -1 0
198 185 -1 0
342 184 -1 0
341 184 -1 0
340 184 -1 0
339 184 -1 0
338 184 -1 0
337 184 -1 0
336 184 -1 0
335 184 -1 0
334 184 -1 0
333 184 -1 0
332 184 -1 0
288 184 -1 1
287 184 -1 1
286 184 -1 1
285 184 -1 1
284 184 -1 1
283 184 -1 1
282 184 -1 1
281 184 -1 1
280 184 -1 1
279 184 -1 1
278 184 -1 1
277 184 -1 1
276 184 -1 1
208 184 -1 0
207 184 -1 0
206 184 -1 0
205 184 -1 0
204 184 -1 0
203 184 -1 0
202 184 -1 0
201 184 -1 0
200 184 -1 0
199 184 -1 0
198 184 -1 0
343 183 -1 0
342 183 -1 0
341 183 -1 0
340 183 -1 0
339 183 -1 0
338 183 -1 0
337 183 -1 0
336 183 -1 0
335 183 -1 0
334 183 -1 0
333 183 -1 0
332 183 -1 0
289 183 -1 1
288 183 -1 1
287 183 -1 1
286 183 -1 1
285 183 -1 1
284 183 -1 1
283 183 -1 1
282 183 -1 1
281 183 -1 1
280 183 -1 1
279 183 -1 1
278 183 -1 1
277 183 -1 1
208 183 -1 0
207 183 -1 0
206 183 -1 0
205 183 -1 0
204 183 -1 0
203 183 -1 0
202 183 -1 0
201 183 -1 0
200 183 -1 0
199 183 -1 0
343 182 -1 0
342 182 -1 0
341 182 -1 0
340 182 -1 0
339 182 -1 0
338 182 -1 0
337 182 -1 0
336 182 -1 0
335 182 -1 0
334 182 -1 0
333 182 -1 0
288 182 -1 1
287 182 -1 1
286 182 -1 1
285 182 -1 1
284 182 -1 1
283 182 -1 1
282 182 -1 1
281 182 -1 1
280 182 -1 1
279 182 -1 1
278 182 -1 1
277 182 -1 1
209 182 -1 0
208 182 -1 0
207 182 -1 0
206 182 -1 0
205 182 -1 0
204 182 -1 0
203 182 -1 0
202 182 -1 0
201 182 -1 0
200 182 -1 0
199 182 -1 0
343 181 -1 0
342 181 -1 0
341 181 -1 0
340 181 -1 0
339 181 -1 0
338 181 -1 0
337 181 -1 0
336 181 -1 0
335 181 -1 0
334 181 -1 0
288 181 -1 1
287 181 -1 1
286 181 -1 1
285 181 -1 1
284 181 -1 1
283 181 -1 1
282 181 -1 1
281 181 -1 1
280 181 -1 1
279 181 -1 1
278 181 -1 1
209 181 -1 0
208 181 -1 0
207 181 -1 0
206 181 -1 0
205 181 -1 0
204 181 -1 0
203 181 -1 0
202 181 -1 0
201 181 -1 0
200 181 -1 0
199 181 -1 0
343 180 -1 0
342 180 -1 0
341 180 -1 0
340 180 -1 0
339 180 -1 0
338 180 -1 0
337 180 -1 0
336 180 -1 0
335 180 -1 0
334 180 -1 0
289 180 -1 1
288 180 -1 1
287 180 -1 1
286 180 -1 1
285 180 -1 1
284 180 -1 1
283 180 -1 1
282 180 -1 1
281 180 -1 1
280 180 -1 1
279 180 -1 1
210 180 -1 0
209 180 -1 0
208 180 -1 0
207 180 -1 0
206 180 -1 0
205 180 -1 0
204 180 -1 0
203 180 -1 0
202 180 -1 0
201 180 -1 0
200 180 -1 0
344 179 -1 0
343 179 -1 0
342 179 -1 0
341 179 -1 0
340 179 -1 0
339 179 -1 0
338 179 -1 0
337 179 -1 0
336 179 -1 0
335 179 -1 0
334 179 -1 0
289 179 -1 1
288 179 -1 1
287 179 -1 1
286 179 -1 1
285 179 -1 1
284 179 -1 1
283 179 -1 1
282 179 -1 1
281 179 -1 1
280 179 -1 1
279 179 -1 1
211 179 -1 0
210 179 -1 0
209 179 -1 0
208 179 -1 0
207 179 -1 0
206 179 -1 0
205 179 -1 0
204 179 -1 0
203 179 -1 0
202 179 -1 0
201 179 -1 0
200 179 -1 0
344 178 -1 0
343 178 -1 0
342 178 -1 0
341 178 -1 0
340 178 -1 0
339 178 -1 0
338 178 -1 0
337 178 -1 0
336 178 -1 0
335 178 -1 0
289 178 -1 1
288 178 -1 1
287 178 -1 1
286 178 -1 1
285 178 -1 1
284 178 -1 1
283 178 -1 1
282 178 -1 1
281 178 -1 1
280 178 -1 1
279 178 -1 1
211 178 -1 0
210 178 -1 0
209 178 -1 0
208 178 -1 0
207 178 -1 0
206 178 -1 0
205 178 -1 0
204 178 -1 0
203 178 -1 0
202 178 -1 0
201 178 -1 0
344 177 -1 0
343 177 -1 0
342 177 -1 0
341 177 -1 0
340 177 -1 0
339 177 -1 0
338 177 -1 0
337 177 -1 0
336 177 -1 0
335 177 -1 0
289 177 -1 1
288 177 -1 1
287 177 -1 1
286 177 -1 1
285 177 -1 1
284 177 -1 1
283 177 -1 1
282 177 -1 1
281 177 -1 1
280 177 -1 1
279 177 -1 1
211 177 -1 0
210 177 -1 0
209 177 -1 0
208 177 -1 0
207 177 -1 0
206 177 -1 0
205 177 -1 0
204 177 -1 0
203 177 -1 0
202 177 -1 0
201 177 -1 0
345 176 -1 0
344 176 -1 0
343 176 -1 0
342 176 -1 0
341 176 -1 0
340 176 -1 0
339 176 -1 0
338 176 -1 0
337 176 -1 0
336 176 -1 0
335 176 -1 0
290 176 -1 1
289 176 -1 1
288 176 -1 1
287 176 -1 1
286 176 -1 1
285 176 -1 1
284 176 -1 1
283 176 -1 1
282 176 -1 1
281 176 -1 1
280 176 -1 1
212 176 -1 0
211 176 -1 0
210 176 -1 0
209 176 -1 0
208 176 -1 0
207 176 -1 0
206 176 -1 0
205 176 -1 0
204 176 -1 0
203 176 -1 0
202 176 -1 0
201 176 -1 0
345 175 -1 0
344 175 -1 0
343 175 -1 0
342 175 -1 0
341 175 -1 0
340 175 -1 0
339 175 -1 0
338 175 -1 0
337 175 -1 0
336 175 -1 0
335 175 -1 0
290 175 -1 1
289 175 -1 1
288 175 -1 1
287 175 -1 1
286 175 -1 1
285 175 -1 1
284 175 -1 1
283 175 -1 1
282 175 -1 1
281 175 -1 1
280 175 -1 1
211 175 -1 0
210 175 -1 0
209 175 -1 0
208 175 -1 0
207 175 -1 0
206 175 -1 0
205 175 -1 0
204 175 -1 0
203 175 -1 0
202 175 -1 0
345 174 -1 0
344 174 -1 0
343 174 -1 0
342 174 -1 0
341 174 -1 0
340 174 -1 0
339 174 -1 0
338 174 -1 0
337 174 -1 0
336 174 -1 0
335 174 -1 0
291 174 -1 1
290 174 -1 1
289 174 -1 1
288 174 -1 1
287 174 -1 1
286 174 -1 1
285 174 -1 1
284 174 -1 1
283 174 -1 1
282 174 -1 1
281 174 -1 1
280 174 -1 1
211 174 -1 0
210 174 -1 0
209 174 -1 0
208 174 -1 0
207 174 -1 0
206 174 -1 0
205 174 -1 0
204 174 -1 0
203 174 -1 0
346 173 -1 0
345 173 -1 0
344 173 -1 0
343 173 -1 0
342 173 -1 0
341 173 -1 0
340 173 -1 0
339 173 -1 0
338 173 -1 0
337 173 -1 0
336 173 -1 0
291 173 -1 1
290 173 -1 1
289 173 -1 1
288 173 -1 1
287 173 -1 1
286 173 -1 1
285 173 -1 1
284 173 -1 1
283 173 -1 1
282 173 -1 1
281 173 -1 1
211 173 -1 0
210 173 -1 0
209 173 -1 0
208 173 -1 0
207 173 -1 0
206 173 -1 0
205 173 -1 0
204 173 -1 0
203 173 -1 0
345 172 -1 0
344 172 -1 0
343 172 -1 0
342 172 -1 0
341 172 -1 0
340 172 -1 0
339 172 -1 0
338 172 -1 0
337 172 -1 0
336 172 -1 0
291 172 -1 1
290 172 -1 1
289 172 -1 1
288 172 -1 1
287 172 -1 1
286 172 -1 1
285 172 -1 1
284 172 -1 1
283 172 -1 1
282 172 -1 1
281 172 -1 1
212 172 -1 0
211 172 -1 0
210 172 -1 0
209 172 -1 0
208 172 -1 0
207 172 -1 0
206 172 -1 0
205 172 -1 0
204 172 -1 0
203 172 -1 0
202 172 -1 0
346 171 -1 0
345 171 -1 0
344 171 -1 0
343 171 -1 0
342 171 -1 0
341 171 -1 0
340 171 -1 0
339 171 -1 0
338 171 -1 0
337 171 -1 0
336 171 -1 0
292 171 -1 1
291 171 -1 1
290 171 -1 1
289 171 -1 1
288 171 -1 1
287 171 -1 1
286 171 -1 1
285 171 -1 1
284 171 -1 1
283 171 -1 1
282 171 -1 1
281 171 -1 1
212 171 -1 0
211 171 -1 0
210 171 -1 0
209 171 -1 0
208 171 -1 0
207 171 -1 0
206 171 -1 0
205 171 -1 0
204 171 -1 0
203 171 -1 0
346 170 -1 0
345 170 -1 0
344 170 -1 0
343 170 -1 0
342 170 -1 0
341 170 -1 0
340 170 -1 0
339 170 -1 0
338 170 -1 0
337 170 -1 0
292 170 -1 1
291 170 -1 1
290 170 -1 1
289 170 -1 1
288 170 -1 1
287 170 -1 1
286 170 -1 1
285 170 -1 1
284 170 -1 1
283 170 -1 1
282 170 -1 1
212 170 -1 0
211 170 -1 0
210 170 -1 0
209 170 -1 0
208 170 -1 0
207 170 -1 0
206 170 -1 0
205 170 -1 0
204 170 -1 0
203 170 -1 0
347 169 -1 0
346 169 -1 0
345 169 -1 0
344 169 -1 0
343 169 -1 0
342 169 -1 0
341 169 -1 0
340 169 -1 0
339 169 -1 0
338 169 -1 0
337 169 -1 0
292 169 -1 1
291 169 -1 1
290 169 -1 1
289 169 -1 1
288 169 -1 1
287 169 -1 1
286 169 -1 1
285 169 -1 1
284 169 -1 1
283 169 -1 1
282 169 -1 1
213 169 -1 0
212 169 -1 0
211 169 -1 0
210 169 -1 0
209 169 -1 0
208 169 -1 0
207 169 -1 0
206 169 -1 0
205 169 -1 0
204 169 -1 0
203 169 -1 0
347 168 -1 0
346 168 -1 0
345 168 -1 0
344 168 -1 0
343 168 -1 0
342 168 -1 0
341 168 -1 0
340 168 -1 0
339 168 -1 0
338 168 -1 0
337 168 -1 0
292 168 -1 1
291 168 -1 1
290 168 -1 1
289 168 -1 1
288 168 -1 1
287 168 -1 1
286 168 -1 1
285 168 -1 1
284 168 -1 1
283 168 -1 1
282 168 -1 1
213 168 -1 0
212 168 -1 0
211 168 -1 0
210 168 -1 0
209 168 -1 0
208 168 -1 0
207 168 -1 0
206 168 -1 0
205 168 -1 0
204 168 -1 0
203 168 -1 0
347 167 -1 0
346 167 -1 0
345 167 -1 0
344 167 -1 0
343 167 -1 0
342 167 -1 0
341 167 -1 0
340 167 -1 0
339 167 -1 0
338 167 -1 0
292 167 -1 1
291 167 -1 1
290 167 -1 1
289 167 -1 1
288 167 -1 1
287 167 -1 1
286 167 -1 1
285 167 -1 1
284 167 -1 1
283 167 -1 1
282 167 -1 1
212 167 -1 0
211 167 -1 0
210 167 -1 0
209 167 -1 0
208 167 -1 0
207 167 -1 0
206 167 -1 0
205 167 -1 0
204 167 -1 0
348 166 -1 0
347 166 -1 0
346 166 -1 0
345 166 -1 0
344 166 -1 0
343 166 -1 0
342 166 -1 0
341 166 -1 0
340 166 -1 0
339 166 -1 0
338 166 -1 0
292 166 -1 1
291 166 -1 1
290 166 -1 1
289 166 -1 1
288 166 -1 1
287 166 -1 1
286 166 -1 1
285 166 -1 1
284 166 -1 1
283 166 -1 1
282 166 -1 1
212 166 -1 0
211 166 -1 0
210 166 -1 0
209 166 -1 0
208 166 -1 0
207 166 -1 0
206 166 -1 0
205 166 -1 0
204 166 -1 0
348 165 -1 0
347 165 -1 0
346 165 -1 0
345 165 -1 0
344 165 -1 0
343 165 -1 0
342 165 -1 0
341 165 -1 0
340 165 -1 0
339 165 -1 0
292 165 -1 1
291 165 -1 1
290 165 -1 1
289 165 -1 1
288 165 -1 1
287 165 -1 1
286 165 -1 1
285 165 -1 1
284 165 -1 1
283 165 -1 1
282 165 -1 1
213 165 -1 0
212 165 -1 0
211 165 -1 0
210 165 -1 0
209 165 -1 0
208 165 -1 0
207 165 -1 0
206 165 -1 0
205 165 -1 0
204 165 -1 0
348 164 -1 0
347 164 -1 0
346 164 -1 0
345 164 -1 0
344 164 -1 0
343 164 -1 0
342 164 -1 0
341 164 -1 0
340 164 -1 0
339 164 -1 0
292 164 -1 1
291 164 -1 1
290 164 -1 1
289 164 -1 1
288 164 -1 1
287 164 -1 1
286 164 -1 1
285 164 -1 1
284 164 -1 1
283 164 -1 1
213 164 -1 0
212 164 -1 0
211 164 -1 0
210 164 -1 0
209 164 -1 0
208 164 -1 0
207 164 -1 0
206 164 -1 0
205 164 -1 0
349 163 -1 0
348 163 -1 0
347 163 -1 0
346 163 -1 0
345 163 -1 0
344 163 -1 0
343 163 -1 0
342 163 -1 0
341 163 -1 0
340 163 -1 0
339 163 -1 0
293 163 -1 1
292 163 -1 1
291 163 -1 1
290 163 -1 1
289 163 -1 1
288 163 -1 1
287 163 -1 1
286 163 -1 1
285 163 -1 1
284 163 -1 1
283 163 -1 1
213 163 -1 0
212 163 -1 0
211 163 -1 0
210 163 -1 0
209 163 -1 0
208 163 -1 0
207 163 -1 0
206 163 -1 0
205 163 -1 0
348 162 -1 0
347 162 -1 0
346 162 -1 0
345 162 -1 0
344 162 -1 0
343 162 -1 0
342 162 -1 0
341 162 -1 0
340 162 -1 0
293 162 -1 1
292 162 -1 1
291 162 -1 1
290 162 -1 1
289 162 -1 1
288 162 -1 1
287 162 -1 1
286 162 -1 1
285 162 -1 1
284 162 -1 1
283 162 -1 1
215 162 -1 0
214 162 -1 0
213 162 -1 0
212 162 -1 0
211 162 -1 0
210 162 -1 0
209 162 -1 0
208 162 -1 0
207 162 -1 0
206 162 -1 0
205 162 -1 0
204 162 -1 0
349 161 -1 0
348 161 -1 0
347 161 -1 0
346 161 -1 0
345 161 -1 0
344 161 -1 0
343 161 -1 0
342 161 -1 0
341 161 -1 0
340 161 -1 0
339 161 -1 0
292 161 -1 1
291 161 -1 1
290 161 -1 1
289 161 -1 1
288 161 -1 1
287 161 -1 1
286 161 -1 1
285 161 -1 1
284 161 -1 1
216 161 -1 0
215 161 -1 0
214 161 -1 0
213 161 -1 0
212 161 -1 0
211 161 -1 0
210 161 -1 0
209 161 -1 0
208 161 -1 0
207 161 -1 0
206 161 -1 0
205 161 -1 0
348 160 -1 0
347 160 -1 0
346 160 -1 0
345 160 -1 0
344 160 -1 0
343 160 -1 0
342 160 -1 0
341 160 -1 0
340 160 -1 0
293 160 -1 1
292 160 -1 1
291 160 -1 1
290 160 -1 1
289 160 -1 1
288 160 -1 1
287 160 -1 1
286 160 -1 1
285 160 -1 1
284 160 -1 1
283 160 -1 1
216 160 -1 0
215 160 -1 0
214 160 -1 0
213 160 -1 0
212 160 -1 0
211 160 -1 0
210 160 -1 0
209 160 -1 0
208 160 -1 0
207 160 -1 0
206 160 -1 0
205 160 -1 0
349 159 -1 0
348 159 -1 0
347 159 -1 0
346 159 -1 0
345 159 -1 0
344 159 -1 0
343 159 -1 0
342 159 -1 0
341 159 -1 0
340 159 -1 0
339 159 -1 0
293 159 -1 1
292 159 -1 1
291 159 -1 1
290 159 -1 1
289 159 -1 1
288 159 -1 1
287 159 -1 1
286 159 -1 1
285 159 -1 1
284 159 -1 1
283 159 -1 1
216 159 -1 0
215 159 -1 0
214 159 -1 0
213 159 -1 0
212 159 -1 0
211 159 -1 0
210 159 -1 0
209 159 -1 0
208 159 -1 0
207 159 -1 0
206 159 -1 0
205 159 -1 0
348 158 -1 0
347 158 -1 0
346 158 -1 0
345 158 -1 0
344 158 -1 0
343 158 -1 0
342 158 -1 0
341 158 -1 0
340 158 -1 0
293 158 -1 1
292 158 -1 1
291 158 -1 1
290 158 -1 1
289 158 -1 1
288 158 -1 1
287 158 -1 1
286 158 -1 1
285 158 -1 1
284 158 -1 1
283 158 -1 1
217 158 -1 0
216 158 -1 0
215 158 -1 0
214 158 -1 0
213 158 -1 0
212 158 -1 0
211 158 -1 0
210 158 -1 0
209 158 -1 0
208 158 -1 0
207 158 -1 0
206 158 -1 0
349 157 -1 0
348 157 -1 0
347 157 -1 0
346 157 -1 0
345 157 -1 0
344 157 -1 0
343 157 -1 0
342 157 -1 0
341 157 -1 0
340 157 -1 0
294 157 -1 1
293 157 -1 1
292 157 -1 1
291 157 -1 1
290 157 -1 1
289 157 -1 1
288 157 -1 1
287 157 -1 1
286 157 -1 1
285 157 -1 1
284 157 -1 1
217 157 -1 0
216 157 -1 0
215 157 -1 0
214 157 -1 0
213 157 -1 0
212 157 -1 0
211 157 -1 0
210 157 -1 0
209 157 -1 0
208 157 -1 0
207 157 -1 0
349 156 -1 0
348 156 -1 0
347 156 -1 0
346 156 -1 0
345 156 -1 0
344 156 -1 0
343 156 -1 0
342 156 -1 0
341 156 -1 0
340 156 -1 0
339 156 -1 0
294 156 -1 1
293 156 -1 1
292 156 -1 1
291 156 -1 1
290 156 -1 1
289 156 -1 1
288 156 -1 1
287 156 -1 1
286 156 -1 1
285 156 -1 1
284 156 -1 1
219 156 -1 0
218 156 -1 0
217 156 -1 0
216 156 -1 0
215 156 -1 0
214 156 -1 0
213 156 -1 0
212 156 -1 0
211 156 -1 0
210 156 -1 0
209 156 -1 0
208 156 -1 0
207 156 -1 0
349 155 -1 0
348 155 -1 0
347 155 -1 0
346 155 -1 0
345 155 -1 0
344 155 -1 0
343 155 -1 0
342 155 -1 0
341 155 -1 0
340 155 -1 0
294 155 -1 1
293 155 -1 1
292 155 -1 1
291 155 -1 1
290 155 -1 1
289 155 -1 1
288 155 -1 1
287 155 -1 1
286 155 -1 1
285 155 -1 1
284 155 -1 1
220 155 -1 0
219 155 -1 0
218 155 -1 0
217 155 -1 0
216 155 -1 0
215 155 -1 0
214 155 -1 0
213 155 -1 0
212 155 -1 0
211 155 -1 0
210 155 -1 0
209 155 -1 0
208 155 -1 0
207 155 -1 0
350 154 -1 0
349 154 -1 0
348 154 -1 0
347 154 -1 0
346 154 -1 0
345 154 -1 0
344 154 -1 0
343 154 -1 0
342 154 -1 0
341 154 -1 0
340 154 -1 0
295 154 -1 1
294 154 -1 1
293 154 -1 1
292 154 -1 1
291 154 -1 1
290 154 -1 1
289 154 -1 1
288 154 -1 1
287 154 -1 1
286 154 -1 1
285 154 -1 1
220 154 -1 0
219 154 -1 0
218 154 -1 0
217 154 -1 0
216 154 -1 0
215 154 -1 0
214 154 -1 0
213 154 -1 0
212 154 -1 0
211 154 -1 0
210 154 -1 0
209 154 -1 0
208 154 -1 0
349 153 -1 0
348 153 -1 0
347 153 -1 0
346 153 -1 0
345 153 -1 0
344 153 -1 0
343 153 -1 0
342 153 -1 0
341 153 -1 0
340 153 -1 0
295 153 -1 1
294 153 -1 1
293 153 -1 1
292 153 -1 1
291 153 -1 1
290 153 -1 1
289 153 -1 1
288 153 -1 1
287 153 -1 1
286 153 -1 1
285 153 -1 1
221 153 -1 0
220 153 -1 0
219 153 -1 0
218 153 -1 0
217 153 -1 0
216 153 -1 0
215 153 -1 0
214 153 -1 0
213 153 -1 0
212 153 -1 0
211 153 -1 0
210 153 -1 0
209 153 -1 0
208 153 -1 0
350 152 -1 0
349 152 -1 0
348 152 -1 0
347 152 -1 0
346 152 -1 0
345 152 -1 0
344 152 -1 0
343 152 -1 0
342 152 -1 0
341 152 -1 0
340 152 -1 0
295 152 -1 1
294 152 -1 1
293 152 -1 1
292 152 -1 1
291 152 -1 1
290 152 -1 1
289 152 -1 1
288 152 -1 1
287 152 -1 1
286 152 -1 1
285 152 -1 1
222 152 -1 0
221 152 -1 0
220 152 -1 0
219 152 -1 0
218 152 -1 0
217 152 -1 0
216 152 -1 0
215 152 -1 0
214 152 -1 0
213 152 -1 0
212 152 -1 0
211 152 -1 0
210 152 -1 0
209 152 -1 0
208 152 -1 0
349 151 -1 0
348 151 -1 0
347 151 -1 0
346 151 -1 0
345 151 -1 0
344 151 -1 0
343 151 -1 0
342 151 -1 0
341 151 -1 0
295 151 -1 1
294 151 -1 1
293 151 -1 1
292 151 -1 1
291 151 -1 1
290 151 -1 1
289 151 -1 1
288 151 -1 1
287 151 -1 1
286 151 -1 1
285 151 -1 1
222 151 -1 0
221 151 -1 0
220 151 -1 0
219 151 -1 0
218 151 -1 0
217 151 -1 0
216 151 -1 0
215 151 -1 0
214 151 -1 0
213 151 -1 0
212 151 -1 0
211 151 -1 0
210 151 -1 0
209 151 -1 0
350 150 -1 0
349 150 -1 0
348 150 -1 0
347 150 -1 0
346 150 -1 0
345 150 -1 0
344 150 -1 0
343 150 -1 0
342 150 -1 0
341 150 -1 0
340 150 -1 0
296 150 -1 1
295 150 -1 1
294 150 -1 1
293 150 -1 1
292 150 -1 1
291 150 -1 1
290 150 -1 1
289 150 -1 1
288 150 -1 1
287 150 -1 1
286 150 -1 1
285 150 -1 1
223 150 -1 0
222 150 -1 0
221 150 -1 0
220 150 -1 0
219 150 -1 0
218 150 -1 0
217 150 -1 0
216 150 -1 0
215 150 -1 0
214 150 -1 0
213 150 -1 0
212 150 -1 0
211 150 -1 0
210 150 -1 0
349 149 -1 0
348 149 -1 0
347 149 -1 0
346 149 -1 0
345 149 -1 0
344 149 -1 0
343 149 -1 0
342 149 -1 0
341 149 -1 0
296 149 -1 1
295 149 -1 1
294 149 -1 1
293 149 -1 1
292 149 -1 1
291 149 -1 1
290 149 -1 1
289 149 -1 1
288 149 -1 1
287 149 -1 1
286 149 -1 1
224 149 -1 0
223 149 -1 0
222 149 -1 0
221 149 -1 0
220 149 -1 0
219 149 -1 0
218 149 -1 0
217 149 -1 0
216 149 -1 0
215 149 -1 0
214 149 -1 0
213 149 -1 0
212 149 -1 0
211 149 -1 0
349 148 -1 0
348 148 -1 0
347 148 -1 0
346 148 -1 0
345 148 -1 0
344 148 -1 0
343 148 -1 0
342 148 -1 0
341 148 -1 0
296 148 -1 1
295 148 -1 1
294 148 -1 1
293 148 -1 1
292 148 -1 1
291 148 -1 1
290 148 -1 1
289 148 -1 1
288 148 -1 1
287 148 -1 1
286 148 -1 1
225 148 -1 0
224 148 -1 0
223 148 -1 0
222 148 -1 0
221 148 -1 0
220 148 -1 0
219 148 -1 0
218 148 -1 0
217 148 -1 0
216 148 -1 0
215 148 -1 0
214 148 -1 0
213 148 -1 0
212 148 -1 0
349 147 -1 0
348 147 -1 0
347 147 -1 0
346 147 -1 0
345 147 -1 0
344 147 -1 0
343 147 -1 0
342 147 -1 0
341 147 -1 0
296 147 -1 1
295 147 -1 1
294 147 -1 1
293 147 -1 1
292 147 -1 1
291 147 -1 1
290 147 -1 1
289 147 -1 1
288 147 -1 1
287 147 -1 1
286 147 -1 1
225 147 -1 0
224 147 -1 0
223 147 -1 0
222 147 -1 0
221 147 -1 0
220 147 -1 0
219 147 -1 0
218 147 -1 0
217 147 -1 0
216 147 -1 0
215 147 -1 0
214 147 -1 0
213 147 -1 0
212 147 -1 0
348 146 -1 0
347 146 -1 0
346 146 -1 0
345 146 -1 0
344 146 -1 0
343 146 -1 0
342 146 -1 0
297 146 -1 1
296 146 -1 1
295 146 -1 1
294 146 -1 1
293 146 -1 1
292 146 -1 1
291 146 -1 1
290 146 -1 1
289 146 -1 1
288 146 -1 1
287 146 -1 1
226 146 -1 0
225 146 -1 0
224 146 -1 0
223 146 -1 0
222 146 -1 0
221 146 -1 0
220 146 -1 0
219 146 -1 0
218 146 -1 0
217 146 -1 0
216 146 -1 0
215 146 -1 0
214 146 -1 0
213 146 -1 0
212 146 -1 0
345 145 -1 0
297 145 -1 1
296 145 -1 1
295 145 -1 1
294 145 -1 1
293 145 -1 1
292 145 -1 1
291 145 -1 1
290 145 -1 1
289 145 -1 1
288 145 -1 1
287 145 -1 1
226 145 -1 0
225 145 -1 0
224 145 -1 0
223 145 -1 0
222 145 -1 0
221 145 -1 0
220 145 -1 0
219 145 -1 0
218 145 -1 0
217 145 -1 0
216 145 -1 0
215 145 -1 0
214 145 -1 0
213 145 -1 0
297 144 -1 1
296 144 -1 1
295 144 -1 1
294 144 -1 1
293 144 -1 1
292 144 -1 1
291 144 -1 1
290 144 -1 1
289 144 -1 1
288 144 -1 1
287 144 -1 1
226 144 -1 0
225 144 -1 0
224 144 -1 0
223 144 -1 0
222 144 -1 0
221 144 -1 0
220 144 -1 0
219 144 -1 0
218 144 -1 0
217 144 -1 0
216 144 -1 0
215 144 -1 0
214 144 -1 0
213 144 -1 0
298 143 -1 1
297 143 -1 1
296 143 -1 1
295 143 -1 1
294 143 -1 1
293 143 -1 1
292 143 -1 1
291 143 -1 1
290 143 -1 1
289 143 -1 1
288 143 -1 1
227 143 -1 0
226 143 -1 0
225 143 -1 0
224 143 -1 0
223 143 -1 0
222 143 -1 0
221 143 -1 0
220 143 -1 0
219 143 -1 0
218 143 -1 0
217 143 -1 0
216 143 -1 0
215 143 -1 0
214 143 -1 0
213 143 -1 0
212 143 -1 0
298 142 -1 1
297 142 -1 1
296 142 -1 1
295 142 -1 1
294 142 -1 1
293 142 -1 1
292 142 -1 1
291 142 -1 1
290 142 -1 1
289 142 -1 1
288 142 -1 1
228 142 -1 0
227 142 -1 0
226 142 -1 0
225 142 -1 0
224 142 -1 0
223 142 -1 0
222 142 -1 0
221 142 -1 0
220 142 -1 0
219 142 -1 0
218 142 -1 0
217 142 -1 0
216 142 -1 0
215 142 -1 0
214 142 -1 0
213 142 -1 0
212 142 -1 0
301 141 -1 1
300 141 -1 1
299 141 -1 1
298 141 -1 1
297 141 -1 1
296 141 -1 1
295 141 -1 1
294 141 -1 1
293 141 -1 1
292 141 -1 1
291 141 -1 1
290 141 -1 1
289 141 -1 1
288 141 -1 1
228 141 -1 0
227 141 -1 0
226 141 -1 0
225 141 -1 0
224 141 -1 0
223 141 -1 0
222 141 -1 0
221 141 -1 0
220 141 -1 0
219 141 -1 0
218 141 -1 0
217 141 -1 0
216 141 -1 0
215 141 -1 0
214 141 -1 0
213 141 -1 0
302 140 -1 1
301 140 -1 1
300 140 -1 1
299 140 -1 1
298 140 -1 1
297 140 -1 1
296 140 -1 1
295 140 -1 1
294 140 -1 1
293 140 -1 1
292 140 -1 1
291 140 -1 1
290 140 -1 1
289 140 -1 1
288 140 -1 1
228 140 -1 0
227 140 -1 0
226 140 -1 0
225 140 -1 0
224 140 -1 0
223 140 -1 0
222 140 -1 0
221 140 -1 0
220 140 -1 0
219 140 -1 0
218 140 -1 0
217 140 -1 0
216 140 -1 0
215 140 -1 0
214 140 -1 0
213 140 -1 0
212 140 -1 0
302 139 -1 1
301 139 -1 1
300 139 -1 1
299 139 -1 1
298 139 -1 1
297 139 -1 1
296 139 -1 1
295 139 -1 1
294 139 -1 1
293 139 -1 1
292 139 -1 1
291 139 -1 1
290 139 -1 1
289 139 -1 1
288 139 -1 1
229 139 -1 0
228 139 -1 0
227 139 -1 0
226 139 -1 0
225 139 -1 0
224 139 -1 0
223 139 -1 0
222 139 -1 0
221 139 -1 0
220 139 -1 0
219 139 -1 0
218 139 -1 0
217 139 -1 0
216 139 -1 0
215 139 -1 0
214 139 -1 0
213 139 -1 0
302 138 -1 1
301 138 -1 1
300 138 -1 1
299 138 -1 1
298 138 -1 1
297 138 -1 1
296 138 -1 1
295 138 -1 1
294 138 -1 1
293 138 -1 1
292 138 -1 1
291 138 -1 1
290 138 -1 1
289 138 -1 1
228 138 -1 0
227 138 -1 0
226 138 -1 0
225 138 -1 0
224 138 -1 0
223 138 -1 0
222 138 -1 0
221 138 -1 0
220 138 -1 0
219 138 -1 0
218 138 -1 0
217 138 -1 0
216 138 -1 0
215 138 -1 0
214 138 -1 0
213 138 -1 0
303 137 -1 1
302 137 -1 1
301 137 -1 1
300 137 -1 1
299 137 -1 1
298 137 -1 1
297 137 -1 1
296 137 -1 1
295 137 -1 1
294 137 -1 1
293 137 -1 1
292 137 -1 1
291 137 -1 1
290 137 -1 1
289 137 -1 1
229 137 -1 0
228 137 -1 0
227 137 -1 0
226 137 -1 0
225 137 -1 0
224 137 -1 0
223 137 -1 0
222 137 -1 0
221 137 -1 0
220 137 -1 0
219 137 -1 0
218 137 -1 0
217 137 -1 0
216 137 -1 0
215 137 -1 0
214 137 -1 0
213 137 -1 0
302 136 -1 1
301 136 -1 1
300 136 -1 1
299 136 -1 1
298 136 -1 1
297 136 -1 1
296 136 -1 1
295 136 -1 1
294 136 -1 1
293 136 -1 1
292 136 -1 1
291 136 -1 1
290 136 -1 1
289 136 -1 1
229 136 -1 0
228 136 -1 0
227 136 -1 0
226 136 -1 0
225 136 -1 0
224 136 -1 0
223 136 -1 0
222 136 -1 0
221 136 -1 0
220 136 -1 0
219 136 -1 0
218 136 -1 0
217 136 -1 0
216 136 -1 0
215 136 -1 0
214 136 -1 0
302 135 -1 1
301 135 -1 1
300 135 -1 1
299 135 -1 1
298 135 -1 1
297 135 -1 1
296 135 -1 1
295 135 -1 1
294 135 -1 1
293 135 -1 1
292 135 -1 1
291 135 -1 1
290 135 -1 1
231 135 -1 0
230 135 -1 0
229 135 -1 0
228 135 -1 0
227 135 -1 0
226 135 -1 0
225 135 -1 0
224 135 -1 0
223 135 -1 0
222 135 -1 0
221 135 -1 0
220 135 -1 0
219 135 -1 0
218 135 -1 0
217 135 -1 0
216 135 -1 0
215 135 -1 0
302 134 -1 1
301 134 -1 1
300 134 -1 1
299 134 -1 1
298 134 -1 1
297 134 -1 1
296 134 -1 1
295 134 -1 1
294 134 -1 1
293 134 -1 1
292 134 -1 1
291 134 -1 1
232 134 -1 0
231 134 -1 0
230 134 -1 0
229 134 -1 0
228 134 -1 0
227 134 -1 0
226 134 -1 0
225 134 -1 0
224 134 -1 0
223 134 -1 0
222 134 -1 0
221 134 -1 0
220 134 -1 0
219 134 -1 0
218 134 -1 0
301 133 -1 1
300 133 -1 1
299 133 -1 1
298 133 -1 1
297 133 -1 1
296 133 -1 1
295 133 -1 1
294 133 -1 1
293 133 -1 1
292 133 -1 1
233 133 -1 0
232 133 -1 0
231 133 -1 0
230 133 -1 0
229 133 -1 0
228 133 -1 0
227 133 -1 0
226 133 -1 0
225 133 -1 0
224 133 -1 0
223 133 -1 0
222 133 -1 0
221 133 -1 0
220 133 -1 0
298 132 -1 1
297 132 -1 1
295 132 -1 1
236 132 -1 0
235 132 -1 0
234 132 -1 0
233 132 -1 0
232 132 -1 0
231 132 -1 0
230 132 -1 0
229 132 -1 0
228 132 -1 0
227 132 -1 0
226 132 -1 0
225 132 -1 0
224 132 -1 0
223 132 -1 0
222 132 -1 0
221 132 -1 0
237 131 -1 0
236 131 -1 0
235 131 -1 0
234 131 -1 0
233 131 -1 0
232 131 -1 0
231 131 -1 0
230 131 -1 0
229 131 -1 0
228 131 -1 0
227 131 -1 0
226 131 -1 0
225 131 -1 0
224 131 -1 0
223 131 -1 0
222 131 -1 0
221 131 -1 0
237 130 -1 0
236 130 -1 0
235 130 -1 0
234 130 -1 0
233 130 -1 0
232 130 -1 0
231 130 -1 0
230 130 -1 0
229 130 -1 0
228 130 -1 0
227 130 -1 0
226 130 -1 0
225 130 -1 0
224 130 -1 0
223 130 -1 0
222 130 -1 0
237 129 -1 0
236 129 -1 0
235 129 -1 0
234 129 -1 0
233 129 -1 0
232 129 -1 0
231 129 -1 0
230 129 -1 0
229 129 -1 0
228 129 -1 0
227 129 -1 0
226 129 -1 0
225 129 -1 0
224 129 -1 0
238 128 -1 0
237 128 -1 0
236 128 -1 0
235 128 -1 0
234 128 -1 0
233 128 -1 0
232 128 -1 0
231 128 -1 0
230 128 -1 0
229 128 -1 0
228 128 -1 0
227 128 -1 0
226 128 -1 0
225 128 -1 0
224 128 -1 0
240 127 -1 0
239 127 -1 0
238 127 -1 0
237 127 -1 0
236 127 -1 0
235 127 -1 0
234 127 -1 0
233 127 -1 0
232 127 -1 0
231 127 -1 0
230 127 -1 0
229 127 -1 0
228 127 -1 0
227 127 -1 0
226 127 -1 0
225 127 -1 0
241 126 -1 0
240 126 -1 0
239 126 -1 0
238 126 -1 0
237 126 -1 0
236 126 -1 0
235 126 -1 0
234 126 -1 0
233 126 -1 0
232 126 -1 0
231 126 -1 0
230 126 -1 0
229 126 -1 0
228 126 -1 0
243 125 -1 0
241 125 -1 0
240 125 -1 0
239 125 -1 0
238 125 -1 0
237 125 -1 0
236 125 -1 0
235 125 -1 0
234 125 -1 0
233 125 -1 0
232 125 -1 0
231 125 -1 0
230 125 -1 0
229 125 -1 0
246 124 -1 0
245 124 -1 0
244 124 -1 0
243 124 -1 0
242 124 -1 0
241 124 -1 0
240 124 -1 0
239 124 -1 0
238 124 -1 0
237 124 -1 0
236 124 -1 0
235 124 -1 0
234 124 -1 0
233 124 -1 0
232 124 -1 0
231 124 -1 0
230 124 -1 0
247 123 -1 0
246 123 -1 0
245 123 -1 0
244 123 -1 0
243 123 -1 0
242 123 -1 0
241 123 -1 0
240 123 -1 0
239 123 -1 0
238 123 -1 0
237 123 -1 0
236 123 -1 0
235 123 -1 0
234 123 -1 0
233 123 -1 0
232 123 -1 0
247 122 -1 0
246 122 -1 0
245 122 -1 0
244 122 -1 0
243 122 -1 0
242 122 -1 0
241 122 -1 0
240 122 -1 0
239 122 -1 0
238 122 -1 0
237 122 -1 0
236 122 -1 0
235 122 -1 0
234 122 -1 0
233 122 -1 0
247 121 -1 0
246 121 -1 0
245 121 -1 0
244 121 -1 0
243 121 -1 0
242 121 -1 0
241 121 -1 0
240 121 -1 0
239 121 -1 0
238 121 -1 0
237 121 -1 0
236 121 -1 0
235 121 -1 0
234 121 -1 0
233 121 -1 0
248 120 -1 0
247 120 -1 0
246 120 -1 0
245 120 -1 0
244 120 -1 0
243 120 -1 0
242 120 -1 0
241 120 -1 0
240 120 -1 0
239 120 -1 0
238 120 -1 0
237 120 -1 0
236 120 -1 0
235 120 -1 0
234 120 -1 0
233 120 -1 0
247 119 -1 0
246 119 -1 0
245 119 -1 0
244 119 -1 0
243 119 -1 0
242 119 -1 0
241 119 -1 0
240 119 -1 0
239 119 -1 0
238 119 -1 0
237 119 -1 0
236 119 -1 0
235 119 -1 0
234 119 -1 0
247 118 -1 0
246 118 -1 0
245 118 -1 0
244 118 -1 0
243 118 -1 0
242 118 -1 0
241 118 -1 0
240 118 -1 0
239 118 -1 0
237 118 -1 0
247 117 -1 0
246 117 -1 0
245 117 -1 0
244 117 -1 0
243 117 -1 0
242 117 -1 0
241 117 -1 0
240 117 -1 0
239 117 -1 0
246 116 -1 0
245 116 -1 0
244 116 -1 0
243 116 -1 0
242 116 -1 0
241 116 -1 0
240 116 -1 0
243 115 -1 0
